execute if entity @s[tag=aj.tultaria.bone.head] run data modify entity @s {} merge value {transformation:[-0.8406599652684257f,-0.1997926777560664f,0.5033624029563093f,0f,0f,0.9294617825478448f,0.36891841209538834f,1.705301647731117f,-0.5415633137453915f,0.3101349394989919f,-0.7813613098350003f,0f,0f,0f,0f,1f],start_interpolation:0}
execute if entity @s[tag=aj.tultaria.bone.bust] run data modify entity @s {} merge value {transformation:[-0.5233911607530495f,0.42604626886219044f,0.7379337840444641f,-0.061244151148939885f,0f,0.8660254037844387f,-0.49999999999999994f,1.595926647731117f,-0.852092537724381f,-0.2616955803765247f,-0.45327004132836574f,0.037618739679125435f,0f,0f,0f,1f],start_interpolation:0}
execute if entity @s[tag=aj.tultaria.bone.left_wing] run data modify entity @s {} merge value {transformation:[-0.8096320779461129f,0f,0.5869377295426317f,0.1392235147626132f,0f,1f,0f,1.486551647731117f,-0.5869377295426317f,0f,-0.8096320779461129f,-0.012168111486357214f,0f,0f,0f,1f],start_interpolation:0}
execute if entity @s[tag=aj.tultaria.bone.right_wing] run data modify entity @s {} merge value {transformation:[-0.15746868388802127f,0f,0.9875239812756824f,0.07379961966848203f,0f,1f,0f,1.486551647731117f,-0.9875239812756824f,0f,-0.15746868388802127f,-0.11867967870190488f,0f,0f,0f,1f],start_interpolation:0}
execute if entity @s[tag=aj.tultaria.bone.body] run data modify entity @s {} merge value {transformation:[-0.5233911607530495f,0f,0.852092537724381f,-0.16435068848566575f,0f,1f,0f,0.4240516477311169f,-0.852092537724381f,0f,-0.5233911607530495f,0.6877418492387153f,0f,0f,0f,1f],start_interpolation:0}
execute if entity @s[tag=aj.tultaria.bone.right_ring] run data modify entity @s {} merge value {transformation:[0.10560833376519593f,0.06074814104795244f,-0.9925505242548398f,-0.23042465446015326f,-0.9865218895425575f,0.13185431395096361f,-0.09689685931908773f,1.5074447690906967f,0.12498576436027167f,0.9894059345141096f,0.07385428528893814f,-0.7905311510469397f,0f,0f,0f,1f],start_interpolation:0}
execute if entity @s[tag=aj.tultaria.bone.sword] run data modify entity @s {} merge value {transformation:[-0.3096633960097982f,-0.9502094955776254f,-0.03479217851462977f,-0.23856367102298992f,0.9448180294714708f,-0.311607855819194f,0.10109122304834994f,1.5128129648434245f,-0.10689935620632024f,-0.0015680261092761022f,0.9942686100530354f,-1.0118390915026545f,0f,0f,0f,1f],start_interpolation:0}
execute if entity @s[tag=aj.tultaria.bone.right_hand] run data modify entity @s {} merge value {transformation:[-0.3096633960097982f,0.06074814104795244f,0.9489037066693843f,-0.13197303492115592f,0.9448180294714708f,0.13185431395096361f,0.2998888645451303f,1.5561615866966407f,-0.10689935620632024f,0.9894059345141096f,-0.09822639355557891f,-0.6451451981749456f,0f,0f,0f,1f],start_interpolation:0}
execute if entity @s[tag=aj.tultaria.bone.right_arm] run data modify entity @s {} merge value {transformation:[-0.3096633960097982f,0.11785249683446786f,0.9435143719952339f,-0.17991571150886077f,0.9448180294714708f,0.14969644351341038f,0.291392975181426f,1.580301647731117f,-0.10689935620632024f,0.9816831279946284f,-0.1577046728963863f,-0.29290680984275597f,0f,0f,0f,1f],start_interpolation:0}
execute if entity @s[tag=aj.tultaria.bone.left_ring] run data modify entity @s {} merge value {transformation:[0.14077840266921984f,-0.5441564917583308f,-0.8270883591365368f,0.539680758174843f,0.9632570337637302f,0.2682876101546346f,-0.012555681670656405f,1.4606557213976297f,0.22872981494899844f,-0.7949311106723527f,0.5619316693679194f,0.5844251759339399f,0f,0f,0f,1f],start_interpolation:0}
execute if entity @s[tag=aj.tultaria.bone.left_hand] run data modify entity @s {} merge value {transformation:[-0.3096633960097982f,-0.5441564917583308f,0.7797450183546828f,0.5277574018083553f,-0.9448180294714706f,0.2682876101546346f,-0.1879910886801863f,1.484951495920524f,-0.10689935620632013f,-0.7949311106723527f,-0.5972077167350518f,0.40422896644747375f,0f,0f,0f,1f],start_interpolation:0}
execute if entity @s[tag=aj.tultaria.bone.left_arm] run data modify entity @s {} merge value {transformation:[-0.3096633960097982f,-0.7985280664056593f,0.5161990975719716f,0.17991571150886077f,-0.9448180294714706f,0.3194429885061988f,-0.07262966528819606f,1.611551647731117f,-0.10689935620632013f,-0.5102049629870993f,-0.8533835148314073f,0.29290680984275597f,0f,0f,0f,1f],start_interpolation:0}
execute if entity @s[tag=aj.tultaria.bone.leftfoot] run data modify entity @s {} merge value {transformation:[-0.5233911607530495f,0.004461525708547437f,0.8520808574507044f,-0.10751893375936689f,0f,0.9999862922474269f,-0.005235963831419638f,0.5486939348896975f,-0.852092537724381f,-0.0027404571873877043f,-0.5233839862365189f,0.2127403439388887f,0f,0f,0f,1f],start_interpolation:0}
execute if entity @s[tag=aj.tultaria.bone.leftleg] run data modify entity @s {} merge value {transformation:[-0.5233911607530495f,0.1350589934863302f,0.841320843153214f,0.08406341935685202f,0f,0.9873585390151003f,-0.15850273005209273f,0.9240516477311169f,-0.852092537724381f,-0.08295892786449208f,-0.5167747318145485f,0.09506238557407466f,0f,0f,0f,1f],start_interpolation:0}
execute if entity @s[tag=aj.tultaria.bone.rightfoot] run data modify entity @s {} merge value {transformation:[-0.48473979505762366f,0.06441090465292482f,0.8722835355830607f,-0.36899302097080583f,0.3771503484373121f,0.9152002244008288f,0.14200761926842714f,0.6340363934952893f,-0.7891672482820782f,0.39781878364208034f,-0.46792656434576213f,-0.05864759191965211f,0f,0f,0f,1f],start_interpolation:0}
execute if entity @s[tag=aj.tultaria.bone.rightleg] run data modify entity @s {} merge value {transformation:[-0.48473979505762366f,0.5084528916789126f,0.7116902331989986f,-0.04678437083141035f,0.3771503484373121f,0.8556529204717659f,-0.35442304434355265f,0.9240516477311169f,-0.7891672482820782f,0.0966112655516414f,-0.6065322065706018f,-0.11796074885702058f,0f,0f,0f,1f],start_interpolation:0}
execute if entity @s[tag=aj.tultaria.bone.skirt_right_back] run data modify entity @s {} merge value {transformation:[-0.15934072220850098f,0.44560750184129466f,0.8809338729716515f,0.06151255527033156f,0.6788551987732426f,0.6973372876137349f,-0.22994852989758455f,0.9069030156919775f,-0.7167748275048549f,0.5613863746175888f,-0.4136171962686098f,-0.22571081494692838f,0f,0f,0f,1f],start_interpolation:0}
execute if entity @s[tag=aj.tultaria.bone.skirt_right] run data modify entity @s {} merge value {transformation:[-0.15934072220850098f,0.4624370590645097f,0.8722170031877621f,-0.21768019063677402f,0.6788551987732426f,0.6927943531469001f,-0.2432932455829992f,0.9532438189021786f,-0.7167748275048549f,0.553342525612785f,-0.4243181542237498f,-0.16335445528182452f,0f,0f,0f,1f],start_interpolation:0}
execute if entity @s[tag=aj.tultaria.bone.skirt_left_back] run data modify entity @s {} merge value {transformation:[-0.5880691009716394f,0.08766352057376925f,0.8040459188647252f,0.23448252036514244f,-0.31586129738812535f,0.8902773402451217f,-0.32808215169125254f,0.9053808693734655f,-0.7445846985365051f,-0.44690196308215535f,-0.49585508175132964f,0.03523211653446362f,0f,0f,0f,1f],start_interpolation:0}
execute if entity @s[tag=aj.tultaria.bone.skirt_left] run data modify entity @s {} merge value {transformation:[-0.5880691009716394f,0.09170489518021874f,0.8035950128531119f,0.0211170264568048f,-0.31586129738812535f,0.8886165973257397f,-0.33255403135357486f,0.9532438189021786f,-0.7445846985365051f,-0.4493893135770023f,-0.4936019363293591f,0.2254127650549243f,0f,0f,0f,1f],start_interpolation:0}
execute if entity @s[tag=aj.tultaria.bone.skirt_back_middle] run data modify entity @s {} merge value {transformation:[-0.5233911607530495f,0.17605236906296648f,0.8337069366347463f,0.10830003152211864f,0f,0.9784229995268637f,-0.2066117953962327f,0.9394403873067116f,-0.852092537724381f,-0.1081387874177058f,-0.5120979494298457f,-0.06652244527259127f,0f,0f,0f,1f],start_interpolation:0}
execute if entity @s[tag=aj.tultaria.bone.skirt_front_middle] run data modify entity @s {} merge value {transformation:[-0.5233911607530495f,0.35232643246292195f,0.7758400465518172f,-0.1428234099944788f,0f,0.9105114904817666f,-0.41348376715497764f,1.0433635221047037f,-0.852092537724381f,-0.2164137488437874f,-0.4765536658822411f,0.08772815983033347f,0f,0f,0f,1f],start_interpolation:0}
execute if entity @s[tag=aj.tultaria.bone.lower] run data modify entity @s {} merge value {transformation:[-0.5233911607530495f,0f,0.852092537724381f,0f,0f,1f,0f,1.017801647731117f,-0.852092537724381f,0f,-0.5233911607530495f,0f,0f,0f,0f,1f],start_interpolation:0}