execute if entity @s[tag=aj.tultaria.bone.head] run data modify entity @s {} merge value {transformation:[-0.8445111518065631f,-0.1812714866509968f,0.5039261479638555f,0f,-1.3877787807814457e-17f,0.9409718426810479f,0.33848484645761195f,1.7231160882708472f,-0.5355379673509171f,0.28585422755098555f,-0.794661214680116f,0f,0f,0f,0f,1f],start_interpolation:0}
execute if entity @s[tag=aj.tultaria.bone.bust] run data modify entity @s {} merge value {transformation:[-0.46143895991919137f,0.44358597990375404f,0.7683134547185291f,-0.06376548461116466f,0f,0.8660254037844387f,-0.49999999999999994f,1.6137410882708472f,-0.8871719598075082f,-0.23071947995959566f,-0.39961786158588913f,0.03316592524419193f,0f,0f,0f,1f],start_interpolation:0}
execute if entity @s[tag=aj.tultaria.bone.left_wing] run data modify entity @s {} merge value {transformation:[-0.7658200212498376f,0f,0.6430549704752295f,0.13973642997088798f,0f,1f,0f,1.5043660882708472f,-0.6430549704752295f,0f,-0.7658200212498376f,-0.002231622501929653f,0f,0f,0f,1f],start_interpolation:0}
execute if entity @s[tag=aj.tultaria.bone.right_wing] run data modify entity @s {} merge value {transformation:[-0.08680799989543625f,0f,0.9962250604929359f,0.08205655998098904f,0f,1f,0f,1.5043660882708472f,-0.9962250604929359f,0f,-0.08680799989543625f,-0.11312811747786822f,0f,0f,0f,1f],start_interpolation:0}
execute if entity @s[tag=aj.tultaria.bone.body] run data modify entity @s {} merge value {transformation:[-0.46143895991919137f,0f,0.8871719598075082f,-0.2128664999441584f,0f,1f,0f,0.44186608827084717f,-0.8871719598075082f,0f,-0.46143895991919137f,0.6743054598633498f,0f,0f,0f,1f],start_interpolation:0}
execute if entity @s[tag=aj.tultaria.locator_origin.locator_right_hand] at @s on origin run tp @s ^-0.1762 ^1.51886 ^-1.08873 ~88.74705 ~17.52688
execute if entity @s[tag=aj.tultaria.bone.right_ring] run data modify entity @s {} merge value {transformation:[-0.9166336381941088f,-0.019045992892554355f,-0.3992743711857405f,-0.17213738076781968f,-0.39826387040905936f,0.12894035675549959f,0.9081631317811577f,1.525595979990715f,0.034185711310833325f,0.9914694319818946f,-0.1257763991680121f,-0.8058622746532721f,0f,0f,0f,1f],start_interpolation:0}
execute if entity @s[tag=aj.tultaria.locator_origin.locator_sword] at @s on origin run tp @s ^0.03517 ^1.41644 ^-2.33574 ~-170.12873 ~4.54511
execute if entity @s[tag=aj.tultaria.bone.sword] run data modify entity @s {} merge value {transformation:[-0.3012727988237496f,-0.93809876189818f,-0.17089591456207015f,-0.16248978604116987f,0.9448180294714708f,-0.31786678260547335f,0.07924392532990512f,1.5316213597885344f,-0.12866076276220095f,-0.13759150206733917f,0.9820972389149161f,-1.0270926621213645f,0f,0f,0f,1f],start_interpolation:0}
execute if entity @s[tag=aj.tultaria.bone.right_hand] run data modify entity @s {} merge value {transformation:[-0.3012727988237496f,-0.019045992892554355f,0.9533477596573252f,-0.08573696468940706f,0.9448180294714708f,0.12894035675549959f,0.30115324269449817f,1.573976027236371f,-0.12866076276220095f,0.9914694319818946f,-0.0208512246869913f,-0.6528999782205065f,0f,0f,0f,1f],start_interpolation:0}
execute if entity @s[tag=aj.tultaria.bone.right_arm] run data modify entity @s {} merge value {transformation:[-0.3012727988237496f,0.0477077853900329f,0.9523437761134804f,-0.15861964247222204f,0.9448180294714708f,0.14969644351341038f,0.291392975181426f,1.5981160882708472f,-0.12866076276220095f,0.9875803471174457f,-0.0901746422939052f,-0.30496536118383094f,0f,0f,0f,1f],start_interpolation:0}
execute if entity @s[tag=aj.tultaria.locator_origin.locator_left_hand] at @s on origin run tp @s ^0.6429 ^1.43254 ^0.85926 ~56.63145 ~-10.83557
execute if entity @s[tag=aj.tultaria.bone.left_ring] run data modify entity @s {} merge value {transformation:[-0.7842747345069858f,-0.4862186585822035f,-0.3853628898331021f,0.49673161099664864f,0.28572163051478944f,0.2682876101546346f,-0.9199917978403311f,1.4784701619373601f,0.5507052666081622f,-0.8316328362228352f,-0.0714880063087189f,0.6213419458287555f,0f,0f,0f,1f],start_interpolation:0}
execute if entity @s[tag=aj.tultaria.bone.left_hand] run data modify entity @s {} merge value {transformation:[-0.3012727988237496f,-0.4862186585822035f,0.8202597861259731f,0.4976593005424893f,-0.9448180294714706f,0.2682876101546346f,-0.1879910886801863f,1.5027659364602544f,-0.12866076276220081f,-0.8316328362228352f,-0.540215914094921f,0.4407540732225387f,0f,0f,0f,1f],start_interpolation:0}
execute if entity @s[tag=aj.tultaria.bone.left_arm] run data modify entity @s {} merge value {transformation:[-0.3012727988237496f,-0.7602036309649736f,0.5756084955562893f,0.15861964247222204f,-0.9448180294714706f,0.3194429885061988f,-0.07262966528819606f,1.6293660882708472f,-0.12866076276220081f,-0.565726627057538f,-0.8144935798172688f,0.30496536118383094f,0f,0f,0f,1f],start_interpolation:0}
execute if entity @s[tag=aj.tultaria.bone.leftfoot] run data modify entity @s {} merge value {transformation:[-0.46143895991919137f,0.14489821400934708f,0.8752591581043847f,-0.14312205705601144f,0f,0.9865721616069694f,-0.16332596224162224f,0.5815399198439959f,-0.8871719598075082f,-0.07536496214457529f,-0.45524283213714833f,0.21533829043793487f,0f,0f,0f,1f],start_interpolation:0}
execute if entity @s[tag=aj.tultaria.bone.leftleg] run data modify entity @s {} merge value {transformation:[-0.46143895991919137f,0.19594759567411688f,0.8652621718405513f,0.07708675661068816f,0f,0.9753037866844769f,-0.22086766100749183f,0.9418660882708472f,-0.8871719598075082f,-0.10191694377508156f,-0.4500431649329339f,0.10080251772770621f,0f,0f,0f,1f],start_interpolation:0}
execute if entity @s[tag=aj.tultaria.bone.rightfoot] run data modify entity @s {} merge value {transformation:[-0.4321606056535224f,0.10947547543593272f,0.8951269916605449f,-0.36003925826072714f,0.3505343201912589f,0.934939946549167f,0.05489067967053063f,0.648594854558554f,-0.8308807984838937f,0.33749432087772585f,-0.44241912490990937f,-0.07735837028945342f,0f,0f,0f,1f],start_interpolation:0}
execute if entity @s[tag=aj.tultaria.bone.rightleg] run data modify entity @s {} merge value {transformation:[-0.4321606056535224f,0.48894370256128916f,0.7577408967759615f,-0.038272983369109684f,0.3505343201912589f,0.8652592715424186f,-0.35840212524193427f,0.9418660882708472f,-0.8308807984838937f,0.1107269106204127f,-0.5453225192262158f,-0.12099047222417084f,0f,0f,0f,1f],start_interpolation:0}
execute if entity @s[tag=aj.tultaria.bone.skirt_right_back] run data modify entity @s {} merge value {transformation:[-0.11494004601343685f,0.386062923378151f,0.9152836746141303f,0.0737369758893322f,0.6638794675097538f,0.7152609364763923f,-0.21832509102226463f,0.9335256370061327f,-0.7389538811329126f,0.5825437425152127f,-0.3385113729477562f,-0.22527929395853116f,0f,0f,0f,1f],start_interpolation:0}
execute if entity @s[tag=aj.tultaria.bone.skirt_right] run data modify entity @s {} merge value {transformation:[-0.11494004601343685f,0.3866064392696702f,0.9150542316921199f,-0.2113768056663508f,0.6638794675097538f,0.7151311477789289f,-0.2187498436464754f,0.9710995671552006f,-0.7389538811329126f,0.5823425989841535f,-0.3388572840695426f,-0.18946440403588544f,0f,0f,0f,1f],start_interpolation:0}
execute if entity @s[tag=aj.tultaria.bone.skirt_left_back] run data modify entity @s {} merge value {transformation:[-0.5230463548346242f,0.1707615799374092f,0.8350227502957581f,0.23410714794395182f,-0.241137114722137f,0.9100459830151535f,-0.33714863295209396f,0.9251352702611259f,-0.8174811328695577f,-0.37769934023673196f,-0.434819279456468f,0.05509027087736129f,0f,0f,0f,1f],start_interpolation:0}
execute if entity @s[tag=aj.tultaria.bone.skirt_left] run data modify entity @s {} merge value {transformation:[-0.5230463548346242f,0.17221914887134027f,0.8347233526481953f,0.004922706795770129f,-0.241137114722137f,0.9094559832571876f,-0.3387369280447366f,0.9710995671552006f,-0.8174811328695577f,-0.37845789631045257f,-0.4341592082664738f,0.226397452123884f,0f,0f,0f,1f],start_interpolation:0}
execute if entity @s[tag=aj.tultaria.bone.skirt_back_middle] run data modify entity @s {} merge value {transformation:[-0.46143895991919137f,0.22662340916900953f,0.857738839440835f,0.11257102047351611f,0f,0.9668236579827665f,-0.25544473837764275f,0.9558059345309029f,-0.8871719598075082f,-0.11787215439380941f,-0.4461301031648358f,-0.058550830005506316f,0f,0f,0f,1f],start_interpolation:0}
execute if entity @s[tag=aj.tultaria.bone.skirt_front_middle] run data modify entity @s {} merge value {transformation:[-0.46143895991919137f,0.3721252767467473f,0.8053551171221622f,-0.14828002722904493f,0f,0.9077779208631684f,-0.41945112515446065f,1.061661224544883f,-0.8871719598075082f,-0.1935510909282089f,-0.4188840996407065f,0.07712392257776676f,0f,0f,0f,1f],start_interpolation:0}
execute if entity @s[tag=aj.tultaria.bone.lower] run data modify entity @s {} merge value {transformation:[-0.46143895991919137f,0f,0.8871719598075082f,0f,0f,1f,0f,1.0356160882708472f,-0.8871719598075082f,0f,-0.46143895991919137f,0f,0f,0f,0f,1f],start_interpolation:0}