execute if entity @s[tag=aj.tultaria.bone.head] run data modify entity @s {} merge value {transformation:[-0.9817601540287308f,0.0330146242908268f,-0.18723523852207513f,0f,6.938893903907228e-18f,0.984807753012208f,0.17364817766693036f,1.5852902718553064f,0.19012364387809005f,0.17048086165309395f,-0.9668450112859537f,0f,0f,0f,0f,1f],start_interpolation:0}
execute if entity @s[tag=aj.tultaria.bone.bust] run data modify entity @s {} merge value {transformation:[-0.7789003230625265f,-0.31357386957983746f,-0.5431258740382554f,0.04507624375210162f,0f,0.8660254037844387f,-0.49999999999999994f,1.4759152718553064f,0.627147739159675f,-0.3894501615312632f,-0.6745474667880543f,0.055983460720119116f,0f,0f,0f,1f],start_interpolation:0}
execute if entity @s[tag=aj.tultaria.bone.left_wing] run data modify entity @s {} merge value {transformation:[-0.4796110169222668f,0f,-0.8774812091701958f,-0.02971219720355156f,0f,1f,0f,1.3665402718553064f,0.8774812091701958f,0f,-0.4796110169222668f,-0.1365592740802955f,0f,0f,0f,1f],start_interpolation:0}
execute if entity @s[tag=aj.tultaria.bone.right_wing] run data modify entity @s {} merge value {transformation:[-0.9596091157655277f,0f,-0.281336710970506f,-0.12707473758636734f,0f,1f,0f,1.3665402718553064f,0.281336710970506f,0f,-0.9596091157655277f,-0.05816580668533616f,0f,0f,0f,1f],start_interpolation:0}
execute if entity @s[tag=aj.tultaria.bone.body] run data modify entity @s {} merge value {transformation:[-0.7789003230625265f,0f,-0.627147739159675f,0.7030240311111008f,0f,1f,0f,0.30404027185530635f,0.627147739159675f,0f,-0.7789003230625265f,0.07587629195142576f,0f,0f,0f,1f],start_interpolation:0}
execute if entity @s[tag=aj.tultaria.locator_origin.locator_right_hand] at @s on origin run tp @s ^-0.41686 ^0.75712 ^0.32695 ~-55.50225 ~-5.72719
execute if entity @s[tag=aj.tultaria.bone.right_ring] run data modify entity @s {} merge value {transformation:[0.4866216125772208f,0.03484273903309504f,-0.8729177450993977f,-0.3892054098992429f,0.17853634887953157f,0.9741494157310279f,0.13841129997100401f,1.0247679262417613f,0.8551749401739456f,-0.22320147707299948f,0.467821464162259f,0.23932378338054255f,0f,0f,0f,1f],start_interpolation:0}
execute if entity @s[tag=aj.tultaria.locator_origin.locator_sword] at @s on origin run tp @s ^-0.42748 ^0.81645 ^0.30421 ~-55.50225 ~-5.72719
execute if entity @s[tag=aj.tultaria.bone.sword] run data modify entity @s {} merge value {transformation:[-0.000005712523978464077f,3.484273903309504e-7f,-0.000008200345611566634f,-0.42749193651350553f,0.000002026684363563214f,0.00000974149415731028f,-9.97918871240583e-7f,0.8164468819504205f,0.000007953591659493297f,-0.000002232014770729995f,-0.000005635467130352354f,0.3041986630350022f,0f,0f,0f,1f],start_interpolation:0}
execute if entity @s[tag=aj.tultaria.bone.right_hand] run data modify entity @s {} merge value {transformation:[-0.5712523978464077f,0.03484273903309504f,-0.8200345611566633f,-0.460639472033759f,0.20266843635632137f,0.9741494157310279f,-0.09979188712405829f,1.1676232830318538f,0.7953591659493296f,-0.22320147707299948f,-0.5635467130352354f,0.15161604824083308f,0f,0f,0f,1f],start_interpolation:0}
execute if entity @s[tag=aj.tultaria.bone.right_arm] run data modify entity @s {} merge value {transformation:[-0.5712523978464077f,0.35997117271394063f,-0.7376255505130499f,-0.2677469860527435f,0.20266843635632137f,0.9327299613261921f,0.2982286440792094f,1.4602902718553064f,0.7953591659493296f,0.02087041109778065f,-0.60577902165806f,0.2155820353361383f,0f,0f,0f,1f],start_interpolation:0}
execute if entity @s[tag=aj.tultaria.locator_origin.locator_left_hand] at @s on origin run tp @s ^0.40753 ^0.75622 ^-0.35794 ~-21.33653 ~-4.15447
execute if entity @s[tag=aj.tultaria.bone.left_ring] run data modify entity @s {} merge value {transformation:[-0.07140548950763986f,-0.21402196099649012f,-0.9742155081291773f,0.3189912432668025f,-0.02322885041831267f,0.9768006021437854f,-0.21288730389523397f,1.0246430000696731f,0.9971768532093079f,0.007428584168932273f,-0.07472040926565565f,-0.3442847581387386f,0f,0f,0f,1f],start_interpolation:0}
execute if entity @s[tag=aj.tultaria.bone.left_hand] run data modify entity @s {} merge value {transformation:[-0.9069212048413225f,-0.21402196099649012f,-0.3628891406757451f,0.2515294549227498f,-0.20152469907018558f,0.9768006021437854f,-0.0724456990870348f,1.17047630986523f,0.3699753017078776f,0.007428584168932273f,-0.9290118902701998f,-0.4302189065751742f,0f,0f,0f,1f],start_interpolation:0}
execute if entity @s[tag=aj.tultaria.bone.left_arm] run data modify entity @s {} merge value {transformation:[-0.9069212048413225f,-0.0609695639658937f,-0.4168652545835077f,0.2677469860527435f,-0.20152469907018558f,0.9317111616003514f,0.3021623851739244f,1.4915402718553064f,0.3699753017078776f,0.3580461194024209f,-0.8572754822733659f,-0.2155820353361383f,0f,0f,0f,1f],start_interpolation:0}
execute if entity @s[tag=aj.tultaria.bone.leftfoot] run data modify entity @s {} merge value {transformation:[-0.7789003230625265f,0.2580802996309377f,-0.5715845044046394f,0.18234558452481325f,0f,0.9114032766354453f,0.41151435860510877f,0.3957803661664613f,0.627147739159675f,0.3205286668623876f,-0.7098923066115936f,0.027153146909561957f,0f,0f,0f,1f],start_interpolation:0}
execute if entity @s[tag=aj.tultaria.bone.leftleg] run data modify entity @s {} merge value {transformation:[-0.7789003230625265f,0.007880763503034896f,-0.6270982222106047f,0.08364368358869792f,0f,0.9999210442038161f,0.01256603988335261f,0.8040402718553064f,0.627147739159675f,0.009787692524759941f,-0.7788388243673713f,-0.09543191196195215f,0f,0f,0f,1f],start_interpolation:0}
execute if entity @s[tag=aj.tultaria.bone.rightfoot] run data modify entity @s {} merge value {transformation:[-0.7789003230625265f,0.25087736901634594f,-0.5747824218332777f,0.0805721726620357f,0f,0.9165024219068979f,0.4000291372372648f,0.4909002695319232f,0.627147739159675f,0.31158282422852934f,-0.7138640325108707f,0.2993835098056619f,0f,0f,0f,1f],start_interpolation:0}
execute if entity @s[tag=aj.tultaria.bone.rightleg] run data modify entity @s {} merge value {transformation:[-0.7789003230625265f,-0.23999904942163044f,-0.5794089600703509f,-0.11108139717693372f,0f,0.9238795325112867f,-0.3826834323650897f,0.8040402718553064f,0.627147739159675f,-0.2980722490998449f,-0.7196100663438972f,0.06135502282796661f,0f,0f,0f,1f],start_interpolation:0}
execute if entity @s[tag=aj.tultaria.bone.skirt_right_back] run data modify entity @s {} merge value {transformation:[-0.778742921520395f,-0.08126021278542553f,-0.6220580680289801f,-0.3029409219278798f,-0.03768489230918306f,0.9958441442666133f,-0.08291133349272395f,0.8065988500486089f,0.6262102770424046f,-0.04112442276754508f,-0.7785688606530005f,-0.00439054102037767f,0f,0f,0f,1f],start_interpolation:0}
execute if entity @s[tag=aj.tultaria.bone.skirt_right] run data modify entity @s {} merge value {transformation:[-0.778742921520395f,-0.22013576876939883f,-0.5874518750418503f,-0.1482973128217843f,-0.03768489230918306f,0.9511363015337951f,-0.3064630235383358f,0.8321679036882417f,0.6262102770424046f,-0.2165178496404375f,-0.7489864549600052f,0.23936333619722627f,0f,0f,0f,1f],start_interpolation:0}
execute if entity @s[tag=aj.tultaria.bone.skirt_left_back] run data modify entity @s {} merge value {transformation:[-0.7787067870856261f,0.13401312066893756f,-0.6129080055239563f,0.01738547887941605f,0.012564276058412227f,0.9800553170973957f,0.19832729110299227f,0.8997589989884169f,0.6272622088998423f,0.14673806226639297f,-0.7648595049866314f,-0.25372217710419465f,0f,0f,0f,1f],start_interpolation:0}
execute if entity @s[tag=aj.tultaria.bone.skirt_left] run data modify entity @s {} merge value {transformation:[-0.7787067870856261f,0.020294332473544632f,-0.6270597099289944f,0.216812213613775f,0.012564276058412227f,0.9997806908631812f,0.01675437686898136f,0.8321679036882417f,0.6272622088998423f,0.005168195680610426f,-0.7787909931679343f,-0.05461216653387138f,0f,0f,0f,1f],start_interpolation:0}
execute if entity @s[tag=aj.tultaria.bone.skirt_back_middle] run data modify entity @s {} merge value {transformation:[-0.7789003230625265f,0.06511934024638098f,-0.6237577721030559f,-0.07791450920686752f,0f,0.9945946276372433f,0.10383413058880733f,0.8983241508518801f,0.627147739159675f,0.08087643786053861f,-0.7746900767829021f,-0.09676768742530048f,0f,0f,0f,1f],start_interpolation:0}
execute if entity @s[tag=aj.tultaria.bone.skirt_front_middle] run data modify entity @s {} merge value {transformation:[-0.7789003230625265f,-0.04418436928560421f,-0.6255893447333684f,0.11804165014594323f,0f,0.9975151079578237f,-0.07045288777538691f,0.8930884080803234f,0.627147739159675f,-0.05487577704893679f,-0.7769648398480999f,0.146604497939679f,0f,0f,0f,1f],start_interpolation:0}
execute if entity @s[tag=aj.tultaria.bone.lower] run data modify entity @s {} merge value {transformation:[-0.7789003230625265f,0f,-0.627147739159675f,0f,0f,1f,0f,0.8977902718553064f,0.627147739159675f,0f,-0.7789003230625265f,0f,0f,0f,0f,1f],start_interpolation:0}