execute if entity @s[tag=aj.tultaria.bone.head] run data modify entity @s {} merge value {transformation:[-0.9834639412890482f,0.031148588528549542f,-0.17840527351199792f,0f,0f,0.9850982102859436f,0.17199277918398448f,1.6311403672845088f,0.18110404795092705f,0.16914869648953834f,-0.9688085684446017f,0f,0f,0f,0f,1f],start_interpolation:0}
execute if entity @s[tag=aj.tultaria.bone.bust] run data modify entity @s {} merge value {transformation:[-0.8670707011644903f,-0.24909255266974528f,-0.43144095701102547f,0.035807054446275854f,0f,0.8660254037844387f,-0.49999999999999994f,1.5217653672845088f,0.4981851053394906f,-0.43353535058224507f,-0.750905254085634f,0.062320706646197765f,0f,0f,0f,1f],start_interpolation:0}
execute if entity @s[tag=aj.tultaria.bone.left_wing] run data modify entity @s {} merge value {transformation:[-0.6104216879816028f,0f,-0.7920766142499669f,-0.008081219344655777f,0f,1f,0f,1.4123903672845088f,0.7920766142499669f,0f,-0.6104216879816028f,-0.13952040672927943f,0f,0f,0f,1f],start_interpolation:0}
execute if entity @s[tag=aj.tultaria.bone.right_wing] run data modify entity @s {} merge value {transformation:[-0.9917160601105629f,0f,-0.12844943020030258f,-0.11646505699021703f,0f,1f,0f,1.4123903672845088f,0.12844943020030258f,0f,-0.9917160601105629f,-0.07724726856184308f,0f,0f,0f,1f],start_interpolation:0}
execute if entity @s[tag=aj.tultaria.bone.body] run data modify entity @s {} merge value {transformation:[-0.8670707011644903f,0f,-0.4981851053394906f,0.6826279032519904f,0f,1f,0f,0.34989036728450884f,0.4981851053394906f,0f,-0.8670707011644903f,0.18444279791249982f,0f,0f,0f,1f],start_interpolation:0}
execute if entity @s[tag=aj.tultaria.bone.right_ring] run data modify entity @s {} merge value {transformation:[0.7179947721393861f,0.19444470684391693f,0.6683373124111018f,-0.46927734028314777f,-0.29574164883140047f,0.9544286346961256f,0.04003571428829762f,1.081881509433864f,-0.6300955358729312f,-0.22640061230586983f,0.7427801683005082f,0.18844144075338964f,0f,0f,0f,1f],start_interpolation:0}
execute if entity @s[tag=aj.tultaria.bone.sword] run data modify entity @s {} merge value {transformation:[-0.6696249187753207f,0.2654016398556456f,-0.6936601745214147f,-0.5439378058010419f,0.2978139872913494f,0.9515475542978153f,0.0765772869947359f,0.8821052405916485f,0.6803743801237473f,-0.15530364281555137f,-0.7162202743566021f,0.24833737484857016f,0f,0f,0f,1f],start_interpolation:0}
execute if entity @s[tag=aj.tultaria.bone.right_hand] run data modify entity @s {} merge value {transformation:[-0.6696249187753207f,0.19444470684391693f,-0.7167940597797449f,-0.5060947979431368f,0.2978139872913494f,0.9544286346961256f,-0.019308294738727194f,1.229200830973378f,0.6803743801237473f,-0.22640061230586983f,-0.6970175504381176f,0.08772094972702393f,0f,0f,0f,1f],start_interpolation:0}
execute if entity @s[tag=aj.tultaria.bone.right_arm] run data modify entity @s {} merge value {transformation:[-0.6696249187753207f,0.44253375031418846f,-0.5964615226383047f,-0.2980555535252935f,0.2978139872913494f,0.8956973011129443f,0.3302017167620658f,1.5061403672845088f,0.6803743801237473f,0.04347671344348675f,-0.7315739731970922f,0.1712511299604499f,0f,0f,0f,1f],start_interpolation:0}
execute if entity @s[tag=aj.tultaria.bone.left_ring] run data modify entity @s {} merge value {transformation:[0.9348863824130644f,-0.2991368746180457f,0.19106172359308798f,0.4035663035652022f,0.30136411087341813f,0.9533393565077687f,0.01799288778455208f,1.085984904228408f,-0.18752899684072383f,0.04075784068250954f,0.9814131004662672f,-0.3205294495658578f,0f,0f,0f,1f],start_interpolation:0}
execute if entity @s[tag=aj.tultaria.bone.left_hand] run data modify entity @s {} merge value {transformation:[-0.9192812540674026f,-0.2991368746180457f,-0.2558106842256816f,0.33284391525997487f,-0.2993748826415135f,0.9533393565077687f,-0.038971155701791715f,1.2312906328357038f,0.2555321028044106f,0.04075784068250954f,-0.9659410659347989f,-0.4047180118906031f,0f,0f,0f,1f],start_interpolation:0}
execute if entity @s[tag=aj.tultaria.bone.left_arm] run data modify entity @s {} merge value {transformation:[-0.9192812540674026f,-0.18024525561024f,-0.34990516393769194f,0.2980555535252935f,-0.2993748826415135f,0.897337174947133f,0.3242848656679468f,1.5373903672845088f,0.2555321028044106f,0.40286181537581534f,-0.878866145751706f,-0.1712511299604499f,0f,0f,0f,1f],start_interpolation:0}
execute if entity @s[tag=aj.tultaria.bone.leftfoot] run data modify entity @s {} merge value {transformation:[-0.8670707011644903f,0.1748654814357287f,-0.46648736594292695f,0.1811904362886293f,0f,0.9363735706731675f,0.35100503720713566f,0.44589155577684936f,0.4981851053394906f,0.3043461837234591f,-0.8119020884754807f,0.06444375452614867f,0f,0f,0f,1f],start_interpolation:0}
execute if entity @s[tag=aj.tultaria.bone.leftleg] run data modify entity @s {} merge value {transformation:[-0.8670707011644903f,-0.006786040605157373f,-0.49813888508630255f,0.09748603846625993f,0f,0.9999072227316861f,-0.013621524474387876f,0.8498903672845088f,0.4981851053394906f,-0.01181082477693676f,-0.8669902567134011f,-0.08124030975540955f,0f,0f,0f,1f],start_interpolation:0}
execute if entity @s[tag=aj.tultaria.bone.rightfoot] run data modify entity @s {} merge value {transformation:[-0.8670460439936926f,0.17511242038867889f,-0.4664405619374309f,0.035009143509107846f,-0.007541474663325812f,0.9314789832629083f,0.3637169639972828f,0.536759269824951f,0.49817093828804404f,0.3188770044470389f,-0.806314561619777f,0.3071024476168481f,0f,0f,0f,1f],start_interpolation:0}
execute if entity @s[tag=aj.tultaria.bone.rightleg] run data modify entity @s {} merge value {transformation:[-0.8670460439936926f,-0.19668842668167752f,-0.4577606584279323f,-0.11928163682486263f,-0.007541474663325812f,0.9238532598493239f,-0.382672549872185f,0.8498903672845088f,0.49817093828804404f,-0.3283425301042555f,-0.8025066349694225f,0.043305966579463104f,0f,0f,0f,1f],start_interpolation:0}
execute if entity @s[tag=aj.tultaria.bone.skirt_right_back] run data modify entity @s {} merge value {transformation:[-0.8616640923007914f,0.058662350970211566f,-0.504077097890889f,-0.301613571534885f,0.11977851188118932f,0.9887416975679721f,-0.08968257122725848f,0.8511764202800096f,0.49314105500453004f,-0.13765385599049604f,-0.8589897064575145f,-0.0494184961925061f,0f,0f,0f,1f],start_interpolation:0}
execute if entity @s[tag=aj.tultaria.bone.skirt_right] run data modify entity @s {} merge value {transformation:[-0.8616640923007914f,-0.047227115363182234f,-0.5052767475492276f,-0.1834797944608656f,0.11977851188118932f,0.9486029471162134f,-0.29292585548899935f,0.8780172114378145f,0.49314105500453004f,-0.3129249882909753f,-0.8117203037821046f,0.21384630898328832f,0f,0f,0f,1f],start_interpolation:0}
execute if entity @s[tag=aj.tultaria.bone.skirt_left_back] run data modify entity @s {} merge value {transformation:[-0.8622463904242443f,-0.007265104548934684f,-0.5064369461801289f,0.05018826853545169f,-0.09762017546043088f,0.9835329296357236f,0.15209627761797898f,0.9332173631889763f,0.4969924179939131f,0.1805829299188151f,-0.8487569392225903f,-0.2457031489077192f,0f,0f,0f,1f],start_interpolation:0}
execute if entity @s[tag=aj.tultaria.bone.skirt_left] run data modify entity @s {} merge value {transformation:[-0.8622463904242443f,-0.0916055766829064f,-0.4981361064216826f,0.22295959670998922f,-0.09762017546043088f,0.9951249174504678f,-0.014024978155925398f,0.8780172114378145f,0.4969924179939131f,0.036535147321334976f,-0.8669854205618293f,-0.019677959144597912f,0f,0f,0f,1f],start_interpolation:0}
execute if entity @s[tag=aj.tultaria.bone.skirt_back_middle] run data modify entity @s {} merge value {transformation:[-0.8670707011644903f,0.058092549013443975f,-0.4947864740787079f,-0.06256810244504055f,0f,0.9931779749648142f,0.11660836181333951f,0.93744310028852f,0.4981851053394906f,0.10110769403913485f,-0.86115552313387f,-0.1088972108481312f,0f,0f,0f,1f],start_interpolation:0}
execute if entity @s[tag=aj.tultaria.bone.skirt_front_middle] run data modify entity @s {} merge value {transformation:[-0.8670707011644903f,-0.05037586978614631f,-0.49563158790114314f,0.09309943081173526f,0f,0.9948743601304432f,-0.10111877943805131f,0.9418259059622467f,0.4981851053394906f,-0.0876771309882486f,-0.8626264090088769f,0.16203573307744043f,0f,0f,0f,1f],start_interpolation:0}
execute if entity @s[tag=aj.tultaria.bone.lower] run data modify entity @s {} merge value {transformation:[-0.8670707011644903f,0f,-0.4981851053394906f,0f,0f,1f,0f,0.9436403672845088f,0.4981851053394906f,0f,-0.8670707011644903f,0f,0f,0f,0f,1f],start_interpolation:0}