execute if entity @s[tag=aj.tultaria.bone.head] run data modify entity @s {} merge value {transformation:[-0.9834096063696196f,0.03149958132179265f,-0.17864300287585222f,0f,0f,0.984807753012208f,0.17364817766693033f,1.612121357882651f,0.181398859147322f,0.17076728604623773f,-0.9684694047394851f,0f,0f,0f,0f,1f],start_interpolation:0}
execute if entity @s[tag=aj.tultaria.bone.bust] run data modify entity @s {} merge value {transformation:[-0.8006790932293848f,-0.29954673661440967f,-0.5188301670576102f,0.04305984338832147f,0f,0.8660254037844387f,-0.49999999999999994f,1.502746357882651f,0.5990934732288195f,-0.40033954661469234f,-0.6934084350157362f,0.057548809825862024f,0f,0f,0f,1f],start_interpolation:0}
execute if entity @s[tag=aj.tultaria.bone.left_wing] run data modify entity @s {} merge value {transformation:[-0.5104678797015973f,0f,-0.8598968215971934f,-0.02484424082676584f,0f,1f,0f,1.393371357882651f,0.8598968215971934f,0f,-0.5104678797015973f,-0.13752822873047432f,0f,0f,0f,1f],start_interpolation:0}
execute if entity @s[tag=aj.tultaria.bone.right_wing] run data modify entity @s {} merge value {transformation:[-0.9689941729870526f,0f,-0.24708357435721612f,-0.12492912748043894f,0f,1f,0f,1.393371357882651f,0.24708357435721612f,0f,-0.9689941729870526f,-0.06264154457687188f,0f,0f,0f,1f],start_interpolation:0}
execute if entity @s[tag=aj.tultaria.bone.body] run data modify entity @s {} merge value {transformation:[-0.8006790932293848f,0f,-0.5990934732288195f,0.6998862832291022f,0f,1f,0f,0.330871357882651f,0.5990934732288195f,0f,-0.8006790932293848f,0.10079281000028267f,0f,0f,0f,1f],start_interpolation:0}
execute if entity @s[tag=aj.tultaria.bone.right_ring] run data modify entity @s {} merge value {transformation:[0.9013397691256415f,0.07514599001417571f,0.42654390252039126f,-0.4094876259376835f,-0.16431332174007526f,0.9705379438776277f,0.17623062104109263f,1.0539974702428534f,-0.40073401763673405f,-0.22893051277314716f,0.8871319334970116f,0.2302304111690515f,0f,0f,0f,1f],start_interpolation:0}
execute if entity @s[tag=aj.tultaria.bone.sword] run data modify entity @s {} merge value {transformation:[-0.000005955855469844658f,7.514599001417571e-7f,-0.000007997693019915207f,-0.4570342549401665f,0.000002278153169759436f,0.000009705379438776278f,-7.846197069241263e-7f,0.8475855553830518f,0.000007703103514651516f,-0.0000022893051277314717f,-0.000005951577797080862f,0.2950818190135246f,0f,0f,0f,1f],start_interpolation:0}
execute if entity @s[tag=aj.tultaria.bone.right_hand] run data modify entity @s {} merge value {transformation:[-0.5955855469844658f,0.07514599001417571f,-0.7997693019915206f,-0.4727244370596736f,0.2278153169759436f,0.9705379438776277f,-0.07846197069241262f,1.1982882142213191f,0.7703103514651515f,-0.22893051277314716f,-0.5951577797080861f,0.13866397670061417f,0f,0f,0f,1f],start_interpolation:0}
execute if entity @s[tag=aj.tultaria.bone.right_arm] run data modify entity @s {} merge value {transformation:[-0.5955855469844658f,0.3817614583791635f,-0.706778639405174f,-0.27523343829760105f,0.2278153169759436f,0.9240013911828546f,0.3071182352829276f,1.487121357882651f,0.7703103514651515f,0.02190018238197039f,-0.6372929816318954f,0.2059383814224067f,0f,0f,0f,1f],start_interpolation:0}
execute if entity @s[tag=aj.tultaria.bone.left_ring] run data modify entity @s {} merge value {transformation:[0.9636631276945109f,-0.23488986900923436f,-0.12720112326099092f,0.33931544246874945f,0.23011620441769123f,0.9718144593711348f,-0.05121707744087187f,1.0551062535634954f,0.13564626344440328f,0.02008496935555637f,0.9905537265689117f,-0.3418146744858473f,0f,0f,0f,1f],start_interpolation:0}
execute if entity @s[tag=aj.tultaria.bone.left_hand] run data modify entity @s {} merge value {transformation:[-0.9105813490502314f,-0.23488986900923436f,-0.3401005089656372f,0.2707294777205281f,-0.22722551015592535f,0.9718144593711348f,-0.06281101887064378f,1.2010637298211124f,0.3452682642471505f,0.02008496935555637f,-0.938289091756771f,-0.42664100037623887f,0f,0f,0f,1f],start_interpolation:0}
execute if entity @s[tag=aj.tultaria.bone.left_arm] run data modify entity @s {} merge value {transformation:[-0.9105813490502314f,-0.08890332665062234f,-0.4036555527579343f,0.27523343829760105f,-0.22722551015592535f,0.9234530355468158f,0.3091974428641846f,1.518371357882651f,0.3452682642471505f,0.37327026354884474f,-0.8610802146454974f,-0.2059383814224067f,0f,0f,0f,1f],start_interpolation:0}
execute if entity @s[tag=aj.tultaria.bone.leftfoot] run data modify entity @s {} merge value {transformation:[-0.8006790932293848f,0.23741130969746857f,-0.5500444161093747f,0.18289309731781905f,0f,0.9181278726755369f,0.3962842533034757f,0.423668587738327f,0.5990934732288195f,0.3172965165961108f,-0.7351257925624729f,0.035785199265819134f,0f,0f,0f,1f],start_interpolation:0}
execute if entity @s[tag=aj.tultaria.bone.leftleg] run data modify entity @s {} merge value {transformation:[-0.8006790932293848f,0.0035387339175331502f,-0.5990830218155336f,0.08697971692679267f,0f,0.999982554620017f,0.005906814338105059f,0.830871357882651f,0.5990934732288195f,0.004729462748108287f,-0.800665125078359f,-0.09240153931799522f,0f,0f,0f,1f],start_interpolation:0}
execute if entity @s[tag=aj.tultaria.bone.rightfoot] run data modify entity @s {} merge value {transformation:[-0.8006790932293848f,0.23415815772328905f,-0.5514371649036773f,0.06989025411435033f,0f,0.9204526330953031f,0.39085412909156175f,0.5177313555592677f,0.5990934732288195f,0.3129487296659925f,-0.7369871796273469f,0.3020558116157829f,0f,0f,0f,1f],start_interpolation:0}
execute if entity @s[tag=aj.tultaria.bone.rightleg] run data modify entity @s {} merge value {transformation:[-0.8006790932293848f,-0.22926314664272762f,-0.5534901979772048f,-0.11319005638055353f,0f,0.9238795325112867f,-0.3826834323650897f,0.830871357882651f,0.5990934732288195f,-0.30640662361998866f,-0.739731026344325f,0.057371828989209644f,0f,0f,0f,1f],start_interpolation:0}
execute if entity @s[tag=aj.tultaria.bone.skirt_right_back] run data modify entity @s {} merge value {transformation:[-0.7984157040766241f,0.0043471546234000735f,-0.6020909115162834f,-0.30512606209502235f,0.06948771357609318f,0.9939575893918571f,-0.08496921885185985f,0.8310795090707102f,0.5980834566728924f,-0.10967867950066076f,-0.7938934223919454f,-0.013197825394594825f,0f,0f,0f,1f],start_interpolation:0}
execute if entity @s[tag=aj.tultaria.bone.skirt_right] run data modify entity @s {} merge value {transformation:[-0.7984157040766241f,-0.12896877181186817f,-0.5881321444889465f,-0.15660383897165886f,0.06948771357609318f,0.9505272981434458f,-0.30276940589512635f,0.858996939394002f,0.5980834566728924f,-0.2826038063817598f,-0.7499541769153268f,0.23407963278272872f,0f,0f,0f,1f],start_interpolation:0}
execute if entity @s[tag=aj.tultaria.bone.skirt_left_back] run data modify entity @s {} merge value {transformation:[-0.7984140073197362f,0.04694116568072609f,-0.600276269629389f,0.021501208669649746f,-0.08126736465713745f,0.979432426925865f,0.18468279976162905f,0.9209637058904773f,0.5965992694911083f,0.1962362047397084f,-0.7781777840519679f,-0.24984988400652675f,0f,0f,0f,1f],start_interpolation:0}
execute if entity @s[tag=aj.tultaria.bone.skirt_left] run data modify entity @s {} merge value {transformation:[-0.7984140073197362f,-0.060368414887096704f,-0.5990748929805518f,0.21871448597961524f,-0.08126736465713745f,0.9966612205389069f,0.00787571682961461f,0.858996939394002f,0.5965992694911083f,0.05497332041923418f,-0.8006542610170512f,-0.046745432793280375f,0f,0f,0f,1f],start_interpolation:0}
execute if entity @s[tag=aj.tultaria.bone.skirt_back_middle] run data modify entity @s {} merge value {transformation:[-0.8006790932293848f,0.08287288955527618f,-0.5933338637244037f,-0.074676194512748f,0f,0.9903861254348603f,0.13833048306908105f,0.92321781407931f,0.5990934732288195f,0.11075832574973458f,-0.7929814648601476f,-0.09980357052805217f,0f,0f,0f,1f],start_interpolation:0}
execute if entity @s[tag=aj.tultaria.bone.skirt_front_middle] run data modify entity @s {} merge value {transformation:[-0.8006790932293848f,-0.04751248122960552f,-0.5972064582644571f,0.11253470954367445f,0f,0.9968502161203787f,-0.0793072923554593f,0.9207566525700555f,0.5990934732288195f,-0.06349969092964687f,-0.7981571271287812f,0.1504008860397763f,0f,0f,0f,1f],start_interpolation:0}
execute if entity @s[tag=aj.tultaria.bone.lower] run data modify entity @s {} merge value {transformation:[-0.8006790932293848f,0f,-0.5990934732288195f,0f,0f,1f,0f,0.924621357882651f,0.5990934732288195f,0f,-0.8006790932293848f,0f,0f,0f,0f,1f],start_interpolation:0}