execute if entity @s[tag=aj.tultaria.bone.head] run data modify entity @s {} merge value {transformation:[-0.982254531558802f,0.032568193809270674f,-0.18470340544830283f,0f,0f,0.984807753012208f,0.17364817766693036f,1.6065833817430906f,0.1875527531981292f,0.1705667094102703f,-0.9673318781104829f,0f,0f,0f,0f,1f],start_interpolation:0}
execute if entity @s[tag=aj.tultaria.bone.bust] run data modify entity @s {} merge value {transformation:[-0.785424971197082f,-0.3094784381100172f,-0.5360323786536102f,0.044487525478314915f,0f,0.8660254037844387f,-0.49999999999999994f,1.4972083817430906f,0.6189568762200345f,-0.39271248559854094f,-0.680197977823334f,0.056452419804790266f,0f,0f,0f,1f],start_interpolation:0}
execute if entity @s[tag=aj.tultaria.bone.left_wing] run data modify entity @s {} merge value {transformation:[-0.4887735133343942f,0f,-0.8724107132897629f,-0.028280548827686713f,0f,1f,0f,1.3878333817430906f,0.8724107132897629f,0f,-0.4887735133343942f,-0.13686292616338736f,0f,0f,0f,1f],start_interpolation:0}
execute if entity @s[tag=aj.tultaria.bone.right_wing] run data modify entity @s {} merge value {transformation:[-0.9625025970901078f,0f,-0.27127246560386076f,-0.12645867022732205f,0f,1f,0f,1.3878333817430906f,0.27127246560386076f,0f,-0.9625025970901078f,-0.05949331663588309f,0f,0f,0f,1f],start_interpolation:0}
execute if entity @s[tag=aj.tultaria.bone.body] run data modify entity @s {} merge value {transformation:[-0.785424971197082f,0f,-0.6189568762200345f,0.7021909237085582f,0f,1f,0f,0.32533338174309057f,0.6189568762200345f,0f,-0.785424971197082f,0.08323404748852375f,0f,0f,0f,1f],start_interpolation:0}
execute if entity @s[tag=aj.tultaria.bone.right_ring] run data modify entity @s {} merge value {transformation:[0.9467117904229447f,0.04668361409734734f,0.31868075883082836f,-0.3952029371183722f,-0.11501960763813548f,0.9732003761809754f,0.19912688834001624f,1.0467271990932094f,-0.30084427156412985f,-0.22517030882427175f,0.9267098015511814f,0.23676706993746557f,0f,0f,0f,1f],start_interpolation:0}
execute if entity @s[tag=aj.tultaria.bone.sword] run data modify entity @s {} merge value {transformation:[-0.000005785900769971611f,4.668361409734734e-7f,-0.000008142813782564536f,-0.4362190641435853f,0.000002100966655667417f,0.000009732003761809755f,-9.349020760991306e-7f,0.8389443531086768f,0.000007880944828624016f,-0.0000022517030882427175f,-0.000005728921522466738f,0.3016995877033708f,0f,0f,0f,1f],start_interpolation:0}
execute if entity @s[tag=aj.tultaria.bone.right_hand] run data modify entity @s {} merge value {transformation:[-0.578590076997161f,0.04668361409734734f,-0.8142813782564535f,-0.4642475016272042f,0.21009666556674167f,0.9732003761809754f,-0.09349020760991306f,1.1900250509080574f,0.7880944828624015f,-0.22517030882427175f,-0.5728921522466738f,0.14787556991054746f,0f,0f,0f,1f],start_interpolation:0}
execute if entity @s[tag=aj.tultaria.bone.right_arm] run data modify entity @s {} merge value {transformation:[-0.578590076997161f,0.36637732117323163f,-0.7286982786656946f,-0.26998983384899694f,0.21009666556674167f,0.9302295247966561f,0.30088606201405216f,1.4815833817430906f,0.7880944828624015f,0.020992611236196224f,-0.6151962258949009f,0.21276642620063685f,0f,0f,0f,1f],start_interpolation:0}
execute if entity @s[tag=aj.tultaria.bone.left_ring] run data modify entity @s {} merge value {transformation:[0.9440495408341981f,-0.2200731733244353f,-0.24563847995306665f,0.3249713360345499f,0.21004436913735774f,0.9754176514331675f,-0.06664659230818268f,1.0469746180277006f,0.25426723627795517f,0.011322705309102565f,0.967067716812041f,-0.34367125362147627f,0f,0f,0f,1f],start_interpolation:0}
execute if entity @s[tag=aj.tultaria.bone.left_hand] run data modify entity @s {} merge value {transformation:[-0.9081347979786851f,-0.2200731733244353f,-0.35617269278136143f,0.25719371275435426f,-0.20910334827918592f,0.9754176514331675f,-0.06954275671151666f,1.1928639926224283f,0.3627216266486552f,0.011322705309102565f,-0.931828749237668f,-0.42926102615796036f,0f,0f,0f,1f],start_interpolation:0}
execute if entity @s[tag=aj.tultaria.bone.left_arm] run data modify entity @s {} merge value {transformation:[-0.9081347979786851f,-0.06911063758838698f,-0.4129345086964029f,0.26998983384899694f,-0.20910334827918592f,0.9293335003210107f,0.3043271839969797f,1.5128333817430906f,0.3627216266486552f,0.36271609414695777f,-0.8584113562902863f,-0.21276642620063685f,0f,0f,0f,1f],start_interpolation:0}
execute if entity @s[tag=aj.tultaria.bone.leftfoot] run data modify entity @s {} merge value {transformation:[-0.785424971197082f,0.25193747008175527f,-0.5653628266775839f,0.18254722242496552f,0f,0.9134123044730529f,0.4070355783432534f,0.41738328209899767f,0.6189568762200345f,0.31969590739643744f,-0.7174168329318078f,0.02969051257248316f,0f,0f,0f,1f],start_interpolation:0}
execute if entity @s[tag=aj.tultaria.bone.leftleg] run data modify entity @s {} merge value {transformation:[-0.785424971197082f,0.00656259955246746f,-0.6189220846820519f,0.08463843973232199f,0f,0.9999437900452854f,0.010602676542742707f,0.8253333817430906f,0.6189568762200345f,0.008327606918195667f,-0.7853808224950193f,-0.09455078077244047f,0f,0f,0f,1f],start_interpolation:0}
execute if entity @s[tag=aj.tultaria.bone.rightfoot] run data modify entity @s {} merge value {transformation:[-0.785424971197082f,0.24592894950741803f,-0.5680022591629728f,0.07743267535603776f,0f,0.9176766281873445f,0.39732808367733874f,0.5121933794197073f,0.6189568762200345f,0.31207139867806555f,-0.7207661392622805f,0.30021082881575784f,0f,0f,0f,1f],start_interpolation:0}
execute if entity @s[tag=aj.tultaria.bone.rightleg] run data modify entity @s {} merge value {transformation:[-0.785424971197082f,-0.23686454187785677f,-0.5718415894468118f,-0.1117178030669485f,0f,0.9238795325112867f,-0.3826834323650897f,0.8253333817430906f,0.6189568762200345f,-0.3005691238429511f,-0.725638055212251f,0.060188438282568146f,0f,0f,0f,1f],start_interpolation:0}
execute if entity @s[tag=aj.tultaria.bone.skirt_right_back] run data modify entity @s {} merge value {transformation:[-0.783732457664224f,-0.008452140772895356f,-0.621041058320584f,-0.30517583416957417f,0.055423874972904616f,0.9949666275851411f,-0.08348415463331277f,0.8252877128953136f,0.6186207472164051f,-0.09984974365618662f,-0.779319189937737f,-0.005778808765909416f,0f,0f,0f,1f],start_interpolation:0}
execute if entity @s[tag=aj.tultaria.bone.skirt_right] run data modify entity @s {} merge value {transformation:[-0.783732457664224f,-0.14800515429917943f,-0.6032063569828089f,-0.15076536342646743f,0.055423874972904616f,0.9506525549704018f,-0.30526695499387885f,0.8534602553945951f,0.6186207472164051f,-0.2726796545933031f,-0.7368542441245036f,0.23783582415670135f,0f,0f,0f,1f],start_interpolation:0}
execute if entity @s[tag=aj.tultaria.bone.skirt_left_back] run data modify entity @s {} merge value {transformation:[-0.7837881600122493f,0.06119102887314112f,-0.6180062930181693f,0.015630596872065694f,-0.07658086022671323f,0.9780156465490284f,0.19396073559414714f,0.917353246248955f,0.6162884812095303f,0.1993515816108126f,-0.7618710224425904f,-0.2502651649686053f,0f,0f,0f,1f],start_interpolation:0}
execute if entity @s[tag=aj.tultaria.bone.skirt_left] run data modify entity @s {} merge value {transformation:[-0.7837881600122493f,-0.051430226481086964f,-0.6188950250476385f,0.21740259182216476f,-0.07658086022671323f,0.9969631516119665f,0.014136696038032744f,0.8534602553945951f,0.6162884812095303f,0.058475688384483526f,-0.7853464851875326f,-0.0523002115714398f,0f,0f,0f,1f],start_interpolation:0}
execute if entity @s[tag=aj.tultaria.bone.skirt_back_middle] run data modify entity @s {} merge value {transformation:[-0.785424971197082f,0.08945715871553954f,-0.6124581874500543f,-0.07697326685517761f,0f,0.9895005790877264f,0.14452890363195223f,0.9190464121478994f,0.6189568762200345f,0.11351660997227189f,-0.7771784638294734f,-0.0976751825941122f,0f,0f,0f,1f],start_interpolation:0}
execute if entity @s[tag=aj.tultaria.bone.skirt_front_middle] run data modify entity @s {} merge value {transformation:[-0.785424971197082f,-0.0452235467826446f,-0.6173025558317907f,0.11643142847220941f,0f,0.9973272445112061f,-0.07306413179998014f,0.9146286946360142f,0.6189568762200345f,-0.057386393614539205f,-0.7833257222942792f,0.14774559402699172f,0f,0f,0f,1f],start_interpolation:0}
execute if entity @s[tag=aj.tultaria.bone.lower] run data modify entity @s {} merge value {transformation:[-0.785424971197082f,0f,-0.6189568762200345f,0f,0f,1f,0f,0.9190833817430906f,0.6189568762200345f,0f,-0.785424971197082f,0f,0f,0f,0f,1f],start_interpolation:0}