execute if entity @s[tag=aj.tultaria.bone.head] run data modify entity @s {} merge value {transformation:[-0.9802496077184564f,0.034341405127892896f,-0.19475978656194537f,0f,-6.938893903907228e-18f,0.984807753012208f,0.17364817766693033f,1.5931119369004523f,0.19776427020018694f,0.17021855803903327f,-0.9653574135683114f,0f,0f,0f,0f,1f],start_interpolation:0}
execute if entity @s[tag=aj.tultaria.bone.bust] run data modify entity @s {} merge value {transformation:[-0.758987281247162f,-0.3255527249559744f,-0.5638738601662442f,0.046798204212421424f,0f,0.8660254037844387f,-0.49999999999999994f,1.4837369369004523f,0.651105449911949f,-0.37949364062358093f,-0.6573022667093268f,0.05455221083963979f,0f,0f,0f,1f],start_interpolation:0}
execute if entity @s[tag=aj.tultaria.bone.left_wing] run data modify entity @s {} merge value {transformation:[-0.4520455461767199f,0f,-0.8919948565893141f,-0.03395147616104599f,0f,1f,0f,1.3743619369004523f,0.8919948565893141f,0f,-0.4520455461767199f,-0.13556750077539204f,0f,0f,0f,1f],start_interpolation:0}
execute if entity @s[tag=aj.tultaria.bone.right_wing] run data modify entity @s {} merge value {transformation:[-0.9503800829845612f,0f,-0.3110911407710908f,-0.12882488631694122f,0f,1f,0f,1.3743619369004523f,0.3110911407710908f,0f,-0.9503800829845612f,-0.05417931953639843f,0f,0f,0f,1f],start_interpolation:0}
execute if entity @s[tag=aj.tultaria.bone.body] run data modify entity @s {} merge value {transformation:[-0.758987281247162f,0f,-0.651105449911949f,0.7050463655795555f,0f,1f,0f,0.3118619369004523f,0.651105449911949f,0f,-0.758987281247162f,0.053940915667606504f,0f,0f,0f,1f],start_interpolation:0}
execute if entity @s[tag=aj.tultaria.locator_origin.locator_right_hand] at @s on origin run tp @s ^-0.38841 ^0.76184 ^0.33257 ~-57.35219 ~-6.81066
execute if entity @s[tag=aj.tultaria.bone.right_ring] run data modify entity @s {} merge value {transformation:[0.9983682983807531f,-0.0001177307056346999f,-0.05710277513221712f,-0.37129918966903125f,0.01244762422741058f,0.9763985468615972f,0.21561756500260976f,1.0308108482880451f,0.05572968185278615f,-0.21597653535984504f,0.9748068212392365f,0.24631745366550284f,0f,0f,0f,1f],start_interpolation:0}
execute if entity @s[tag=aj.tultaria.locator_origin.locator_sword] at @s on origin run tp @s ^-0.40147 ^0.82101 ^0.31071 ~-57.35219 ~-6.81066
execute if entity @s[tag=aj.tultaria.bone.sword] run data modify entity @s {} merge value {transformation:[-0.000005486366030814667f,-1.177307056346999e-9f,-0.000008360609211646663f,-0.4014817818166674f,0.0000018050647668069731f,0.000009763985468615973f,-0.0000011858874129900505f,0.8210115444755457f,0.00000816342630049142f,-0.0000021597653535984504f,-0.000005356667308489555f,0.3107032352949897f,0f,0f,0f,1f],start_interpolation:0}
execute if entity @s[tag=aj.tultaria.bone.right_hand] run data modify entity @s {} merge value {transformation:[-0.5486366030814667f,-0.0001177307056346999f,-0.8360609211646662f,-0.44969829645097414f,0.1805064766806973f,0.9763985468615972f,-0.11858874129900504f,1.172255426738388f,0.8163426300491419f,-0.21597653535984504f,-0.5356667308489554f,0.1623523639984375f,0f,0f,0f,1f],start_interpolation:0}
execute if entity @s[tag=aj.tultaria.bone.right_arm] run data modify entity @s {} merge value {transformation:[-0.5486366030814667f,0.3410422949978622f,-0.7633400492453022f,-0.26090187792871194f,0.1805064766806973f,0.9398043997424328f,0.2901466906602358f,1.4681119369004523f,0.8163426300491419f,0.021397271960621356f,-0.577171436504868f,0.22381749840723245f,0f,0f,0f,1f],start_interpolation:0}
execute if entity @s[tag=aj.tultaria.locator_origin.locator_left_hand] at @s on origin run tp @s ^0.38477 ^0.75937 ^-0.35639 ~-22.58951 ~-4.66819
execute if entity @s[tag=aj.tultaria.bone.left_ring] run data modify entity @s {} merge value {transformation:[0.7828882113374038f,-0.19655544057383112f,-0.5902982359195627f,0.30128110560725385f,0.15997314758332773f,0.980480272378106f,-0.11431109976567416f,1.0295376111191814f,0.6012442437156496f,-0.004939054381378094f,0.7990500391969295f,-0.34554690336490834f,0f,0f,0f,1f],start_interpolation:0}
execute if entity @s[tag=aj.tultaria.bone.left_hand] run data modify entity @s {} merge value {transformation:[-0.9026573737841829f,-0.19655544057383112f,-0.3828519613817711f,0.23467694663805172f,-0.17898289012327503f,0.980480272378106f,-0.08138525984768197f,1.1751077855675403f,0.3913755109816679f,-0.004939054381378094f,-0.9202178085353794f,-0.43258905016219046f,0f,0f,0f,1f],start_interpolation:0}
execute if entity @s[tag=aj.tultaria.bone.left_arm] run data modify entity @s {} merge value {transformation:[-0.9026573737841829f,-0.03725298491722534f,-0.42874454010261054f,0.26090187792871194f,-0.17898289012327503f,0.9384969925295489f,0.2952770225671335f,1.4993619369004523f,0.3913755109816679f,0.3432719186414013f,-0.8538088774872803f,-0.22381749840723245f,0f,0f,0f,1f],start_interpolation:0}
execute if entity @s[tag=aj.tultaria.bone.leftfoot] run data modify entity @s {} merge value {transformation:[-0.758987281247162f,0.276576365447111f,-0.589443653779653f,0.1815483954422341f,0f,0.9052967593181188f,0.42477968120910886f,0.4026896694362057f,0.651105449911949f,0.32240237536993765f,-0.6871087260767254f,0.01964800490184182f,0f,0f,0f,1f],start_interpolation:0}
execute if entity @s[tag=aj.tultaria.bone.leftleg] run data modify entity @s {} merge value {transformation:[-0.758987281247162f,0.011984722156726774f,-0.6509951407958953f,0.08063047843907137f,0f,0.9998305817958234f,0.01840672990580482f,0.8118619369004523f,0.651105449911949f,0.01397047388785763f,-0.7588586949849802f,-0.0979910280162753f,0f,0f,0f,1f],start_interpolation:0}
execute if entity @s[tag=aj.tultaria.bone.rightfoot] run data modify entity @s {} merge value {transformation:[-0.758987281247162f,0.2656797782461465f,-0.5944346577514806f,0.08985859820190656f,0f,0.9129621904283982f,0.40804416286497874f,0.4987219345770691f,0.651105449911949f,0.3097003298016644f,-0.6929266907947038f,0.29672848410664265f,0f,0f,0f,1f],start_interpolation:0}
execute if entity @s[tag=aj.tultaria.bone.rightleg] run data modify entity @s {} merge value {transformation:[-0.758987281247162f,-0.24916726840392064f,-0.6015429986802024f,-0.10911634187271912f,0f,0.9238795325112867f,-0.3826834323650897f,0.8118619369004523f,0.651105449911949f,-0.29045185790911165f,-0.7012128145806406f,0.06478533446171195f,0f,0f,0f,1f],start_interpolation:0}
execute if entity @s[tag=aj.tultaria.bone.skirt_right_back] run data modify entity @s {} merge value {transformation:[-0.7587122271064763f,-0.09444962662173528f,-0.6445424923697006f,-0.3024301697730273f,-0.055178620574033374f,0.9951952634418826f,-0.0808808225377877f,0.8141628353562017f,0.6490847989829046f,-0.025800303367539107f,-0.760278414842527f,0.004561795193271545f,0f,0f,0f,1f],start_interpolation:0}
execute if entity @s[tag=aj.tultaria.bone.skirt_right] run data modify entity @s {} merge value {transformation:[-0.7587122271064763f,-0.24102690009772462f,-0.605195662466621f,-0.14086446554525972f,-0.055178620574033374f,0.9494717963577013f,-0.3089637968319701f,0.8399925840498984f,0.6490847989829046f,-0.20102074855736052f,-0.7336753930579661f,0.24375569624387533f,0f,0f,0f,1f],start_interpolation:0}
execute if entity @s[tag=aj.tultaria.bone.skirt_left_back] run data modify entity @s {} merge value {transformation:[-0.7585645751797483f,0.1503127217557784f,-0.6340235571023666f,0.010009093524297408f,0.018401186142893173f,0.9775825042708701f,0.20974709459734794f,0.9099404323587843f,0.6513379933881506f,0.14743993021520382f,-0.7443253894280601f,-0.25408163958481755f,0f,0f,0f,1f],start_interpolation:0}
execute if entity @s[tag=aj.tultaria.bone.skirt_left] run data modify entity @s {} merge value {transformation:[-0.7585645751797483f,0.029946694405435154f,-0.650909349123636f,0.21491082253934746f,0.018401186142893173f,0.9995294515176233f,0.024541228522912285f,0.8399925840498984f,0.6513379933881506f,0.006638602493498614f,-0.7587586884682316f,-0.061449983402350764f,0f,0f,0f,1f],start_interpolation:0}
execute if entity @s[tag=aj.tultaria.bone.skirt_back_middle] run data modify entity @s {} merge value {transformation:[-0.758987281247162f,0.07264861077923221f,-0.6470397872286442f,-0.08064620610735253f,0f,0.9937557538738854f,0.11157733480660728f,0.9078421539577982f,0.651105449911949f,0.0846857779936712f,-0.7542479778564641f,-0.09400849697171988f,0f,0f,0f,1f],start_interpolation:0}
execute if entity @s[tag=aj.tultaria.bone.skirt_front_middle] run data modify entity @s {} merge value {transformation:[-0.758987281247162f,-0.040812364789298276f,-0.6498250978419862f,0.12276296549378371f,0f,0.9980335718735943f,-0.06268165132824102f,0.9001730200443882f,0.651105449911949f,-0.04757457612570422f,-0.7574947873097333f,0.14310359317460247f,0f,0f,0f,1f],start_interpolation:0}
execute if entity @s[tag=aj.tultaria.bone.lower] run data modify entity @s {} merge value {transformation:[-0.758987281247162f,0f,-0.651105449911949f,0f,0f,1f,0f,0.9056119369004523f,0.651105449911949f,0f,-0.758987281247162f,0f,0f,0f,0f,1f],start_interpolation:0}