execute if entity @s[tag=aj.tultaria.bone.head] run data modify entity @s {} merge value {transformation:[-0.9844684627821989f,-0.040834576895988475f,0.1707465464276791f,0f,0f,0.9725738910831591f,0.23259412370772276f,1.7371390522732484f,-0.17556151567827732f,0.22898157941871444f,-0.9574683234967396f,0f,0f,0f,0f,1f],start_interpolation:0}
execute if entity @s[tag=aj.tultaria.bone.bust] run data modify entity @s {} merge value {transformation:[-0.6727925526850452f,0.36991559207863234f,0.6407125999921147f,-0.05317536636130343f,0f,0.8660254037844387f,-0.49999999999999994f,1.6277640522732484f,-0.7398311841572648f,-0.33639627634252256f,-0.5826554421022295f,0.04835696472423756f,0f,0f,0f,1f],start_interpolation:0}
execute if entity @s[tag=aj.tultaria.bone.left_wing] run data modify entity @s {} merge value {transformation:[-0.9047004059757657f,0f,0.4260483252253019f,0.13452843256247343f,0f,1f,0f,1.5183890522732484f,-0.4260483252253019f,0f,-0.9047004059757657f,-0.03785962007580157f,0f,0f,0f,1f],start_interpolation:0}
execute if entity @s[tag=aj.tultaria.bone.right_wing] run data modify entity @s {} merge value {transformation:[-0.338458132127704f,0f,0.940981451887669f,0.05042936347684274f,0f,1f,0f,1.5183890522732484f,-0.940981451887669f,0f,-0.338458132127704f,-0.1303385180954597f,0f,0f,0f,1f],start_interpolation:0}
execute if entity @s[tag=aj.tultaria.bone.body] run data modify entity @s {} merge value {transformation:[-0.6727925526850452f,0f,0.7398311841572648f,-0.03351931573610978f,0f,1f,0f,0.4558890522732484f,-0.7398311841572648f,0f,-0.6727925526850452f,0.706311868421155f,0f,0f,0f,1f],start_interpolation:0}
execute if entity @s[tag=aj.tultaria.bone.right_ring] run data modify entity @s {} merge value {transformation:[0.10890913681336689f,0.33890872798221106f,0.934494341350469f,-0.3861497743955562f,0.9384686082601925f,0.2748954472589842f,-0.20906736805742837f,1.480848834455727f,-0.32774299569745874f,0.899762950545177f,-0.28811657640179744f,-0.7065101185522793f,0f,0f,0f,1f],start_interpolation:0}
execute if entity @s[tag=aj.tultaria.bone.sword] run data modify entity @s {} merge value {transformation:[-0.40284636766991816f,-0.865507610395692f,0.2976766373135322f,-0.4595904889329181f,0.9066553423937922f,-0.33284892882439954f,0.25920586546072794f,1.454048644363656f,-0.12526329934960329f,0.374310254905725f,0.9188040808074716f,-0.9137792114828719f,0f,0f,0f,1f],start_interpolation:0}
execute if entity @s[tag=aj.tultaria.bone.right_hand] run data modify entity @s {} merge value {transformation:[-0.40284636766991816f,0.33890872798221106f,0.8502091966996316f,-0.25348817345774527f,0.9066553423937922f,0.2748954472589842f,0.32001341094566377f,1.553802505366099f,-0.12526329934960329f,0.899762950545177f,-0.41801404122623553f,-0.605110973894555f,0f,0f,0f,1f],start_interpolation:0}
execute if entity @s[tag=aj.tultaria.bone.right_arm] run data modify entity @s {} merge value {transformation:[-0.40284636766991816f,0.3004167698596164f,0.8645603324478098f,-0.2312724399854843f,0.9066553423937922f,0.2602589142421865f,0.3320261852117592f,1.6121390522732484f,-0.12526329934960329f,0.9176137869194165f,-0.3772188275940892f,-0.25431696955405975f,0f,0f,0f,1f],start_interpolation:0}
execute if entity @s[tag=aj.tultaria.bone.left_ring] run data modify entity @s {} merge value {transformation:[0.05000947668972627f,-0.644057208921925f,0.763340922443517f,0.6235159056252079f,-0.8480792677105427f,0.3762908188294606f,0.37305063375392356f,1.4493547795822224f,-0.5275041307144139f,-0.6660296774921926f,-0.5273934591733921f,0.46804387904206657f,0f,0f,0f,1f],start_interpolation:0}
execute if entity @s[tag=aj.tultaria.bone.left_hand] run data modify entity @s {} merge value {transformation:[-0.3620986184838627f,-0.644057208921925f,0.6738508010886222f,0.5860554793332154f,-0.9168987257322716f,0.3762908188294606f,-0.13304866183164257f,1.495676907977609f,-0.1678729199204408f,-0.6660296774921926f,-0.7267896198055055f,0.29584021507714536f,0f,0f,0f,1f],start_interpolation:0}
execute if entity @s[tag=aj.tultaria.bone.left_arm] run data modify entity @s {} merge value {transformation:[-0.3620986184838627f,-0.8509883466741464f,0.380399033012547f,0.2312724399854843f,-0.9168987257322716f,0.3986644907276763f,0.019061757090552273f,1.6433890522732484f,-0.1678729199204408f,-0.34188515273062875f,-0.9246259920096017f,0.25431696955405975f,0f,0f,0f,1f],start_interpolation:0}
execute if entity @s[tag=aj.tultaria.bone.leftfoot] run data modify entity @s {} merge value {transformation:[-0.6727925526850452f,0.16429124908598802f,0.7213588334007608f,-0.08968483278984868f,0f,0.9750316678289984f,-0.22206586124526603f,0.6016100550741097f,-0.7398311841572648f,-0.1494042576514056f,-0.655994044747429f,0.2505156467565396f,0f,0f,0f,1f],start_interpolation:0}
execute if entity @s[tag=aj.tultaria.bone.leftleg] run data modify entity @s {} merge value {transformation:[-0.6727925526850452f,0.18063670879780297f,0.717440283568074f,0.10028287623907081f,0f,0.9697351219187982f,-0.24415936049460346f,0.9558890522732484f,-0.7398311841572648f,-0.16426859940911245f,-0.6524305681040918f,0.07776156092967274f,0f,0f,0f,1f],start_interpolation:0}
execute if entity @s[tag=aj.tultaria.bone.rightfoot] run data modify entity @s {} merge value {transformation:[-0.6580035765140142f,0.12344566349056696f,0.742827342967489f,-0.33793461232358263f,0.2085180445790436f,0.977766104910336f,0.022218667228298294f,0.6496323307086596f,-0.7235685996363427f,0.16951286751702238f,-0.6691142423879934f,0.05009865803924601f,0f,0f,0f,1f],start_interpolation:0}
execute if entity @s[tag=aj.tultaria.bone.rightleg] run data modify entity @s {} merge value {transformation:[-0.6580035765140142f,0.4127316306575699f,0.6298284642261806f,-0.0679152619321905f,0.2085180445790436f,0.9035712928664152f,-0.374271484076261f,0.9558890522732484f,-0.7235685996363427f,-0.11494137532872231f,-0.6806151349021294f,-0.10719623510964346f,0f,0f,0f,1f],start_interpolation:0}
execute if entity @s[tag=aj.tultaria.bone.skirt_right_back] run data modify entity @s {} merge value {transformation:[-0.3683198524874568f,0.5036090747704375f,0.78148473182301f,0.006992706910113333f,0.6400523007468699f,0.7470134036522844f,-0.17973321082222854f,0.9519561685780097f,-0.6742948454291019f,0.433991790904728f,-0.5974760136231834f,-0.25615197791410016f,0f,0f,0f,1f],start_interpolation:0}
execute if entity @s[tag=aj.tultaria.bone.skirt_right] run data modify entity @s {} merge value {transformation:[-0.3683198524874568f,0.5346487182194508f,0.760586112396168f,-0.2518476774802576f,0.6400523007468699f,0.7391757254214313f,-0.20964803661455844f,0.9847228304353545f,-0.6742948454291019f,0.4095973572351256f,-0.6144562363372549f,-0.130007710191102f,0f,0f,0f,1f],start_interpolation:0}
execute if entity @s[tag=aj.tultaria.bone.skirt_left_back] run data modify entity @s {} merge value {transformation:[-0.7023133817738981f,-0.028274852890754196f,0.7113061552350838f,0.24164988804923002f,-0.2789591393390766f,0.930226244535003f,-0.23845530515697574f,0.956961748694334f,-0.6549333648246305f,-0.3658957046376891f,-0.6611978682415549f,-0.010114476694551705f,0f,0f,0f,1f],start_interpolation:0}
execute if entity @s[tag=aj.tultaria.bone.skirt_left] run data modify entity @s {} merge value {transformation:[-0.7023133817738981f,-0.002216449612592042f,0.7118644541852231f,0.06352383159085734f,-0.2789591393390766f,0.9208733616372466f,-0.2723491332942302f,0.9847228304353545f,-0.6549333648246305f,-0.3898555362926524f,-0.6473599836732696f,0.21678815738261586f,0f,0f,0f,1f],start_interpolation:0}
execute if entity @s[tag=aj.tultaria.bone.skirt_back_middle] run data modify entity @s {} merge value {transformation:[-0.6727925526850452f,0.10685162994934416f,0.7320743884529147f,0.09517646754155476f,0f,0.9895154518078529f,-0.14442704259764064f,0.9852838636535546f,-0.7398311841572648f,-0.09716943866601842f,-0.6657386267431011f,-0.08655220261601781f,0f,0f,0f,1f],start_interpolation:0}
execute if entity @s[tag=aj.tultaria.bone.skirt_front_middle] run data modify entity @s {} merge value {transformation:[-0.6727925526850452f,0.26276871768452303f,0.6915943768264546f,-0.12728117439132747f,0f,0.9348002512414284f,-0.3551738873832962f,1.0703929678080015f,-0.7398311841572648f,-0.23895834633967863f,-0.6289266472833421f,0.11574779228187894f,0f,0f,0f,1f],start_interpolation:0}
execute if entity @s[tag=aj.tultaria.bone.lower] run data modify entity @s {} merge value {transformation:[-0.6727925526850452f,0f,0.7398311841572648f,0f,0f,1f,0f,1.0496390522732484f,-0.7398311841572648f,0f,-0.6727925526850452f,0f,0f,0f,0f,1f],start_interpolation:0}