execute if entity @s[tag=aj.tultaria.bone.head] run data modify entity @s {} merge value {transformation:[0.11654795301482634f,0.38239121911326807f,-0.9166207122867792f,0f,0f,0.9229102852836293f,0.38501507154615405f,1.6375393566554066f,0.9931850656589909f,-0.044872718468561154f,0.10756330456613639f,0f,0f,0f,0f,1f],start_interpolation:0}
execute if entity @s[tag=aj.tultaria.bone.bust] run data modify entity @s {} merge value {transformation:[0.44025261380633707f,-0.44893697665615834f,-0.7775816529648294f,0.0645346903943228f,0f,0.8660254037844387f,-0.49999999999999994f,1.5281643566554066f,0.8978739533123168f,0.2201263069031685f,0.38126994763878763f,-0.031643156617330415f,0f,0f,0f,1f],start_interpolation:0}
execute if entity @s[tag=aj.tultaria.bone.left_wing] run data modify entity @s {} merge value {transformation:[0.7503418653150404f,0f,-0.6610499868811327f,-0.13975003252693569f,0f,1f,0f,1.4187893566554066f,0.6610499868811327f,0f,0.7503418653150404f,-0.001085545356227624f,0f,0f,0f,1f],start_interpolation:0}
execute if entity @s[tag=aj.tultaria.bone.right_wing] run data modify entity @s {} merge value {transformation:[0.06313889274550105f,0f,-0.9980047495993555f,-0.08471845580114351f,0f,1f,0f,1.4187893566554066f,0.9980047495993555f,0f,0.06313889274550105f,0.11114869880781197f,0f,0f,0f,1f],start_interpolation:0}
execute if entity @s[tag=aj.tultaria.bone.body] run data modify entity @s {} merge value {transformation:[0.44025261380633707f,0f,-0.8978739533123168f,0.22881066975298986f,0f,1f,0f,0.3562893566554066f,0.8978739533123168f,0f,0.44025261380633707f,-0.6690632835593269f,0f,0f,0f,1f],start_interpolation:0}
execute if entity @s[tag=aj.tultaria.bone.right_ring] run data modify entity @s {} merge value {transformation:[0.34412732070564356f,-0.5330731797316306f,0.7729226172100051f,0.5106878164177823f,0.9135454576426009f,-1.211320446569767e-16f,-0.4067366430758003f,1.5125393566554066f,0.2168203956377863f,0.8460691372759137f,0.48698658193492905f,0.15216297090405234f,0f,0f,0f,1f],start_interpolation:0}
execute if entity @s[tag=aj.tultaria.bone.sword] run data modify entity @s {} merge value {transformation:[4.887785884992025e-17f,-0.9285722229589779f,0.37115175703345726f,0.6405174047540126f,1f,-3.0824496795819546e-17f,-1.6365586331219762e-16f,1.5437893566554066f,9.968403361785469e-17f,0.37115175703345715f,0.9285722229589781f,-0.02458538444174707f,0f,0f,0f,1f],start_interpolation:0}
execute if entity @s[tag=aj.tultaria.bone.right_hand] run data modify entity @s {} merge value {transformation:[4.887785884992025e-17f,-0.5330731797316306f,0.8460691372759137f,0.506714113704332f,1f,-1.211320446569767e-16f,-1.1428219002275204e-16f,1.5125393566554066f,9.968403361785469e-17f,0.8460691372759137f,0.5330731797316308f,0.33433688420325425f,0f,0f,0f,1f],start_interpolation:0}
execute if entity @s[tag=aj.tultaria.bone.right_arm] run data modify entity @s {} merge value {transformation:[4.887785884992025e-17f,-0.9812254013658769f,0.1928644905480891f,0.15133683599592837f,1f,0f,-1.6653345369377348e-16f,1.5125393566554066f,9.968403361785469e-17f,0.19286449054808905f,0.981225401365877f,0.3086441714511089f,0f,0f,0f,1f],start_interpolation:0}
execute if entity @s[tag=aj.tultaria.bone.left_ring] run data modify entity @s {} merge value {transformation:[-0.21611630049940017f,0.04655049419136631f,-0.9752572974087365f,-0.3050653452005252f,-0.5468986728871509f,0.8216870494968176f,0.16041269988217133f,1.1490179762082913f,0.8088235816621114f,0.5680347209280029f,-0.15212156181002054f,-0.5488660059972268f,0f,0f,0f,1f],start_interpolation:0}
execute if entity @s[tag=aj.tultaria.bone.left_hand] run data modify entity @s {} merge value {transformation:[0.1992408146394564f,0.04655049419136631f,-0.9788442926596372f,-0.3895584829199652f,-0.5648625214636236f,0.8216870494968176f,-0.07589943698718654f,1.2702910054746204f,0.8007705224516968f,0.5680347209280029f,0.19000822664475014f,-0.44229730960428104f,0f,0f,0f,1f],start_interpolation:0}
execute if entity @s[tag=aj.tultaria.bone.left_arm] run data modify entity @s {} merge value {transformation:[0.1992408146394564f,0.4131021311452266f,-0.8886223759421535f,-0.15133683599592837f,-0.5648625214636236f,0.7894118382839539f,0.24033160720742958f,1.5437893566554066f,0.8007705224516968f,0.4540656107000628f,0.39062896916641493f,-0.3086441714511089f,0f,0f,0f,1f],start_interpolation:0}
execute if entity @s[tag=aj.tultaria.bone.leftfoot] run data modify entity @s {} merge value {transformation:[0.44025261380633707f,0.3207936963288694f,-0.8386113762836452f,0.07521268041813552f,0f,0.9339967744803733f,0.3572814370496439f,0.4518409470947324f,0.8978739533123168f,-0.15729408652559f,0.41119452125167233f,-0.176096632007396f,0f,0f,0f,1f],start_interpolation:0}
execute if entity @s[tag=aj.tultaria.bone.leftleg] run data modify entity @s {} merge value {transformation:[0.44025261380633707f,-0.00982020776951925f,-0.8978202490231839f,-0.07467256945449906f,0f,0.9999401872735758f,-0.01093717857979046f,0.8562893566554066f,0.8978739533123168f,0.004815121457419431f,0.4402262810971899f,-0.10260371823702598f,0f,0f,0f,1f],start_interpolation:0}
execute if entity @s[tag=aj.tultaria.bone.rightfoot] run data modify entity @s {} merge value {transformation:[0.43966176444498745f,0.30874063344764174f,-0.8434315349472472f,0.3169168675657838f,0.05179128056714182f,0.9287850899513813f,0.36698217932376537f,0.543569609804867f,0.8966689445622259f,-0.20503043174698143f,0.39236121866885676f,0.001887171808160601f,0f,0f,0f,1f],start_interpolation:0}
execute if entity @s[tag=aj.tultaria.bone.rightleg] run data modify entity @s {} merge value {transformation:[0.43966176444498745f,-0.36466709137311215f,-0.820801708913057f,0.03539058399708521f,0.05179128056714182f,0.9226396224809323f,-0.3821698448143945f,0.8562893566554066f,0.8966689445622259f,0.12551509669245814f,0.4245359400097322f,0.12186477009105322f,0f,0f,0f,1f],start_interpolation:0}
execute if entity @s[tag=aj.tultaria.bone.skirt_right_back] run data modify entity @s {} merge value {transformation:[0.4324343606970225f,-0.14813088115969159f,-0.8894142823990466f,-0.09357905813857056f,0.1405464756886375f,0.9854295023884286f,-0.09578822471471718f,0.8568204122970366f,0.8906442678533675f,-0.08358192310151318f,0.44695285016497216f,0.247045370596806f,0f,0f,0f,1f],start_interpolation:0}
execute if entity @s[tag=aj.tultaria.bone.skirt_right] run data modify entity @s {} merge value {transformation:[0.4324343606970225f,-0.32458935046290555f,-0.8412147628606067f,0.17681300209168863f,0.1405464756886375f,0.9458182274362931f,-0.2927021845165694f,0.8844213398428233f,0.8906442678533675f,0.008344711818733322f,0.4546241897706298f,0.14649340610556327f,0f,0f,0f,1f],start_interpolation:0}
execute if entity @s[tag=aj.tultaria.bone.skirt_left_back] run data modify entity @s {} merge value {transformation:[0.4403347919549465f,0.16646168394510333f,-0.8822674077467414f,-0.2420275654770251f,-0.10748802882493055f,0.9853687614645004f,0.13226763621251936f,0.9355015610036466f,0.8913762363072762f,0.036591142481166225f,0.4517847868605118f,-0.06546844654054476f,0f,0f,0f,1f],start_interpolation:0}
execute if entity @s[tag=aj.tultaria.bone.skirt_left] run data modify entity @s {} merge value {transformation:[0.4403347919549465f,0.022978758648141244f,-0.8975395521340465f,-0.004791201103425416f,-0.10748802882493055f,0.9938317709974602f,-0.02728982622484983f,0.8844213398428233f,0.8913762363072762f,0.10849141720450554f,0.4400886475923152f,-0.2238795996357674f,0f,0f,0f,1f],start_interpolation:0}
execute if entity @s[tag=aj.tultaria.bone.skirt_back_middle] run data modify entity @s {} merge value {transformation:[0.44025261380633707f,0.09285922100663788f,-0.8930592371789952f,-0.11323309246319288f,0f,0.9946376480623368f,0.10342122150227658f,0.9409284130647483f,0.8978739533123168f,-0.04553146308942141f,0.4378918243496313f,0.055521339874479075f,0f,0f,0f,1f],start_interpolation:0}
execute if entity @s[tag=aj.tultaria.bone.skirt_front_middle] run data modify entity @s {} merge value {transformation:[0.44025261380633707f,-0.10263530982583038f,-0.8919885813246963f,0.16724801757869664f,0f,0.9934452135893806f,-0.11430926295077598f,0.9494564837600139f,0.8978739533123168f,0.05032495179635501f,0.43736685195611963f,-0.08200636249811943f,0f,0f,0f,1f],start_interpolation:0}
execute if entity @s[tag=aj.tultaria.bone.lower] run data modify entity @s {} merge value {transformation:[0.44025261380633707f,0f,-0.8978739533123168f,0f,0f,1f,0f,0.9500393566554066f,0.8978739533123168f,0f,0.44025261380633707f,0f,0f,0f,0f,1f],start_interpolation:0}