execute if entity @s[tag=aj.tultaria.bone.head] run data modify entity @s {} merge value {transformation:[-0.9834510612172084f,0.02950953211044216f,-0.17875457394251326f,0f,-6.938893903907228e-18f,0.9866459644211792f,0.1628795287671262f,1.7075983380038355f,0.18117397768649518f,0.16018404541658907f,-0.9703180207556849f,0f,0f,0f,0f,1f],start_interpolation:0}
execute if entity @s[tag=aj.tultaria.bone.bust] run data modify entity @s {} merge value {transformation:[-0.9412939131007878f,0.16879408250839728f,0.2923599269215173f,-0.024264149360582188f,0f,0.8660254037844387f,-0.49999999999999994f,1.5982233380038355f,-0.3375881650167946f,-0.47064695655039385f,-0.8151844411729441f,0.06765550000411913f,0f,0f,0f,1f],start_interpolation:0}
execute if entity @s[tag=aj.tultaria.bone.left_wing] run data modify entity @s {} merge value {transformation:[-0.9988315781057349f,0f,-0.04832678945271662f,0.10102939019589854f,0f,1f,0f,1.4888483380038355f,0.04832678945271662f,0f,-0.9988315781057349f,-0.09656247882404878f,0f,0f,0f,1f],start_interpolation:0}
execute if entity @s[tag=aj.tultaria.bone.right_wing] run data modify entity @s {} merge value {transformation:[-0.7404527826768164f,0f,0.6721083816068353f,-0.01663234894169996f,0f,1f,0f,1.4888483380038355f,-0.6721083816068353f,0f,-0.7404527826768164f,-0.13876099945114806f,0f,0f,0f,1f],start_interpolation:0}
execute if entity @s[tag=aj.tultaria.bone.body] run data modify entity @s {} merge value {transformation:[-0.9412939131007878f,0f,0.3375881650167946f,0.30185287404199657f,0f,1f,0f,0.42634833800383554f,-0.3375881650167946f,0f,-0.9412939131007878f,0.6394410390587912f,0f,0f,0f,1f],start_interpolation:0}
execute if entity @s[tag=aj.tultaria.locator_origin.locator_right_hand] at @s on origin run tp @s ^-0.81566 ^1.12881 ^-0.47822 ~17.51489 ~16.28531
execute if entity @s[tag=aj.tultaria.bone.right_ring] run data modify entity @s {} merge value {transformation:[0.3613672640581013f,0.6437411860996831f,0.6745450213189152f,-0.6124630183253912f,0.2051346101955343f,0.6508201630999135f,-0.7309944644130544f,1.2898054658856688f,-0.9095787443465733f,0.40252999965415664f,0.10313150445589364f,-0.36477881834637815f,0f,0f,0f,1f],start_interpolation:0}
execute if entity @s[tag=aj.tultaria.bone.sword] run data modify entity @s {} merge value {transformation:[-0.7086229579005495f,0.05242040984738727f,0.7036374095851559f,-0.7709121436270296f,0.7055475946850385f,0.06322843805231862f,0.7058362106435322f,1.1738684892502131f,-0.007489670916188296f,0.996621425242753f,-0.08179021687629362f,-0.46736906040075427f,0f,0f,0f,1f],start_interpolation:0}
execute if entity @s[tag=aj.tultaria.bone.right_hand] run data modify entity @s {} merge value {transformation:[-0.7086229579005495f,0.6437411860996831f,0.2888785018917979f,-0.48479609844495963f,0.7055475946850385f,0.6508201630999135f,0.2804205893595523f,1.4177855466224882f,-0.007489670916188296f,0.40252999965415664f,-0.9153761544895038f,-0.38770002038380713f,0f,0f,0f,1f],start_interpolation:0}
execute if entity @s[tag=aj.tultaria.bone.right_arm] run data modify entity @s {} merge value {transformation:[-0.7086229579005495f,0.5789999559907983f,0.40325246992291297f,-0.3235697826283958f,0.7055475946850385f,0.5875246967492662f,0.39625411334627103f,1.5825983380038355f,-0.007489670916188296f,0.5653085720846063f,-0.8248455147221393f,-0.11604593172452315f,0f,0f,0f,1f],start_interpolation:0}
execute if entity @s[tag=aj.tultaria.locator_origin.locator_left_hand] at @s on origin run tp @s ^0.89592 ^1.11903 ^0.20591 ~21.71977 ~-0.75079
execute if entity @s[tag=aj.tultaria.bone.left_ring] run data modify entity @s {} merge value {transformation:[0.43522238033466104f,-0.6705209827152938f,0.6008186842919819f,0.6872452018645208f,0.06278228028358801f,0.6883152110945894f,0.7226898058352585f,1.28995812203212f,-0.8981313183149915f,-0.2768100105023795f,0.34166702086600026f,0.1203754347347176f,0f,0f,0f,1f],start_interpolation:0}
execute if entity @s[tag=aj.tultaria.bone.left_hand] run data modify entity @s {} merge value {transformation:[-0.6430204632708062f,-0.6705209827152938f,0.3700355328255847f,0.6171671295176547f,-0.7252933707410933f,0.6883152110945894f,-0.013103302439981868f,1.3962789391619013f,-0.2459150466604688f,-0.2768100105023795f,-0.9289251896205916f,-0.009962865933209664f,0f,0f,0f,1f],start_interpolation:0}
execute if entity @s[tag=aj.tultaria.bone.left_arm] run data modify entity @s {} merge value {transformation:[-0.6430204632708062f,-0.7606457375906766f,0.08912208312272246f,0.3235697826283958f,-0.7252933707410933f,0.6421984853794335f,0.2480536872037673f,1.6138483380038355f,-0.2459150466604688f,0.0948639407862508f,-0.9646380785374804f,0.11604593172452315f,0f,0f,0f,1f],start_interpolation:0}
execute if entity @s[tag=aj.tultaria.bone.leftfoot] run data modify entity @s {} merge value {transformation:[-0.9412939131007878f,-0.0022342395675399376f,0.33758077156876304f,0.049745705467615364f,0f,0.9999780992084506f,0.006618240208239479f,0.5499287345654893f,-0.3375881650167946f,0.006229709223454727f,-0.9412732980190103f,0.23156816008801728f,0f,0f,0f,1f],start_interpolation:0}
execute if entity @s[tag=aj.tultaria.bone.leftleg] run data modify entity @s {} merge value {transformation:[-0.9412939131007878f,0.05192754058203749f,0.3335705318047555f,0.12504648024734086f,0f,0.9880990104856334f,-0.15381919736272198f,0.9263483380038355f,-0.3375881650167946f,-0.14478907419557896f,-0.9300915841110382f,0.021607716278019596f,0f,0f,0f,1f],start_interpolation:0}
execute if entity @s[tag=aj.tultaria.bone.rightfoot] run data modify entity @s {} merge value {transformation:[-0.9401590674238695f,-0.008524233190613822f,0.34062921981120775f,-0.227911949035925f,0.04908963897482477f,0.9858693363844115f,0.16016197714276964f,0.6135858644979247f,-0.33718116092985f,0.16729910049211782f,-0.9264555443670931f,0.21967654193129998f,0f,0f,0f,1f],start_interpolation:0}
execute if entity @s[tag=aj.tultaria.bone.rightleg] run data modify entity @s {} merge value {transformation:[-0.9401590674238695f,0.17187981838714642f,0.2942078448510196f,-0.1102769980278561f,0.04908963897482477f,0.9227656820137201f,-0.38222206038254153f,0.9263483380038355f,-0.33718116092985f,-0.3449069789507824f,-0.8759840412844535f,-0.06278932497617906f,0f,0f,0f,1f],start_interpolation:0}
execute if entity @s[tag=aj.tultaria.bone.skirt_right_back] run data modify entity @s {} merge value {transformation:[-0.8587494484121367f,0.37688744859720774f,0.34713864080758566f,-0.1451796557470226f,0.3564739601778772f,0.9260919538804837f,-0.1236123322040693f,0.9355942410822642f,-0.3680702386324545f,0.017593863922263447f,-0.9296315159165662f,-0.25305135815286306f,0f,0f,0f,1f],start_interpolation:0}
execute if entity @s[tag=aj.tultaria.bone.skirt_right] run data modify entity @s {} merge value {transformation:[-0.8587494484121367f,0.4144094194152571f,0.30135397450798684f,-0.28267197005372674f,0.3564739601778772f,0.9056551161345426f,-0.22959774897509172f,0.9547049744786584f,-0.3680702386324545f,-0.08974209558082309f,-0.9254569983061398f,0.001340108637276044f,0f,0f,0f,1f],start_interpolation:0}
execute if entity @s[tag=aj.tultaria.bone.skirt_left_back] run data modify entity @s {} merge value {transformation:[-0.9409752892816334f,-0.08993827324324094f,0.3263075420019746f,0.21928440130301446f,-0.11628401573011987f,0.9912720756475761f,-0.06211038340747452f,0.9682974204280597f,-0.31787345382561205f,-0.09638868734125587f,-0.9432209117198399f,-0.12345627185204294f,0f,0f,0f,1f],start_interpolation:0}
execute if entity @s[tag=aj.tultaria.bone.skirt_left] run data modify entity @s {} merge value {transformation:[-0.9409752892816334f,-0.05829404868606173f,0.3334176192841844f,0.15855955171226752f,-0.11628401573011987f,0.980776609123077f,-0.1567012146816882f,0.9547049744786584f,-0.31787345382561205f,-0.18622311050142612f,-0.9296652195646291f,0.1595845609888985f,0f,0f,0f,1f],start_interpolation:0}
execute if entity @s[tag=aj.tultaria.bone.skirt_back_middle] run data modify entity @s {} merge value {transformation:[-0.9412939131007878f,0.023639912985979967f,0.33675944481695214f,0.0436006095521037f,0f,0.9975451740146127f,-0.07002589378334369f,0.9821544621842959f,-0.3375881650167946f,-0.06591494757770372f,-0.9389832003430211f,-0.1215711705321113f,0f,0f,0f,1f],start_interpolation:0}
execute if entity @s[tag=aj.tultaria.bone.skirt_front_middle] run data modify entity @s {} merge value {transformation:[-0.9412939131007878f,0.08175843349371799f,0.3275382843456011f,-0.06059239647420392f,0f,0.9702303525045272f,-0.2421839447175247f,1.0311235917723236f,-0.3375881650167946f,-0.22796627301334366f,-0.913271925118143f,0.16894921058183526f,0f,0f,0f,1f],start_interpolation:0}
execute if entity @s[tag=aj.tultaria.bone.lower] run data modify entity @s {} merge value {transformation:[-0.9412939131007878f,0f,0.3375881650167946f,0f,0f,1f,0f,1.0200983380038355f,-0.3375881650167946f,0f,-0.9412939131007878f,0f,0f,0f,0f,1f],start_interpolation:0}