execute if entity @s[tag=aj.tultaria.bone.head] run data modify entity @s {} merge value {transformation:[-0.9812464337802909f,0.03347198067327402f,-0.18982903545893443f,0f,-6.938893903907228e-18f,0.984807753012208f,0.17364817766693033f,1.5841026518786268f,0.19275745431360475f,0.1703916550681217f,-0.9663390956024107f,0f,0f,0f,0f,1f],start_interpolation:0}
execute if entity @s[tag=aj.tultaria.bone.bust] run data modify entity @s {} merge value {transformation:[-0.7721239200139369f,-0.3177359958134707f,-0.5503348881424235f,0.04567454939818649f,0f,0.8660254037844387f,-0.49999999999999994f,1.4747276518786268f,0.6354719916269415f,-0.3860619600069684f,-0.6686789296016934f,0.05549640675100176f,0f,0f,0f,1f],start_interpolation:0}
execute if entity @s[tag=aj.tultaria.bone.left_wing] run data modify entity @s {} merge value {transformation:[-0.4701648833355807f,0f,-0.8825785984704364f,-0.03117625395249657f,0f,1f,0f,1.3653526518786268f,0.8825785984704364f,0f,-0.4701648833355807f,-0.13623248947842592f,0f,0f,0f,1f],start_interpolation:0}
execute if entity @s[tag=aj.tultaria.bone.right_wing] run data modify entity @s {} merge value {transformation:[-0.9565340891909357f,0f,-0.2916205346261936f,-0.12769174395423866f,0f,1f,0f,1.3653526518786268f,0.2916205346261936f,0f,-0.9565340891909357f,-0.056798490525058254f,0f,0f,0f,1f],start_interpolation:0}
execute if entity @s[tag=aj.tultaria.bone.body] run data modify entity @s {} merge value {transformation:[-0.7721239200139369f,0f,-0.6354719916269415f,0.7037979558204392f,0f,1f,0f,0.30285265187862676f,0.6354719916269415f,0f,-0.7721239200139369f,0.06832596419349773f,0f,0f,0f,1f],start_interpolation:0}
execute if entity @s[tag=aj.tultaria.bone.right_ring] run data modify entity @s {} merge value {transformation:[0.6111657800037202f,0.022749474349904653f,-0.7911756131032148f,-0.3830455554332504f,0.16133139528505583f,0.9750214764481162f,0.15266073942016883f,1.0229331184448467f,0.7748861659933166f,-0.2209424854611232f,0.5922295567349201f,0.24183674390159557f,0f,0f,0f,1f],start_interpolation:0}
execute if entity @s[tag=aj.tultaria.bone.sword] run data modify entity @s {} merge value {transformation:[-0.000005635921099740562f,2.2749474349904654e-7f,-0.000008257399075930597f,-0.41853644244012284f,0.0000019504313387729247f,0.000009750214764481162f,-0.0000010626051191416403f,0.8140819479068279f,0.000008026967730733171f,-0.0000022094248546112322f,-0.000005539515399526798f,0.3065966939429968f,0f,0f,0f,1f],start_interpolation:0}
execute if entity @s[tag=aj.tultaria.bone.right_hand] run data modify entity @s {} merge value {transformation:[-0.5635921099740562f,0.022749474349904653f,-0.8257399075930596f,-0.45690406640292713f,0.19504313387729244f,0.9750214764481162f,-0.10626051191416402f,1.165318301147912f,0.802696773073317f,-0.2209424854611232f,-0.5539515399526798f,0.15538152367773134f,0f,0f,0f,1f],start_interpolation:0}
execute if entity @s[tag=aj.tultaria.bone.right_arm] run data modify entity @s {} merge value {transformation:[-0.5635921099740562f,0.3534255561190344f,-0.7466286291436612f,-0.2654175975047908f,0.19504313387729244f,0.9352291106634883f,0.2954736646385009f,1.4591026518786268f,0.802696773073317f,0.020901838424692953f,-0.5960209758457767f,0.21844349712176112f,0f,0f,0f,1f],start_interpolation:0}
execute if entity @s[tag=aj.tultaria.bone.left_ring] run data modify entity @s {} merge value {transformation:[0.07183868534561533f,-0.2079117105999826f,-0.9755059835199387f,0.3128747409735693f,0.011906534717649166f,0.9781420346617956f,-0.20759671109798414f,1.022419310127269f,0.9973451948642613f,0.0032985789472980143f,0.07274394585185323f,-0.34481451581782846f,0f,0f,0f,1f],start_interpolation:0}
execute if entity @s[tag=aj.tultaria.bone.left_hand] run data modify entity @s {} merge value {transformation:[-0.9055619476862009f,-0.2079117105999826f,-0.3697705768421325f,0.24572254461337212f,-0.19375688327931134f,0.9781420346617956f,-0.07547469913533794f,1.1681782499992366f,0.3773802181946765f,0.0032985789472980143f,-0.9260525310652019f,-0.43111653764467583f,0f,0f,0f,1f],start_interpolation:0}
execute if entity @s[tag=aj.tultaria.bone.left_arm] run data modify entity @s {} merge value {transformation:[-0.9055619476862009f,-0.05271146666764773f,-0.4209264308457237f,0.2654175975047908f,-0.19375688327931134f,0.9340980352447733f,0.2998651875989301f,1.4903526518786268f,0.3773802181946765f,0.3531038966559271f,-0.8560968456207152f,-0.21844349712176112f,0f,0f,0f,1f],start_interpolation:0}
execute if entity @s[tag=aj.tultaria.bone.leftfoot] run data modify entity @s {} merge value {transformation:[-0.7721239200139369f,0.2644166019321655f,-0.5778481744930568f,0.1821041883022521f,0f,0.9093212322602047f,0.4160948167915372f,0.3942768284896443f,0.6354719916269415f,0.3212767610385627f,-0.7021086744046529f,0.024559697246347267f,0f,0f,0f,1f],start_interpolation:0}
execute if entity @s[tag=aj.tultaria.bone.leftleg] run data modify entity @s {} merge value {transformation:[-0.7721239200139369f,0.009264188372406026f,-0.6354044593454724f,0.08261454018490277f,0f,0.9998937289410724f,0.014578436964133955f,0.8028526518786268f,0.6354719916269415f,0.011256359896423188f,-0.7720418655873338f,-0.09632420970367256f,0f,0f,0f,1f],start_interpolation:0}
execute if entity @s[tag=aj.tultaria.bone.rightfoot] run data modify entity @s {} merge value {transformation:[-0.7721239200139369f,0.25596437891319324f,-0.5816415467191927f,0.0837809846848887f,0f,0.9152906097876452f,0.40279411569008855f,0.4897126495552436f,0.6354719916269415f,0.31100697156517837f,-0.7067177735811834f,0.2985014364392041f,0f,0f,0f,1f],start_interpolation:0}
execute if entity @s[tag=aj.tultaria.bone.rightleg] run data modify entity @s {} merge value {transformation:[-0.7721239200139369f,-0.24318460292767752f,-0.587099566548315f,-0.11041643981858146f,0f,0.9238795325112867f,-0.3826834323650897f,0.8028526518786268f,0.6354719916269415f,-0.2954790319221214f,-0.7133494862632582f,0.0625437882030628f,0f,0f,0f,1f],start_interpolation:0}
execute if entity @s[tag=aj.tultaria.bone.skirt_right_back] run data modify entity @s {} merge value {transformation:[-0.7708550111833123f,-0.018894082048142607f,-0.6367303710340301f,-0.30503533256760307f,0.043507635661003734f,0.9956643027570806f,-0.08221728440204043f,0.8025946905846925f,0.6355231210371222f,-0.09108023868444068f,-0.7666907803987345f,0.00047108714895419124f,0f,0f,0f,1f],start_interpolation:0}
execute if entity @s[tag=aj.tultaria.bone.skirt_right] run data modify entity @s {} merge value {transformation:[-0.7708550111833123f,-0.16375084432025278f,-0.6156039414412321f,-0.14575151536671926f,0.043507635661003734f,0.9506043268510826f,-0.30734101485351634f,0.8309811941984576f,0.6355231210371222f,-0.26369883343770084f,-0.7256536969318291f,0.2409024640332975f,0f,0f,0f,1f],start_interpolation:0}
execute if entity @s[tag=aj.tultaria.bone.skirt_left_back] run data modify entity @s {} merge value {transformation:[-0.7709821088411979f,0.07338931921454195f,-0.6326140969595963f,0.010660957926178105f,-0.07260979869876658f,0.9767312609948984f,0.2018015384684672f,0.8965020887909599f,0.6327040421711434f,0.20151935793005524f,-0.7477135436781618f,-0.250501941036545f,0f,0f,0f,1f],start_interpolation:0}
execute if entity @s[tag=aj.tultaria.bone.skirt_left] run data modify entity @s {} merge value {transformation:[-0.7709821088411979f,-0.0437550614854368f,-0.6353519358915852f,0.2161815721398137f,-0.07260979869876658f,0.997171001070763f,0.019437380390812928f,0.8309811941984576f,0.6327040421711434f,0.06111864869201714f,-0.7719780474873349f,-0.056975032041831325f,0f,0f,0f,1f],start_interpolation:0}
execute if entity @s[tag=aj.tultaria.bone.skirt_back_middle] run data modify entity @s {} merge value {transformation:[-0.7721239200139369f,0.09517630743108721f,-0.6283041641164689f,-0.07886734066249147f,0f,0.9887204666690008f,0.14977262363273622f,0.8977213134261782f,0.6354719916269415f,0.11564302527008027f,-0.7634147225224779f,-0.09582697748407856f,0f,0f,0f,1f],start_interpolation:0}
execute if entity @s[tag=aj.tultaria.bone.skirt_front_middle] run data modify entity @s {} merge value {transformation:[-0.7721239200139369f,-0.043069661799681296f,-0.6340107699201747f,0.11968013930362889f,0f,0.9977005726042689f,-0.06777586167002253f,0.8916471320540492f,0.6354719916269415f,-0.052331363994980125f,-0.7703484771193576f,0.14541616235571359f,0f,0f,0f,1f],start_interpolation:0}
execute if entity @s[tag=aj.tultaria.bone.lower] run data modify entity @s {} merge value {transformation:[-0.7721239200139369f,0f,-0.6354719916269415f,0f,0f,1f,0f,0.8966026518786268f,0.6354719916269415f,0f,-0.7721239200139369f,0f,0f,0f,0f,1f],start_interpolation:0}