execute if entity @s[tag=aj.tultaria.bone.head] run data modify entity @s {} merge value {transformation:[-0.9999821384228782f,0.0011251843309026677f,-0.005869991092765481f,0f,6.938893903907228e-18f,0.9821198349416331f,0.1882568187721743f,1.7270392616468024f,0.005976858305803745f,0.18825345620848705f,-0.9821022927324585f,0f,0f,0f,0f,1f],start_interpolation:0}
execute if entity @s[tag=aj.tultaria.bone.bust] run data modify entity @s {} merge value {transformation:[-0.8031295477428811f,0.29790221950428425f,0.5159817798689567f,-0.04282344405374089f,0f,0.8660254037844387f,-0.49999999999999994f,1.6176642616468024f,-0.5958044390085686f,-0.4015647738714405f,-0.6955305908752423f,0.05772493624401964f,0f,0f,0f,1f],start_interpolation:0}
execute if entity @s[tag=aj.tultaria.bone.left_wing] run data modify entity @s {} merge value {transformation:[-0.9699994388528499f,0f,0.24310715461531784f,0.12467115161000114f,0f,1f,0f,1.5082892616468024f,-0.24310715461531784f,0f,-0.9699994388528499f,-0.0631534160298246f,0f,0f,0f,1f],start_interpolation:0}
execute if entity @s[tag=aj.tultaria.bone.right_wing] run data modify entity @s {} merge value {transformation:[-0.5139904633765384f,0f,0.8577958985434537f,0.024279958142140956f,0f,1f,0f,1.5082892616468024f,-0.8577958985434537f,0f,-0.5139904633765384f,-0.13762897090589554f,0f,0f,0f,1f],start_interpolation:0}
execute if entity @s[tag=aj.tultaria.bone.body] run data modify entity @s {} merge value {transformation:[-0.8031295477428811f,0f,0.5958044390085686f,0.10366255436715627f,0f,1f,0f,0.44578926164680244f,-0.5958044390085686f,0f,-0.8031295477428811f,0.6994669933757249f,0f,0f,0f,1f],start_interpolation:0}
execute if entity @s[tag=aj.tultaria.locator_origin.locator_right_hand] at @s on origin run tp @s ^-0.67089 ^1.28952 ^-0.78785 ~43.83205 ~19.02215
execute if entity @s[tag=aj.tultaria.bone.right_ring] run data modify entity @s {} merge value {transformation:[0.34927469944136635f,0.5230778660384532f,0.7774295661928489f,-0.5067279179718411f,0.6559993680996956f,0.4559361271216747f,-0.6014873872643451f,1.3918730324851973f,-0.6690829644991295f,0.7200776305690562f,-0.18389179582327903f,-0.5813259232810286f,0f,0f,0f,1f],start_interpolation:0}
execute if entity @s[tag=aj.tultaria.bone.sword] run data modify entity @s {} merge value {transformation:[-0.5456371149725544f,-0.5595936950872253f,0.623806889335997f,-0.6279722249034494f,0.8281844778840086f,-0.24635524553054028f,0.5034079494719759f,1.323110482278234f,-0.12802581519529402f,0.7913052441493187f,0.5978673776226361f,-0.7534996592302401f,0f,0f,0f,1f],start_interpolation:0}
execute if entity @s[tag=aj.tultaria.bone.right_hand] run data modify entity @s {} merge value {transformation:[-0.5456371149725544f,0.5230778660384532f,0.6547287108605254f,-0.36361618476015856f,0.8281844778840086f,0.4559361271216747f,0.3259336106897849f,1.4936693283501263f,-0.12802581519529402f,0.7200776305690562f,-0.6819806423921682f,-0.5327494787288793f,0f,0f,0f,1f],start_interpolation:0}
execute if entity @s[tag=aj.tultaria.bone.right_arm] run data modify entity @s {} merge value {transformation:[-0.5456371149725544f,0.44784136883599074f,0.7083207233475056f,-0.27607578203661537f,0.8281844778840086f,0.41729439158571724f,0.37413348064975177f,1.6020392616468024f,-0.12802581519529402f,0.7907613414363477f,-0.5985865781433528f,-0.20480777590919547f,0f,0f,0f,1f],start_interpolation:0}
execute if entity @s[tag=aj.tultaria.locator_origin.locator_left_hand] at @s on origin run tp @s ^0.87742 ^1.25556 ^0.48088 ~34.25113 ~-3.76105
execute if entity @s[tag=aj.tultaria.bone.left_ring] run data modify entity @s {} merge value {transformation:[0.29942001738182f,-0.6820254059165691f,0.667224848814408f,0.6709583116014916f,-0.430217768434639f,0.5276751331547713f,0.7324422336083669f,1.3775011301799152f,-0.8516221726294999f,-0.5063598518192702f,-0.13542295060799947f,0.3305998535620201f,0f,0f,0f,1f],start_interpolation:0}
execute if entity @s[tag=aj.tultaria.bone.left_hand] run data modify entity @s {} merge value {transformation:[-0.4684406252659776f,-0.6820254059165691f,0.5616090511065139f,0.6170426904682633f,-0.8469097753429943f,0.5276751331547713f,-0.06559562697751378f,1.4538007797062062f,-0.2516092467078638f,-0.5063598518192702f,-0.8247984526153452f,0.1741562717825705f,0f,0f,0f,1f],start_interpolation:0}
execute if entity @s[tag=aj.tultaria.bone.left_arm] run data modify entity @s {} merge value {transformation:[-0.4684406252659776f,-0.8437118308809946f,0.2621330330802663f,0.27607578203661537f,-0.8469097753429943f,0.5133193816493175f,0.1387337192309106f,1.6332892616468024f,-0.2516092467078638f,-0.15701451797398364f,-0.9550074492466009f,0.20480777590919547f,0f,0f,0f,1f],start_interpolation:0}
execute if entity @s[tag=aj.tultaria.bone.leftfoot] run data modify entity @s {} merge value {transformation:[-0.8031295477428811f,0.07511975932772924f,0.5910498720927526f,-0.031213594016970214f,0f,0.9920199202883958f,-0.12608123472985555f,0.5817666415895019f,-0.5958044390085686f,-0.10125956502745297f,-0.7967205099331484f,0.25187553133373175f,0f,0f,0f,1f],start_interpolation:0}
execute if entity @s[tag=aj.tultaria.bone.leftleg] run data modify entity @s {} merge value {transformation:[-0.8031295477428811f,0.12282969213002669f,0.583005828678889f,0.11342441557117258f,0f,0.9785187731213f,-0.20615773245063085f,0.9457892616468024f,-0.5958044390085686f,-0.16557136642677306f,-0.7858773397148285f,0.05690709601919555f,0f,0f,0f,1f],start_interpolation:0}
execute if entity @s[tag=aj.tultaria.bone.rightfoot] run data modify entity @s {} merge value {transformation:[-0.7969674962485366f,0.0506261155917935f,0.6018968402836361f,-0.3005270085842777f,0.12363750113498267f,0.9890554853314126f,0.0805171736273772f,0.6350518416025531f,-0.5912330997469913f,0.13858659154453007f,-0.7945043602193972f,0.13032174319706527f,0f,0f,0f,1f],start_interpolation:0}
execute if entity @s[tag=aj.tultaria.bone.rightleg] run data modify entity @s {} merge value {transformation:[-0.7969674962485366f,0.3197428893487502f,0.5124522364418478f,-0.0873579713645477f,0.12363750113498267f,0.9167910207389269f,-0.379747274651937f,0.9457892616468024f,-0.5912330997469913f,-0.23928792072185623f,-0.7701848562262016f,-0.0920440137329466f,0f,0f,0f,1f],start_interpolation:0}
execute if entity @s[tag=aj.tultaria.bone.skirt_right_back] run data modify entity @s {} merge value {transformation:[-0.6363537205168229f,0.45650460777673385f,0.6218178876994516f,-0.05567712072998343f,0.47866310108724275f,0.8658118136418259f,-0.14577907605618912f,0.9533529502561168f,-0.6049260930410766f,0.20487422101587754f,-0.7694744800974209f,-0.2718168541042394f,0f,0f,0f,1f],start_interpolation:0}
execute if entity @s[tag=aj.tultaria.bone.skirt_right] run data modify entity @s {} merge value {transformation:[-0.6363537205168229f,0.5022757196209897f,0.5854682261776588f,-0.27161834558491255f,0.47866310108724275f,0.8522886333270085f,-0.2109163842832605f,0.9743633656618221f,-0.6049260930410766f,0.14602461087363666f,-0.7827778963264496f,-0.0796910493495614f,0f,0f,0f,1f],start_interpolation:0}
execute if entity @s[tag=aj.tultaria.bone.skirt_left_back] run data modify entity @s {} merge value {transformation:[-0.8135142647559822f,-0.04132899623556261f,0.5800745254781444f,0.24275548365456234f,-0.15981988976722222f,0.974953248707696f,-0.1546730929059812f,0.9683609428520115f,-0.5591530594330381f,-0.21853621417163377f,-0.7997435709164551f,-0.05522146547235665f,0f,0f,0f,1f],start_interpolation:0}
execute if entity @s[tag=aj.tultaria.bone.skirt_left] run data modify entity @s {} merge value {transformation:[-0.8135142647559822f,-0.0036344236264958807f,0.581533603503217f,0.10484862991956298f,-0.15981988976722222f,0.9628742820991525f,-0.21755624492722478f,0.9743633656618221f,-0.5591530594330381f,-0.26992574504286326f,-0.7838928168376902f,0.19959228143570515f,0f,0f,0f,1f],start_interpolation:0}
execute if entity @s[tag=aj.tultaria.bone.skirt_back_middle] run data modify entity @s {} merge value {transformation:[-0.8031295477428811f,0.07844373636655146f,0.5906179050512863f,0.07702472732947371f,0f,0.9912949054795347f,-0.13166020799892583f,0.9877759237005925f,-0.5958044390085686f,-0.10574020330591095f,-0.7961382291176008f,-0.10382741445847016f,0f,0f,0f,1f],start_interpolation:0}
execute if entity @s[tag=aj.tultaria.bone.skirt_front_middle] run data modify entity @s {} merge value {transformation:[-0.8031295477428811f,0.17981172265864154f,0.568023480092898f,-0.10470452376528158f,0f,0.9533723532474873f,-0.3017965474675752f,1.0557622502403503f,-0.5958044390085686f,-0.24238172467799668f,-0.7656815068942208f,0.141139090803308f,0f,0f,0f,1f],start_interpolation:0}
execute if entity @s[tag=aj.tultaria.bone.lower] run data modify entity @s {} merge value {transformation:[-0.8031295477428811f,0f,0.5958044390085686f,0f,0f,1f,0f,1.0395392616468024f,-0.5958044390085686f,0f,-0.8031295477428811f,0f,0f,0f,0f,1f],start_interpolation:0}