execute if entity @s[tag=aj.labyria.bone.wing_right_1] run data modify entity @s {} merge value {transformation:[-0.7877167724285863f,-0.10020539643391978f,0.19080254035168365f,0.1815020715779972f,-0.10898408830370161f,0.8089734038098212f,-0.025078773283539604f,1.4159684376606856f,-0.18592794135294954f,-0.04965234031057537f,-0.7936686274323693f,-0.29088997533175137f,0f,0f,0f,1f],start_interpolation:0}
execute if entity @s[tag=aj.labyria.bone.wing_right_2] run data modify entity @s {} merge value {transformation:[-0.7504676067051027f,0.2046058220983286f,0.18690861095675135f,0.1815020715779972f,0.20462943703721098f,0.7729962858231406f,-0.024566961583875533f,1.4159684376606856f,-0.18688275678657254f,0.02476286871702481f,-0.7774713085051782f,-0.29088997533175137f,0f,0f,0f,1f],start_interpolation:0}
execute if entity @s[tag=aj.labyria.bone.wing_left_1] run data modify entity @s {} merge value {transformation:[-0.5449074140876304f,0.13477220279355898f,0.5931751915504792f,0.13111541886616807f,0.15547507184027598f,0.8007757890526501f,-0.039116264492035945f,1.417726266360923f,-0.5880883067644153f,0.08682760773925365f,-0.5599621008833416f,-0.3201556064690323f,0f,0f,0f,1f],start_interpolation:0}
execute if entity @s[tag=aj.labyria.bone.wing_left_2] run data modify entity @s {} merge value {transformation:[-0.5436772860163174f,-0.08229919330463029f,0.5810695753963878f,0.13111541886616807f,-0.15948087264056654f,0.7830054815758677f,-0.03831797337995358f,1.417726266360923f,-0.564783905517619f,-0.14187761840244756f,-0.5485343029061306f,-0.3201556064690323f,0f,0f,0f,1f],start_interpolation:0}
execute if entity @s[tag=aj.labyria.bone.musket] run data modify entity @s {} merge value {transformation:[-0.000012991039035558517f,-0.00000851093662661986f,-0.000004802345945135091f,-0.7846331488793015f,0.0000021900010597742376f,-0.00001032102940791743f,0.000012367130280772146f,1.7576425686862702f,-0.00000952378413222825f,0.000009236123308026166f,0.000009394531712871762f,-0.5096769599528734f,0f,0f,0f,1f],start_interpolation:0}
execute if entity @s[tag=aj.labyria.bone.omega_blade] run data modify entity @s {} merge value {transformation:[-1.4336809455091133f,-0.9392603344984031f,-0.529983156577216f,-0.7846331488793015f,0.2416868105352516f,-1.139020763440748f,1.3648268614727874f,1.7576425686862702f,-1.0510373960192372f,1.0192913716020116f,1.0367731997309237f,-0.5096769599528734f,0f,0f,0f,1f],start_interpolation:0}
execute if entity @s[tag=aj.labyria.bone.arm_right_2] run data modify entity @s {} merge value {transformation:[-0.7991411940366637f,0.14122102147825924f,0.5843200964251464f,-0.5376947887809449f,0.1347174815701184f,0.9893637680782937f,-0.054868338532571254f,1.7049326855472051f,-0.5858536951774393f,0.034870582251477586f,-0.8096662833170114f,-0.32789447360201396f,0f,0f,0f,1f],start_interpolation:0}
execute if entity @s[tag=aj.labyria.bone.arm_right_1] run data modify entity @s {} merge value {transformation:[-0.8325053688199553f,0.14122102147825924f,0.5357158145683092f,-0.2680017226716033f,0.1377446008085302f,0.9893637680782937f,-0.04675210542872576f,1.6603373215976827f,-0.5366201970053388f,0.034870582251477586f,-0.8431030818704165f,-0.15483435688710787f,0f,0f,0f,1f],start_interpolation:0}
execute if entity @s[tag=aj.labyria.bone.arm_left_2] run data modify entity @s {} merge value {transformation:[-0.2856057680938777f,0.7357150446928783f,0.6141276074596079f,0.4606875988117486f,0.7860562605617526f,0.5464182270711023f,-0.28903749991332817f,1.3250168741083956f,-0.5482197556301489f,0.4001880734567551f,-0.7343736143134436f,0.18687982689272156f,0f,0f,0f,1f],start_interpolation:0}
execute if entity @s[tag=aj.labyria.bone.arm_left_1] run data modify entity @s {} merge value {transformation:[-0.5536066458997324f,0.7357150446928783f,0.39018336026566336f,0.2478950442940389f,0.825554377899399f,0.5464182270711023f,0.14102159499739486f,1.6423393381134772f,-0.10945159088283968f,0.4001880734567551f,-0.9098735379799691f,0.14480937164713006f,0f,0f,0f,1f],start_interpolation:0}
execute if entity @s[tag=aj.labyria.bone.himo_right_2] run data modify entity @s {} merge value {transformation:[-0.864329661931966f,0.23715457670062556f,0.44349965304892874f,-0.28429197587635546f,0.030153689607045803f,0.9046896822140056f,-0.42500274575419295f,1.32697913220367f,-0.5020209064447965f,-0.35396932867900904f,-0.7891012126760903f,0.13641978770572094f,0f,0f,0f,1f],start_interpolation:0}
execute if entity @s[tag=aj.labyria.bone.himo_right_1] run data modify entity @s {} merge value {transformation:[-0.864329661931966f,0.1529516408444297f,0.479103361569891f,-0.2526191472082131f,0.030153689607045803f,0.9666791070548907f,-0.2542090851772231f,1.5066426579941044f,-0.5020209064447965f,-0.2052737185967929f,-0.84014148210036f,0.09268008120569503f,0f,0f,0f,1f],start_interpolation:0}
execute if entity @s[tag=aj.labyria.bone.himo_left_2] run data modify entity @s {} merge value {transformation:[-0.864329661931966f,0.23715457670062556f,0.44349965304892874f,-0.014188956522616092f,0.030153689607045803f,0.9046896822140056f,-0.42500274575419295f,1.317556104201468f,-0.5020209064447965f,-0.35396932867900904f,-0.7891012126760903f,0.29330132096971984f,0f,0f,0f,1f],start_interpolation:0}
execute if entity @s[tag=aj.labyria.bone.himo_left_1] run data modify entity @s {} merge value {transformation:[-0.864329661931966f,0.1529516408444297f,0.479103361569891f,0.017483872145526283f,0.030153689607045803f,0.9666791070548907f,-0.2542090851772231f,1.4972196299919025f,-0.5020209064447965f,-0.2052737185967929f,-0.84014148210036f,0.2495616144696939f,0f,0f,0f,1f],start_interpolation:0}
execute if entity @s[tag=aj.labyria.bone.ribbon_left_himo_1] run data modify entity @s {} merge value {transformation:[-0.9991986257113801f,-0.01792685037666109f,-0.03578734988877996f,0.289879001400245f,-0.019229166477070916f,0.9991528569145951f,0.036384167930563836f,1.913960502852135f,0.03510477934820616f,0.03704317150265603f,-0.9986968798949653f,0.058665966166735216f,0f,0f,0f,1f],start_interpolation:0}
execute if entity @s[tag=aj.labyria.bone.ribbon_left_himo_2] run data modify entity @s {} merge value {transformation:[-0.9991986257113801f,-0.01792685037666109f,-0.03578734988877996f,0.28512599399314137f,-0.019229166477070916f,0.9991528569145951f,0.036384167930563836f,1.918792775155413f,0.03510477934820616f,0.03704317150265603f,-0.9986968798949653f,-0.07397346319431487f,0f,0f,0f,1f],start_interpolation:0}
execute if entity @s[tag=aj.labyria.bone.ribbon_left] run data modify entity @s {} merge value {transformation:[-0.9991986257113801f,-0.01792685037666109f,-0.03578734988877996f,0.28505499060591877f,-0.019229166477070916f,0.9991528569145951f,0.036384167930563836f,2.0231927246177137f,0.03510477934820616f,0.03704317150265603f,-0.9986968798949653f,-0.003674558962608052f,0f,0f,0f,1f],start_interpolation:0}
execute if entity @s[tag=aj.labyria.bone.ribbon_right_himo_1] run data modify entity @s {} merge value {transformation:[-0.9991986257113801f,-0.01792685037666109f,-0.03578734988877996f,-0.31070182256640144f,-0.019229166477070916f,0.9991528569145951f,0.036384167930563836f,1.9024025719765107f,0.03510477934820616f,0.03704317150265603f,-0.9986968798949653f,0.07976613260371639f,0f,0f,0f,1f],start_interpolation:0}
execute if entity @s[tag=aj.labyria.bone.ribbon_right_himo_2] run data modify entity @s {} merge value {transformation:[-0.9991986257113801f,-0.01792685037666109f,-0.03578734988877996f,-0.31545482997350505f,-0.019229166477070916f,0.9991528569145951f,0.036384167930563836f,1.9072348442797888f,0.03510477934820616f,0.03704317150265603f,-0.9986968798949653f,-0.052873296757333696f,0f,0f,0f,1f],start_interpolation:0}
execute if entity @s[tag=aj.labyria.bone.ribbon_right] run data modify entity @s {} merge value {transformation:[-0.9991986257113801f,-0.01792685037666109f,-0.03578734988877996f,-0.3144641848209092f,-0.019229166477070916f,0.9991528569145951f,0.036384167930563836f,2.0116552247314714f,0.03510477934820616f,0.03704317150265603f,-0.9986968798949653f,0.017388308646315645f,0f,0f,0f,1f],start_interpolation:0}
execute if entity @s[tag=aj.labyria.bone.crown] run data modify entity @s {} merge value {transformation:[-0.9793937091763958f,0.19876425235348336f,-0.03578734988877996f,0.14943925206065015f,0.1974829001639387f,0.9796308980768421f,0.036384167930563836f,2.3028063071795772f,0.04229026564755778f,0.028567035539593954f,-0.9986968798949653f,0.028220714839281034f,0f,0f,0f,1f],start_interpolation:0}
execute if entity @s[tag=aj.labyria.bone.ear_edge_a1] run data modify entity @s {} merge value {transformation:[-0.9897012098023443f,0.1386029613814719f,-0.03578734988877996f,0.17536799202811806f,0.1373095191360872f,0.9898597316178777f,0.036384167930563836f,2.3003673972827268f,0.040467409978799725f,0.03109551121414745f,-0.9986968798949653f,0.010353898635227086f,0f,0f,0f,1f],start_interpolation:0}
execute if entity @s[tag=aj.labyria.bone.ear_edge_a2] run data modify entity @s {} merge value {transformation:[-0.9991986257113801f,-0.017926850376661113f,-0.03578734988877996f,0.06009463063544381f,-0.019229166477070903f,0.9991528569145951f,0.036384167930563836f,2.3082213312820308f,0.03510477934820616f,0.03704317150265603f,-0.9986968798949653f,0.01477074128224283f,0f,0f,0f,1f],start_interpolation:0}
execute if entity @s[tag=aj.labyria.bone.ear_edge_b1] run data modify entity @s {} merge value {transformation:[-0.9738550538538546f,0.2243336793066165f,-0.03578734988877996f,0.03785348645171638f,0.22305897508605088f,0.9741257033656184f,0.036384167930563836f,2.3034757937440027f,0.04302357164237244f,0.027450216232209827f,-0.9986968798949653f,0.015394843736824449f,0f,0f,0f,1f],start_interpolation:0}
execute if entity @s[tag=aj.labyria.bone.ear_edge_b2] run data modify entity @s {} merge value {transformation:[-0.9955141142110802f,-0.08758375416974587f,-0.03578734988877996f,0.0667582935498909f,-0.08887970522371803f,0.9953776119259189f,0.036384167930563836f,2.3140282112523964f,0.03243526484974982f,0.03940172181755531f,-0.9986968798949653f,0.014743509455636303f,0f,0f,0f,1f],start_interpolation:0}
execute if entity @s[tag=aj.labyria.bone.ear_right_2] run data modify entity @s {} merge value {transformation:[-0.9969588012339394f,0.06922726507760084f,-0.03578734988877996f,0.12150186291849807f,0.0679259156696546f,0.9970267109282676f,0.036384167930563836f,2.420924851467757f,0.038199720190406454f,0.033842627933363616f,-0.9986968798949653f,-0.014614529557592527f,0f,0f,0f,1f],start_interpolation:0}
execute if entity @s[tag=aj.labyria.bone.ear_right_1] run data modify entity @s {} merge value {transformation:[-0.9969588012339394f,0.06922726507760084f,-0.03578734988877996f,0.10592572827603791f,0.0679259156696546f,0.9970267109282676f,0.036384167930563836f,2.1965938415088972f,0.038199720190406454f,0.033842627933363616f,-0.9986968798949653f,-0.02222912084259933f,0f,0f,0f,1f],start_interpolation:0}
execute if entity @s[tag=aj.labyria.bone.ear_edge_a3] run data modify entity @s {} merge value {transformation:[-0.9840924553052858f,-0.1740152435827153f,-0.03578734988877996f,-0.21479563766234322f,-0.17529436619361885f,0.9838435228758573f,0.036384167930563836f,2.2928588587443812f,0.028877752543976676f,0.0420787059695314f,-0.9986968798949653f,0.024061491677829158f,0f,0f,0f,1f],start_interpolation:0}
execute if entity @s[tag=aj.labyria.bone.ear_edge_a4] run data modify entity @s {} merge value {transformation:[-0.9991986257113801f,-0.017926850376661085f,-0.03578734988877996f,-0.09988358773535053f,-0.019229166477070916f,0.9991528569145951f,0.036384167930563836f,2.3051426162852335f,0.03510477934820616f,0.037043171502656035f,-0.9986968798949653f,0.020391245466210822f,0f,0f,0f,1f],start_interpolation:0}
execute if entity @s[tag=aj.labyria.bone.ear_edge_b3] run data modify entity @s {} merge value {transformation:[-0.9651812586033476f,-0.25912237191874343f,-0.03578734988877996f,-0.0774875668586262f,-0.260374931191154f,0.9648217905557493f,0.036384167930563836f,2.301256102624866f,0.025100463104480164f,0.04443544576126204f,-0.9986968798949653f,0.019447113347750466f,0f,0f,0f,1f],start_interpolation:0}
execute if entity @s[tag=aj.labyria.bone.ear_edge_b4] run data modify entity @s {} merge value {transformation:[-0.9980151419463089f,0.05181739122945808f,-0.03578734988877996f,-0.10675095321653524f,0.05051505483574342f,0.9980603296188774f,0.036384167930563836f,2.3106890971808505f,0.03760326689039813f,0.034504150579762395f,-0.9986968798949653f,0.02083939836688491f,0f,0f,0f,1f],start_interpolation:0}
execute if entity @s[tag=aj.labyria.bone.ear_left_2] run data modify entity @s {} merge value {transformation:[-0.9938339453145313f,-0.10494453167502842f,-0.03578734988877996f,-0.16748644777868846f,-0.10623790305601775f,0.9936748463548126f,0.036384167930563836f,2.4153633903194622f,0.03174266993832071f,0.039961794169534735f,-0.9986968798949653f,-0.004461522317402485f,0f,0f,0f,1f],start_interpolation:0}
execute if entity @s[tag=aj.labyria.bone.ear_left_1] run data modify entity @s {} merge value {transformation:[-0.9938339453145313f,-0.10494453167502842f,-0.03578734988877996f,-0.1438739281518071f,-0.10623790305601775f,0.9936748463548126f,0.036384167930563836f,2.19178654988963f,0.03174266993832071f,0.039961794169534735f,-0.9986968798949653f,-0.013452926005547787f,0f,0f,0f,1f],start_interpolation:0}
execute if entity @s[tag=aj.labyria.bone.head] run data modify entity @s {} merge value {transformation:[-0.9991986257113801f,-0.01792685037666109f,-0.03578734988877996f,-0.008668234435821404f,-0.019229166477070916f,0.9991528569145951f,0.036384167930563836f,1.6809873512827034f,0.03510477934820616f,0.03704317150265603f,-0.9986968798949653f,-0.005616371322467112f,0f,0f,0f,1f],start_interpolation:0}
execute if entity @s[tag=aj.labyria.bone.back_musket] run data modify entity @s {} merge value {transformation:[0.8232826013450204f,0.986199839131947f,0.9961286444248539f,0.014518110318832059f,-0.20327726927297202f,1.2270196842574297f,-1.0467844510054212f,1.6224753755583292f,-1.3869177159242358f,0.40557269677077484f,0.7447326214921579f,-0.24607572456414253f,0f,0f,0f,1f],start_interpolation:0}
execute if entity @s[tag=aj.labyria.bone.body_1] run data modify entity @s {} merge value {transformation:[-0.864329661931966f,0.04665616009973146f,0.5007568653841117f,-0.026164294473220703f,0.030153689607045803f,0.9987038796504701f,-0.041003850723815655f,1.3064733964137771f,-0.5020209064447965f,-0.02034117734663464f,-0.8646162420383379f,0.0020115701825208776f,0f,0f,0f,1f],start_interpolation:0}
execute if entity @s[tag=aj.labyria.bone.belt2] run data modify entity @s {} merge value {transformation:[-0.4602886066451962f,0.2880497504264875f,0.8397390903559641f,-0.08610207185198598f,-0.08013121492861319f,0.9285564979042261f,-0.3624387101206263f,0.6068169584299236f,-0.8841455688893589f,-0.2341157224089771f,-0.4043222001501208f,0.44039004900596346f,0f,0f,0f,1f],start_interpolation:0}
execute if entity @s[tag=aj.labyria.bone.leg_left_2] run data modify entity @s {} merge value {transformation:[-0.770747881069621f,0.14715039767055005f,0.619914884715707f,-0.02456145481384174f,-0.050330713723568246f,0.9558624093847586f,-0.28947171464797794f,0.6715449676512943f,-0.6351492132426565f,-0.25431046929012396f,-0.7293227420879395f,0.2523395805591856f,0f,0f,0f,1f],start_interpolation:0}
execute if entity @s[tag=aj.labyria.bone.leg_left_1] run data modify entity @s {} merge value {transformation:[-0.770747881069621f,0.2778364840142195f,0.5733712514395064f,0.08136370471657944f,-0.050330713723568246f,0.87055150747397f,-0.48949657005016356f,1.0034427298757453f,-0.6351492132426565f,-0.40613662847053666f,-0.6569920212086441f,0.09749999095479352f,0f,0f,0f,1f],start_interpolation:0}
execute if entity @s[tag=aj.labyria.bone.belt] run data modify entity @s {} merge value {transformation:[-0.8837235795159732f,0.45631656099968676f,-0.10396071933617357f,-0.32823629710014723f,0.37820796918741934f,0.5654724140998647f,-0.7329390704111761f,0.9917408815011782f,-0.27566531709775055f,-0.6870343114062722f,-0.6723038657481497f,0.11315356861812054f,0f,0f,0f,1f],start_interpolation:0}
execute if entity @s[tag=aj.labyria.bone.leg_right_2] run data modify entity @s {} merge value {transformation:[-0.7972585072712947f,0.04832667268782992f,0.6017004281953524f,-0.29485523886810905f,0.1431884962634579f,0.9834808570917348f,0.11073598453942718f,0.8492789147935419f,-0.5864093511544275f,0.17444178524949194f,-0.7910083036464367f,0.15022281472136584f,0f,0f,0f,1f],start_interpolation:0}
execute if entity @s[tag=aj.labyria.bone.leg_right_1] run data modify entity @s {} merge value {transformation:[-0.7972585072712947f,0.5351630266794409f,0.2792479318792657f,-0.09925903263728439f,0.1431884962634579f,0.6170689036456949f,-0.7737719448851255f,1.0111635475256262f,-0.5864093511544275f,-0.5769111742970492f,-0.568592622050131f,-0.07617316961464193f,0f,0f,0f,1f],start_interpolation:0}
execute if entity @s[tag=aj.labyria.bone.skirt_forward_right] run data modify entity @s {} merge value {transformation:[-0.7263860166656281f,0.3717350108726998f,0.5780799568261431f,-0.009766653491783083f,0.10886882846461422f,0.8927188785901017f,-0.4372648876797378f,1.221923071611432f,-0.6786095585691261f,-0.254688212330891f,-0.6889288653542618f,0.011639444386455276f,0f,0f,0f,1f],start_interpolation:0}
execute if entity @s[tag=aj.labyria.bone.skirt_forward_left] run data modify entity @s {} merge value {transformation:[-0.7944355626237943f,0.18626781889124008f,0.5780799568261431f,-0.009766653491783083f,-0.10886882846461422f,0.8927188785901017f,-0.4372648876797378f,1.221923071611432f,-0.5975112676990768f,-0.41031366471801967f,-0.6889288653542618f,0.011639444386455276f,0f,0f,0f,1f],start_interpolation:0}
execute if entity @s[tag=aj.labyria.bone.skirt_forward] run data modify entity @s {} merge value {transformation:[-0.766044443118978f,0.2810684519515117f,0.5780799568261431f,-0.009766653491783083f,0f,0.8993327626648694f,-0.4372648876797378f,1.221923071611432f,-0.6427876096865393f,-0.33496433737810716f,-0.6889288653542618f,0.011639444386455276f,0f,0f,0f,1f],start_interpolation:0}
execute if entity @s[tag=aj.labyria.bone.skirt_back_right] run data modify entity @s {} merge value {transformation:[-0.753628963698091f,0.1483442252153101f,0.6403416087687968f,-0.009766653491783083f,0.12059446092294016f,0.9888684707790059f,-0.08715574274765814f,1.221923071611432f,-0.6461426785703348f,0.011538559028746273f,-0.7631294127377696f,0.011639444386455276f,0f,0f,0f,1f],start_interpolation:0}
execute if entity @s[tag=aj.labyria.bone.skirt_back_left] run data modify entity @s {} merge value {transformation:[-0.7671926155913315f,-0.03712296676614964f,0.6403416087687968f,-0.009766653491783083f,-0.12059446092294016f,0.9888684707790059f,-0.08715574274765814f,1.221923071611432f,-0.6299781476978681f,-0.14408689335838237f,-0.7631294127377696f,0.011639444386455276f,0f,0f,0f,1f],start_interpolation:0}
execute if entity @s[tag=aj.labyria.bone.skirt_back] run data modify entity @s {} merge value {transformation:[-0.766044443118978f,0.05602263155122211f,0.6403416087687968f,-0.009766653491783083f,0f,0.9961946980917455f,-0.08715574274765814f,1.221923071611432f,-0.6427876096865393f,-0.06676517241775069f,-0.7631294127377696f,0.011639444386455276f,0f,0f,0f,1f],start_interpolation:0}
execute if entity @s[tag=aj.labyria.bone.skirt_right] run data modify entity @s {} merge value {transformation:[-0.746898751541903f,0.20353162397287528f,0.633022221559489f,-0.15539729191986132f,0.11921601300903699f,0.9775652677111556f,-0.17364817766693033f,1.2465432654367372f,-0.654163433086393f,-0.054231221706511304f,-0.7544065067354889f,-0.11622621052929893f,0f,0f,0f,1f],start_interpolation:0}
execute if entity @s[tag=aj.labyria.bone.skirt_left] run data modify entity @s {} merge value {transformation:[-0.7739228277475194f,0.018064431991415553f,0.633022221559489f,0.14144492978874265f,-0.11921601300903699f,0.9775652677111556f,-0.17364817766693033f,1.2465432654367372f,-0.6219573931818099f,-0.20985667409363995f,-0.7544065067354889f,0.13285398822423503f,0f,0f,0f,1f],start_interpolation:0}
execute if entity @s[tag=aj.labyria.bone.coat_downer] run data modify entity @s {} merge value {transformation:[-0.766044443118978f,0.13364305876663432f,0.6287411581963063f,-0.025637465415930625f,0f,0.9781476007338056f,-0.20791169081775931f,1.0818957192300085f,-0.6427876096865393f,-0.15926959541041558f,-0.7493045340922926f,0.030553541514445136f,0f,0f,0f,1f],start_interpolation:0}
execute if entity @s[tag=aj.labyria.bone.body_2] run data modify entity @s {} merge value {transformation:[-0.766044443118978f,0.11161889704894964f,0.633022221559489f,0f,0f,0.984807753012208f,-0.17364817766693033f,1.30809375f,-0.6427876096865393f,-0.133022221559489f,-0.7544065067354889f,0f,0f,0f,0f,1f],start_interpolation:0}
execute if entity @s[tag=aj.labyria.bone.sphere] run data modify entity @s {} merge value {transformation:[0.9949510169813006f,0f,-0.10036171485120965f,0.7914047776093232f,0f,1f,0f,2.3378750000000004f,0.10036171485120965f,0f,0.9949510169813006f,-0.23950328417209577f,0f,0f,0f,1f],start_interpolation:0}