execute if entity @s[tag=aj.labyria.bone.wing_right_1] run data modify entity @s {} merge value {transformation:[-0.8099689106856367f,-0.1041290487870928f,0.007207590850111966f,0.17873528626890703f,-0.10425914795985496f,0.8098065382746793f,-0.016965997722199862f,1.3259582708186097f,-0.004983797131950298f,-0.01774700568320953f,-0.8164586027471766f,-0.26839175092682543f,0f,0f,0f,1f],start_interpolation:0}
execute if entity @s[tag=aj.labyria.bone.wing_right_2] run data modify entity @s {} merge value {transformation:[-0.7720772183036854f,0.20939655765152132f,0.007060497159293355f,0.17873528626890703f,0.20921794554266435f,0.7719790379779898f,-0.0166197528707264f,1.3259582708186097f,-0.01116334355603335f,-0.01419318731893493f,-0.7997961822829486f,-0.26839175092682543f,0f,0f,0f,1f],start_interpolation:0}
execute if entity @s[tag=aj.labyria.bone.wing_left_1] run data modify entity @s {} merge value {transformation:[-0.39912167495081524f,0.10906624358121247f,0.7040957942922139f,0.11298871856172456f,0.14644044039009504f,0.8023688383380743f,-0.0412781919033351f,1.3282519576868117f,-0.697281528829823f,0.10608131889987592f,-0.411691228686806f,-0.30657874481318353f,0f,0f,0f,1f],start_interpolation:0}
execute if entity @s[tag=aj.labyria.bone.wing_left_2] run data modify entity @s {} merge value {transformation:[-0.4021010849804143f,-0.050912505177706714f,0.6897264923678831f,0.11298871856172456f,-0.16825463066415294f,0.7810603862507179f,-0.0404357798236752f,1.3282519576868117f,-0.6708241921082179f,-0.16538618396471103f,-0.4032893668768712f,-0.30657874481318353f,0f,0f,0f,1f],start_interpolation:0}
execute if entity @s[tag=aj.labyria.bone.musket] run data modify entity @s {} merge value {transformation:[-0.000013744226749671734f,-0.0000034889040075651027f,0.000007949178821872367f,-0.778577341676532f,0.000001123126003133574f,0.000014045871544234767f,0.000008106648173347679f,1.4608164887113524f,-0.000008608163747117802f,0.000007403155101127643f,-0.00001163436614147735f,-0.5368387537877679f,0f,0f,0f,1f],start_interpolation:0}
execute if entity @s[tag=aj.labyria.bone.omega_blade] run data modify entity @s {} merge value {transformation:[-1.516802154764202f,-0.3850327277645212f,0.8772651808811247f,-0.778577341676532f,0.12394731058008765f,1.5500914392543272f,0.8946433758117911f,1.4608164887113524f,-0.9499902437583997f,0.8170064285145905f,-1.2839595820208656f,-0.5368387537877679f,0f,0f,0f,1f],start_interpolation:0}
execute if entity @s[tag=aj.labyria.bone.arm_right_2] run data modify entity @s {} merge value {transformation:[-0.8227601050105493f,-0.13686535428599014f,0.5516644672255049f,-0.5212534067123114f,-0.18351655842409187f,0.9825608588092496f,-0.029930444704455217f,1.5071319092031172f,-0.5379474717732269f,-0.12586514025813486f,-0.8335289341592127f,-0.3681940618117068f,0f,0f,0f,1f],start_interpolation:0}
execute if entity @s[tag=aj.labyria.bone.arm_right_1] run data modify entity @s {} merge value {transformation:[-0.7538832152767725f,-0.13686535428599014f,0.6425947187147788f,-0.2680017226716033f,-0.1857407067315866f,0.9825608588092496f,-0.008634153049391184f,1.5697396653476825f,-0.630206702270617f,-0.12586514025813486f,-0.7661576070763729f,-0.15483435688710787f,0f,0f,0f,1f],start_interpolation:0}
execute if entity @s[tag=aj.labyria.bone.arm_left_2] run data modify entity @s {} merge value {transformation:[-0.28088702741995264f,0.7542845108676303f,0.5934284746221421f,0.44889742504749036f,0.8190753264230843f,0.5106707367185725f,-0.26140200516489565f,1.2260546096134814f,-0.5002180399306893f,0.41263818936750146f,-0.7612566171820179f,0.18044803780722382f,0f,0f,0f,1f],start_interpolation:0}
execute if entity @s[tag=aj.labyria.bone.arm_left_1] run data modify entity @s {} merge value {transformation:[-0.5229330230984103f,0.7542845108676303f,0.3969835387246392f,0.2478950442940389f,0.847315960325192f,0.5106707367185725f,0.14584602167185756f,1.551741681863477f,-0.09271848106691061f,0.41263818936750146f,-0.9061638968443594f,0.14480937164713006f,0f,0f,0f,1f],start_interpolation:0}
execute if entity @s[tag=aj.labyria.bone.himo_right_2] run data modify entity @s {} merge value {transformation:[-0.864329661931966f,0.20671674000027399f,0.4584783799790697f,-0.2805173854283413f,0.030153689607045803f,0.9312829228962648f,-0.3630466533723613f,1.2342772736620602f,-0.5020209064447965f,-0.2999671764134346f,-0.8111687263244906f,0.12979468523301926f,0f,0f,0f,1f],start_interpolation:0}
execute if entity @s[tag=aj.labyria.bone.himo_right_1] run data modify entity @s {} merge value {transformation:[-0.864329661931966f,0.13261977167403605f,0.48512496499943153f,-0.2526191472082131f,0.030153689607045803f,0.9765356882490528f,-0.2132341543445387f,1.4160450017441042f,-0.5020209064447965f,-0.169676296921742f,-0.8480477367196199f,0.09268008120569503f,0f,0f,0f,1f],start_interpolation:0}
execute if entity @s[tag=aj.labyria.bone.himo_left_2] run data modify entity @s {} merge value {transformation:[-0.864329661931966f,0.20671674000027399f,0.4584783799790697f,-0.010414366074601913f,0.030153689607045803f,0.9312829228962648f,-0.3630466533723613f,1.2248542456598583f,-0.5020209064447965f,-0.2999671764134346f,-0.8111687263244906f,0.28667621849701813f,0f,0f,0f,1f],start_interpolation:0}
execute if entity @s[tag=aj.labyria.bone.himo_left_1] run data modify entity @s {} merge value {transformation:[-0.864329661931966f,0.13261977167403605f,0.48512496499943153f,0.017483872145526283f,0.030153689607045803f,0.9765356882490528f,-0.2132341543445387f,1.4066219737419023f,-0.5020209064447965f,-0.169676296921742f,-0.8480477367196199f,0.2495616144696939f,0f,0f,0f,1f],start_interpolation:0}
execute if entity @s[tag=aj.labyria.bone.ribbon_left_himo_1] run data modify entity @s {} merge value {transformation:[-0.9991986257113801f,-0.017320724500256054f,-0.036084607234600496f,0.2900380319028932f,-0.01922916647707093f,0.9983971008596219f,0.05323033112520569f,1.8220704795572777f,0.035104779348206216f,0.05388155062624112f,-0.9979300741880792f,0.062484589189757765f,0f,0f,0f,1f],start_interpolation:0}
execute if entity @s[tag=aj.labyria.bone.ribbon_left_himo_2] run data modify entity @s {} merge value {transformation:[-0.9991986257113801f,-0.017320724500256054f,-0.036084607234600496f,0.2852455450045478f,-0.01922916647707093f,0.9983971008596219f,0.05323033112520569f,1.829140132909844f,0.035104779348206216f,0.05388155062624112f,-0.9979300741880792f,-0.07005299878834652f,0f,0f,0f,1f],start_interpolation:0}
execute if entity @s[tag=aj.labyria.bone.ribbon_left] run data modify entity @s {} merge value {transformation:[-0.9991986257113801f,-0.017320724500256054f,-0.036084607234600496f,0.28525908644750797f,-0.01922916647707093f,0.9983971008596219f,0.05323033112520569f,1.9323405887718406f,0.035104779348206216f,0.05388155062624112f,-0.9979300741880792f,0.0019952916278463597f,0f,0f,0f,1f],start_interpolation:0}
execute if entity @s[tag=aj.labyria.bone.ribbon_right_himo_1] run data modify entity @s {} merge value {transformation:[-0.9991986257113801f,-0.017320724500256054f,-0.036084607234600496f,-0.31054279206375324f,-0.01922916647707093f,0.9983971008596219f,0.05323033112520569f,1.8105125486816533f,0.035104779348206216f,0.05388155062624112f,-0.9979300741880792f,0.08358475562673898f,0f,0f,0f,1f],start_interpolation:0}
execute if entity @s[tag=aj.labyria.bone.ribbon_right_himo_2] run data modify entity @s {} merge value {transformation:[-0.9991986257113801f,-0.017320724500256054f,-0.036084607234600496f,-0.31533527896209856f,-0.01922916647707093f,0.9983971008596219f,0.05323033112520569f,1.8175822020342196f,0.035104779348206216f,0.05388155062624112f,-0.9979300741880792f,-0.04895283235136531f,0f,0f,0f,1f],start_interpolation:0}
execute if entity @s[tag=aj.labyria.bone.ribbon_right] run data modify entity @s {} merge value {transformation:[-0.9991986257113801f,-0.017320724500256054f,-0.036084607234600496f,-0.31426008897932f,-0.01922916647707093f,0.9983971008596219f,0.05323033112520569f,1.920803088885598f,0.035104779348206216f,0.05388155062624112f,-0.9979300741880792f,0.02305815923677009f,0f,0f,0f,1f],start_interpolation:0}
execute if entity @s[tag=aj.labyria.bone.crown] run data modify entity @s {} merge value {transformation:[-0.9792625195257089f,0.19935601062642966f,-0.036084607234600496f,0.1498198769973754f,0.19731932461516888f,0.9788930564580149f,0.05323033112520569f,2.211456832117749f,0.04593475792441f,0.045006277844321714f,-0.9979300741880792f,0.0386427448701528f,0f,0f,0f,1f],start_interpolation:0}
execute if entity @s[tag=aj.labyria.bone.ear_edge_a1] run data modify entity @s {} merge value {transformation:[-0.9896063908251219f,0.13920162484253018f,-0.036084607234600496f,0.17574145511825107f,0.13719129284192655f,0.9891132801740463f,0.05323033112520569f,2.2093040836459297f,0.04310151280914241f,0.04772658194903301f,-0.9979300741880792f,0.0207288279116708f,0f,0f,0f,1f],start_interpolation:0}
execute if entity @s[tag=aj.labyria.bone.ear_edge_a2] run data modify entity @s {} merge value {transformation:[-0.9991986257113801f,-0.01732072450025607f,-0.036084607234600496f,0.06047420188803117f,-0.01922916647707093f,0.9983971008596219f,0.05323033112520569f,2.217150401602198f,0.035104779348206216f,0.05388155062624112f,-0.9979300741880792f,0.025315357350092056f,0f,0f,0f,1f],start_interpolation:0}
execute if entity @s[tag=aj.labyria.bone.ear_edge_b1] run data modify entity @s {} merge value {transformation:[-0.9737084187328627f,0.22492180065407757f,-0.036084607234600496f,0.03823043943145307f,0.22287614114862078f,0.9733923964953707f,0.05323033112520569f,2.212408128692257f,0.047097144238776076f,0.04378842353323939f,-0.9979300741880792f,0.0258667233111097f,0f,0f,0f,1f],start_interpolation:0}
execute if entity @s[tag=aj.labyria.bone.ear_edge_b2] run data modify entity @s {} merge value {transformation:[-0.9955563954148633f,-0.08697910478551198f,-0.036084607234600496f,0.06714130850268761f,-0.08882698634631234f,0.9946236968547114f,0.05323033112520569f,2.222952987749472f,0.03126067889852188f,0.056199083495889327f,-0.9979300741880792f,0.025383792664536716f,0f,0f,0f,1f],start_interpolation:0}
execute if entity @s[tag=aj.labyria.bone.ear_right_2] run data modify entity @s {} merge value {transformation:[-0.9969059738829827f,0.06983108446205175f,-0.036084607234600496f,0.12193907249960022f,0.06786004718934735f,0.9962738307532525f,0.05323033112520569f,2.3302969148000376f,0.03966728162958923f,0.05061693194073781f,-0.9979300741880792f,-0.002186679176755791f,0f,0f,0f,1f],start_interpolation:0}
execute if entity @s[tag=aj.labyria.bone.ear_right_1] run data modify entity @s {} merge value {transformation:[-0.9969059738829827f,0.06983108446205175f,-0.036084607234600496f,0.1062270784956386f,0.06786004718934735f,0.9962738307532525f,0.05323033112520569f,2.1061353028805563f,0.03966728162958923f,0.05061693194073781f,-0.9979300741880792f,-0.01357548886342178f,0f,0f,0f,1f],start_interpolation:0}
execute if entity @s[tag=aj.labyria.bone.ear_edge_a3] run data modify entity @s {} merge value {transformation:[-0.9841872742825083f,-0.17341658012165706f,-0.036084607234600496f,-0.21442217457221024f,-0.1751761398994582f,0.9830970714320261f,0.05323033112520569f,2.2017955451075837f,0.02624364971363411f,0.05870977670441698f,-0.9979300741880792f,0.03443642095427289f,0f,0f,0f,1f],start_interpolation:0}
execute if entity @s[tag=aj.labyria.bone.ear_edge_a4] run data modify entity @s {} merge value {transformation:[-0.9991986257113801f,-0.01732072450025604f,-0.036084607234600496f,-0.09950401648276318f,-0.01922916647707093f,0.998397100859622f,0.05323033112520569f,2.2140716866054f,0.035104779348206216f,0.05388155062624113f,-0.9979300741880792f,0.030935861534060055f,0f,0f,0f,1f],start_interpolation:0}
execute if entity @s[tag=aj.labyria.bone.ear_edge_b3] run data modify entity @s {} merge value {transformation:[-0.9653278937243396f,-0.2585342505712823f,-0.036084607234600496f,-0.0771106138788895f,-0.26019209725372394f,0.9640884836855016f,0.05323033112520569f,2.21018843757312f,0.02102689050807664f,0.06077365306229163f,-0.9979300741880792f,0.029918992922035727f,0f,0f,0f,1f],start_interpolation:0}
execute if entity @s[tag=aj.labyria.bone.ear_edge_b4] run data modify entity @s {} merge value {transformation:[-0.9979728607425259f,0.05242204061369196f,-0.036084607234600496f,-0.10636793826373854f,0.0504623359583377f,0.9973064145476699f,0.05323033112520569f,2.2196138736779254f,0.03877785284162617f,0.05130151225809641f,-0.9979300741880792f,0.03147968157578533f,0f,0f,0f,1f],start_interpolation:0}
execute if entity @s[tag=aj.labyria.bone.ear_left_2] run data modify entity @s {} merge value {transformation:[-0.993886772665488f,-0.10434071229057751f,-0.036084607234600496f,-0.1670492381975863f,-0.10617203457571053f,0.9929219661797976f,0.05323033112520569f,2.3247354536517424f,0.030275108499138045f,0.056736098176908945f,-0.9979300741880792f,0.00796632806343427f,0f,0f,0f,1f],start_interpolation:0}
execute if entity @s[tag=aj.labyria.bone.ear_left_1] run data modify entity @s {} merge value {transformation:[-0.993886772665488f,-0.10434071229057751f,-0.036084607234600496f,-0.1435725779322064f,-0.10617203457571053f,0.9929219661797976f,0.05323033112520569f,2.1013280112612884f,0.030275108499138045f,0.056736098176908945f,-0.9979300741880792f,-0.004799294026370223f,0f,0f,0f,1f],start_interpolation:0}
execute if entity @s[tag=aj.labyria.bone.head] run data modify entity @s {} merge value {transformation:[-0.9991986257113801f,-0.017320724500256054f,-0.036084607234600496f,-0.008668234435821404f,-0.01922916647707093f,0.9983971008596219f,0.05323033112520569f,1.5903896950327032f,0.035104779348206216f,0.05388155062624112f,-0.9979300741880792f,-0.005616371322467112f,0f,0f,0f,1f],start_interpolation:0}
execute if entity @s[tag=aj.labyria.bone.back_musket] run data modify entity @s {} merge value {transformation:[0.8232826013450204f,0.986199839131947f,0.9961286444248539f,0.014518110318832059f,-0.20327726927297202f,1.2270196842574297f,-1.0467844510054212f,1.531877719308329f,-1.3869177159242358f,0.40557269677077484f,0.7447326214921579f,-0.24607572456414253f,0f,0f,0f,1f],start_interpolation:0}
execute if entity @s[tag=aj.labyria.bone.body_1] run data modify entity @s {} merge value {transformation:[-0.864329661931966f,0.04665616009973146f,0.5007568653841117f,-0.026164294473220703f,0.030153689607045803f,0.9987038796504701f,-0.041003850723815655f,1.215875740163777f,-0.5020209064447965f,-0.02034117734663464f,-0.8646162420383379f,0.0020115701825208776f,0f,0f,0f,1f],start_interpolation:0}
execute if entity @s[tag=aj.labyria.bone.belt2] run data modify entity @s {} merge value {transformation:[-0.4573179249887074f,0.271109683993041f,0.84697098812723f,-0.07924340169846551f,-0.034147556451345165f,0.9463426755286156f,-0.3213556983495752f,0.49288114826772844f,-0.8886474328283547f,-0.17588371078225085f,-0.4235217354623494f,0.4149366611331351f,0f,0f,0f,1f],start_interpolation:0}
execute if entity @s[tag=aj.labyria.bone.leg_left_2] run data modify entity @s {} merge value {transformation:[-0.768671684673831f,0.1297592658142244f,0.6263436549659045f,-0.01861873872375283f,-0.02543454122307973f,0.9722324220746578f,-0.23263104173694404f,0.570163826208067f,-0.6391376418999791f,-0.19474765827140975f,-0.7440271663752178f,0.2313829105971616f,0f,0f,0f,1f],start_interpolation:0}
execute if entity @s[tag=aj.labyria.bone.leg_left_1] run data modify entity @s {} merge value {transformation:[-0.768671684673831f,0.26224903197464206f,0.5834117640303954f,0.08136370471657944f,-0.02543454122307973f,0.8988360588004674f,-0.4375463672718747f,0.9128450736257452f,-0.6391376418999791f,-0.3511683138160474f,-0.6842396437492699f,0.09749999095479352f,0f,0f,0f,1f],start_interpolation:0}
execute if entity @s[tag=aj.labyria.bone.belt] run data modify entity @s {} merge value {transformation:[-0.8952897122010092f,0.4399382907085911f,-0.07007589882004611f,-0.32889059996508163f,0.3582277461484209f,0.6174583338592508f,-0.700298570494886f,0.8826119521994051f,-0.26481920836007483f,-0.6520732369267744f,-0.7104021963418905f,0.10951819583197175f,0f,0f,0f,1f],start_interpolation:0}
execute if entity @s[tag=aj.labyria.bone.leg_right_2] run data modify entity @s {} merge value {transformation:[-0.7972585072712947f,-0.06722057531255135f,0.5998835443969076f,-0.2894186592498026f,0.1431884962634579f,0.944356445730133f,0.29612152563729716f,0.7546798288712632f,-0.5864093511544275f,0.3219818281558764f,-0.7432709971578624f,0.14185439760937857f,0f,0f,0f,1f],start_interpolation:0}
execute if entity @s[tag=aj.labyria.bone.leg_right_1] run data modify entity @s {} merge value {transformation:[-0.7972585072712947f,0.5158202187275736f,0.3135416631572032f,-0.09925903263728439f,0.1431884962634579f,0.6661991496905866f,-0.7318987276183428f,0.920565891275626f,-0.5864093511544275f,-0.5386169277913363f,-0.604992461089612f,-0.07617316961464193f,0f,0f,0f,1f],start_interpolation:0}
execute if entity @s[tag=aj.labyria.bone.skirt_forward_right] run data modify entity @s {} merge value {transformation:[-0.7340868170821404f,0.3447978255620231f,0.5850051320064745f,-0.009766653491783083f,0.09492073379590678f,0.9051429472364945f,-0.4143745882214294f,1.1313254153614318f,-0.6723887263197225f,-0.24865780614276578f,-0.6971819677547662f,0.011639444386455276f,0f,0f,0f,1f],start_interpolation:0}
execute if entity @s[tag=aj.labyria.bone.skirt_forward_left] run data modify entity @s {} merge value {transformation:[-0.7896464687532974f,0.185006621264037f,0.5850051320064745f,-0.009766653491783083f,-0.09492073379590678f,0.9051429472364945f,-0.4143745882214294f,1.1313254153614318f,-0.6061753118373382f,-0.3827385467345793f,-0.6971819677547662f,0.011639444386455276f,0f,0f,0f,1f],start_interpolation:0}
execute if entity @s[tag=aj.labyria.bone.skirt_forward] run data modify entity @s {} merge value {transformation:[-0.766044443118978f,0.26635485107769663f,0.5850051320064745f,-0.009766653491783083f,0f,0.9101064226980935f,-0.4143745882214294f,1.1313254153614318f,-0.6427876096865393f,-0.3174293506767407f,-0.6971819677547662f,0.011639444386455276f,0f,0f,0f,1f],start_interpolation:0}
execute if entity @s[tag=aj.labyria.bone.skirt_back_right] run data modify entity @s {} merge value {transformation:[-0.756023689650501f,0.13561270134700493f,0.6403416087687968f,-0.009766653491783083f,0.10389942251602835f,0.9907617203480057f,-0.08715574274765814f,1.1313254153614318f,-0.6462453796260972f,0.0006393171577481205f,-0.7631294127377696f,0.011639444386455276f,0f,0f,0f,1f],start_interpolation:0}
execute if entity @s[tag=aj.labyria.bone.skirt_back_left] run data modify entity @s {} merge value {transformation:[-0.7677095961849367f,-0.02417850295098116f,0.6403416087687968f,-0.009766653491783083f,-0.10389942251602835f,0.9907617203480057f,-0.08715574274765814f,1.1313254153614318f,-0.6323186585309635f,-0.1334414234340654f,-0.7631294127377696f,0.011639444386455276f,0f,0f,0f,1f],start_interpolation:0}
execute if entity @s[tag=aj.labyria.bone.skirt_back] run data modify entity @s {} merge value {transformation:[-0.766044443118978f,0.05602263155122211f,0.6403416087687968f,-0.009766653491783083f,0f,0.9961946980917455f,-0.08715574274765814f,1.1313254153614318f,-0.6427876096865393f,-0.06676517241775069f,-0.7631294127377696f,0.011639444386455276f,0f,0f,0f,1f],start_interpolation:0}
execute if entity @s[tag=aj.labyria.bone.skirt_right] run data modify entity @s {} merge value {transformation:[-0.7502252047857184f,0.19090575977721563f,0.633022221559489f,-0.15539729191986132f,0.10271180625963594f,0.9794368766019774f,-0.17364817766693033f,1.155945609186737f,-0.653155744795305f,-0.06525638387197705f,-0.7544065067354889f,-0.11622621052929893f,0f,0f,0f,1f],start_interpolation:0}
execute if entity @s[tag=aj.labyria.bone.skirt_left] run data modify entity @s {} merge value {transformation:[-0.7735080810497194f,0.031114555479229547f,0.633022221559489f,0.14144492978874265f,-0.10271180625963594f,0.9794368766019774f,-0.17364817766693033f,1.155945609186737f,-0.6254082933617556f,-0.19933712446379057f,-0.7544065067354889f,0.13285398822423503f,0f,0f,0f,1f],start_interpolation:0}
execute if entity @s[tag=aj.labyria.bone.coat_downer] run data modify entity @s {} merge value {transformation:[-0.766044443118978f,0.13364305876663432f,0.6287411581963063f,-0.025637465415930625f,0f,0.9781476007338056f,-0.20791169081775931f,0.9912980629800083f,-0.6427876096865393f,-0.15926959541041558f,-0.7493045340922926f,0.030553541514445136f,0f,0f,0f,1f],start_interpolation:0}
execute if entity @s[tag=aj.labyria.bone.body_2] run data modify entity @s {} merge value {transformation:[-0.766044443118978f,0.11161889704894964f,0.633022221559489f,0f,0f,0.984807753012208f,-0.17364817766693033f,1.21749609375f,-0.6427876096865393f,-0.133022221559489f,-0.7544065067354889f,0f,0f,0f,0f,1f],start_interpolation:0}
execute if entity @s[tag=aj.labyria.bone.sphere] run data modify entity @s {} merge value {transformation:[-0.6343932841636459f,0f,-0.7730104533627367f,0.7913360743866669f,0f,1f,0f,2.217078125f,0.7730104533627367f,0f,-0.6343932841636459f,-0.2393842866998115f,0f,0f,0f,1f],start_interpolation:0}