execute if entity @s[tag=aj.lexiel.bone.backhair] run data modify entity @s {} merge value {transformation:[-0.9902718497321554f,0.13914189051458345f,0.0010945008373864367f,0.003915044763740896f,0.13902786251197355f,0.9897234217037475f,-0.03344849737100148f,1.467231079226949f,-0.005737340272908925f,-0.03297093925040337f,-0.9994398431579258f,-0.29521916955169125f,0f,0f,0f,1f],start_interpolation:0}
execute if entity @s[tag=aj.lexiel.bone.head] run data modify entity @s {} merge value {transformation:[-0.9902718497321554f,0.1391131503871284f,-0.0030323287129805643f,0.0068941500529252405f,0.13902786251197355f,0.9882961769257548f,-0.06278471246481071f,1.4993503962398793f,-0.005737340272908925f,-0.06259551152682898f,-0.9980224871531139f,-0.031097501269252086f,0f,0f,0f,1f],start_interpolation:0}
execute if entity @s[tag=aj.lexiel.bone.ring] run data modify entity @s {} merge value {transformation:[-0.9599315166072085f,0.17822247040074124f,0.21625964595467478f,0.0019303620148191092f,0.17350379045521763f,0.9839888924434366f,-0.04077124287547439f,0.9373181109471662f,-0.2200634411297258f,-0.0016157327117755221f,-0.975484224006697f,-0.00870730035539058f,0f,0f,0f,1f],start_interpolation:0}
execute if entity @s[tag=aj.lexiel.bone.bust] run data modify entity @s {} merge value {transformation:[-0.9762960071199334f,0.11577207460400629f,0.18287409117630482f,-0.009614693007476527f,0f,0.8449196884476188f,-0.5348931856675488f,1.392996773847971f,-0.21643961393810296f,-0.522214081402889f,-0.8248917181684283f,0.0433690775089246f,0f,0f,0f,1f],start_interpolation:0}
execute if entity @s[tag=aj.lexiel.bone.left_wing] run data modify entity @s {} merge value {transformation:[-0.8903762838664773f,0.008824512067744308f,-0.45513975998025974f,0.15293018066396424f,0.02596937325436041f,0.9991685071870455f,-0.03143065221064671f,1.1507898165348982f,0.45448395437121647f,-0.03980480162464267f,-0.8898651094332921f,-0.11229517696935543f,0f,0f,0f,1f],start_interpolation:0}
execute if entity @s[tag=aj.lexiel.bone.right_wing] run data modify entity @s {} merge value {transformation:[-0.8438912655719203f,0.008824512067744308f,0.5364416649349573f,-0.09114382111601915f,-0.013913300923436015f,0.9991685071870455f,-0.03832380856627947f,1.1507898165348982f,-0.5363338064571695f,-0.03980480162464267f,-0.8430667979577812f,-0.16640508045388125f,0f,0f,0f,1f],start_interpolation:0}
execute if entity @s[tag=aj.lexiel.bone.body] run data modify entity @s {} merge value {transformation:[-0.9762960071199334f,0.008824512067744308f,0.21625964595467478f,0.3756059245487572f,0f,0.9991685071870455f,-0.04077124287547439f,0.23955136784421444f,-0.21643961393810296f,-0.03980480162464267f,-0.975484224006697f,0.6158643197847213f,0f,0f,0f,1f],start_interpolation:0}
execute if entity @s[tag=aj.lexiel.bone.sword] run data modify entity @s {} merge value {transformation:[-1.0301581857254671f,-0.059257160688698254f,0.5217056294405188f,-0.36794467366064043f,0.27537618897273314f,0.9172027774224939f,0.6479360170073251f,0.6713995677790301f,-0.4470527143745665f,0.7015281295112671f,-0.8030667572342636f,-0.11723485977098816f,0f,0f,0f,1f],start_interpolation:0}
execute if entity @s[tag=aj.lexiel.bone.rod] run data modify entity @s {} merge value {transformation:[-0.000009777811481869303f,-5.237975995789923e-7f,0.000002029787845982948f,-0.38776366177299804f,9.272143663318227e-7f,0.000007603464986847862f,0.00000642865411362647f,0.683020371084463f,-0.0000018800734410901848f,0.000006474021645658435f,-0.00000738595745910125f,-0.008429905227011661f,0f,0f,0f,1f],start_interpolation:0}
execute if entity @s[tag=aj.lexiel.bone.right_hand] run data modify entity @s {} merge value {transformation:[-0.9777811481869303f,0.1064895915633037f,0.18056575848961193f,-0.346761227589493f,0.09272143663318226f,0.9922206570362676f,-0.08307167350665362f,1.0953354146092233f,-0.18800734410901845f,-0.06448359976922854f,-0.9800485212079426f,-0.10143671874371256f,0f,0f,0f,1f],start_interpolation:0}
execute if entity @s[tag=aj.lexiel.bone.right_arm] run data modify entity @s {} merge value {transformation:[-0.980334943024409f,0.05472035341304078f,0.18960243249410202f,-0.299025650178405f,0.05403036328017651f,0.9985004253900027f,-0.00881024062075001f,1.4056783486910938f,-0.18980020898076155f,0.001607301569487192f,-0.981821418208283f,-0.09500318047259901f,0f,0f,0f,1f],start_interpolation:0}
execute if entity @s[tag=aj.lexiel.bone.left_hand] run data modify entity @s {} merge value {transformation:[-0.9493526625972065f,-0.2304652330183679f,0.21357738267284754f,0.41166332299431313f,-0.2077292004802773f,0.9703332232946028f,0.12370131381085282f,1.1024912658549444f,-0.2357500822638655f,0.07306991268980485f,-0.9690627877346674f,0.018146180095556585f,0f,0f,0f,1f],start_interpolation:0}
execute if entity @s[tag=aj.lexiel.bone.left_arm] run data modify entity @s {} merge value {transformation:[-0.9561566361741374f,-0.22398309920083784f,0.18866917706012823f,0.3416686044940513f,-0.200392390446864f,0.9701986650756776f,0.13622569558040287f,1.4056783486910938f,-0.2135588372115516f,0.09244523545191831f,-0.9725464006879514f,0.047035316174281055f,0f,0f,0f,1f],start_interpolation:0}
execute if entity @s[tag=aj.lexiel.bone.skirt_right] run data modify entity @s {} merge value {transformation:[-0.9998416550063083f,0.017795061612921263f,-0.000026390126110471373f,-0.21875f,0.017319396881311303f,0.9727729942255208f,-0.23111196463442257f,0.7096482012922153f,-0.004086980048158358f,-0.2310758262729083f,-0.9729271602264882f,0.07859227568948668f,0f,0f,0f,1f],start_interpolation:0}
execute if entity @s[tag=aj.lexiel.bone.skirt_left] run data modify entity @s {} merge value {transformation:[-0.9997525790153377f,-0.022243666100539797f,-0.000008401705044960722f,0.21875f,-0.021849245496438647f,0.9820958237970276f,-0.1871106713997726f,0.7096482012922153f,0.0041702785779017945f,-0.18706419272229793f,-0.9823388400026426f,0.07859227568948673f,0f,0f,0f,1f],start_interpolation:0}
execute if entity @s[tag=aj.lexiel.bone.skirt_back_middle] run data modify entity @s {} merge value {transformation:[-1f,7.001740276218673e-18f,1.222643589102031e-16f,2.5655601634081846e-17f,0f,0.9983642548637556f,-0.05717354816991771f,0.7058830690750476f,-1.2246467991473532e-16f,-0.05717354816991771f,-0.9983642548637556f,-0.20949388551821038f,0f,0f,0f,1f],start_interpolation:0}
execute if entity @s[tag=aj.lexiel.bone.skirt_front_middle] run data modify entity @s {} merge value {transformation:[-1f,3.3679654890242436e-17f,1.177424251198044e-16f,-1.9041041790557926e-17f,0f,0.9614398633286042f,-0.2750152526727831f,0.7920089767037398f,-1.2246467991473532e-16f,-0.2750152526727831f,-0.9614398633286042f,0.1554819055078986f,0f,0f,0f,1f],start_interpolation:0}
execute if entity @s[tag=aj.lexiel.bone.skirt] run data modify entity @s {} merge value {transformation:[-1f,2.812635122697027e-17f,1.1919104913237272e-16f,-9.09740880057793e-18f,0f,0.9732687760696239f,-0.22966908700984587f,0.7278969908435208f,-1.2246467991473532e-16f,-0.22966908700984587f,-0.9732687760696239f,0.07428598030805209f,0f,0f,0f,1f],start_interpolation:0}
execute if entity @s[tag=aj.lexiel.bone.rightupper] run data modify entity @s {} merge value {transformation:[-0.9988181191897518f,-0.02058164395602099f,-0.04403136053217318f,-0.1375916154964432f,-0.005587190117880638f,0.9485318485502907f,-0.3166324613686269f,0.6664662645156851f,0.0482819643845742f,-0.3160122279561914f,-0.9475257905183008f,-0.00297474798508042f,0f,0f,0f,1f],start_interpolation:0}
execute if entity @s[tag=aj.lexiel.bone.rightfoot] run data modify entity @s {} merge value {transformation:[-0.9986008053866746f,0.03780836396990716f,-0.03697240991609441f,-0.09828358260244797f,0.036835009108464795f,0.9989656054381182f,0.026662731586114097f,0.3947062781380176f,0.0379422401165773f,0.025263546179681073f,-0.9989605295752996f,0.17424040481000785f,0f,0f,0f,1f],start_interpolation:0}
execute if entity @s[tag=aj.lexiel.bone.leftupper] run data modify entity @s {} merge value {transformation:[-0.9981253196246936f,-0.06106232066569937f,0.004152025893784364f,0.13528849150529754f,-0.06049546275234952f,0.9740205958726553f,-0.2182296446458563f,0.6682116473227049f,0.009281449804984365f,-0.21807171254153285f,-0.9758886119218323f,-0.0028071708293441466f,0f,0f,0f,1f],start_interpolation:0}
execute if entity @s[tag=aj.lexiel.bone.leftfoot] run data modify entity @s {} merge value {transformation:[-0.9945023522892373f,-0.10466451245688389f,0.003226627238532373f,0.15861029259231987f,-0.10360482744977217f,0.9790252234721522f,-0.1754299049033704f,0.40926442168240723f,0.015202336013803282f,-0.17479974724657193f,-0.9844866364467615f,0.17815372933148002f,0f,0f,0f,1f],start_interpolation:0}
execute if entity @s[tag=aj.lexiel.bone.lower] run data modify entity @s {} merge value {transformation:[-1f,2.5032118639771283e-17f,1.198790676599672e-16f,0f,0f,0.9788868736964133f,-0.20440276051184406f,0.625f,-1.2246467991473532e-16f,-0.20440276051184406f,-0.9788868736964133f,0f,0f,0f,0f,1f],start_interpolation:0}