execute if entity @s[tag=aj.lexiel.bone.backhair] run data modify entity @s {} merge value {transformation:[-0.9923201722591153f,0.08439412806177894f,0.09043399181907227f,0.0179563220884649f,0.12364631608111888f,0.6560612781717371f,0.7445100320366642f,1.6913035139950745f,0.0035020347239884397f,0.7499741531762004f,-0.6614578636016304f,-0.15925232080099977f,0f,0f,0f,1f],start_interpolation:0}
execute if entity @s[tag=aj.lexiel.bone.head] run data modify entity @s {} merge value {transformation:[-0.9923201722591153f,0.08231766676983851f,0.09232809683519855f,-0.005282115090105989f,0.12364631608111888f,0.6389765268633834f,0.7592236736543296f,1.4996187339128835f,0.0035020347239884397f,0.7648089956683157f,-0.6442475734510873f,0.023826081454262748f,0f,0f,0f,1f],start_interpolation:0}
execute if entity @s[tag=aj.lexiel.bone.ring] run data modify entity @s {} merge value {transformation:[-0.9626379310108908f,0.16287363159678675f,0.2163339869496829f,-0.0014789922252296805f,0.17356343378055084f,0.9843271465500603f,0.031237845939187436f,0.9373932454956073f,-0.20785559466460296f,0.0676184050025602f,-0.9758195545650508f,0.006671302807193524f,0f,0f,0f,1f],start_interpolation:0}
execute if entity @s[tag=aj.lexiel.bone.bust] run data modify entity @s {} merge value {transformation:[-0.9762960071199334f,0.10231170278204794f,0.19073128205806447f,-0.02009162428949962f,-4.336808689942018e-19f,0.8812216885242156f,-0.4727032215614045f,1.3880518909882007f,-0.216439613938103f,-0.4614982677631284f,-0.8603332158936773f,0.09062746053502901f,0f,0f,0f,1f],start_interpolation:0}
execute if entity @s[tag=aj.lexiel.bone.left_wing] run data modify entity @s {} merge value {transformation:[-0.018995370802706774f,-0.006761107315335666f,-0.9997967109947595f,0.1461207648082427f,-0.030620951305126348f,0.9995119794084909f,-0.006177407230342701f,1.1599412217336131f,0.9993505557256859f,0.030497384261456317f,-0.019193132208483343f,-0.08157988696398144f,0f,0f,0f,1f],start_interpolation:0}
execute if entity @s[tag=aj.lexiel.bone.right_wing] run data modify entity @s {} merge value {transformation:[-0.20921569011261484f,-0.006761107315335666f,0.9778461445639457f,-0.09795323697174074f,0.02840920886409312f,0.9995119794084909f,0.012989221325265891f,1.1599412217336131f,-0.9774567570293935f,0.030497384261456317f,-0.20892151083789917f,-0.13568979044850715f,0f,0f,0f,1f],start_interpolation:0}
execute if entity @s[tag=aj.lexiel.bone.body] run data modify entity @s {} merge value {transformation:[-0.9762960071199334f,-0.006761107315335666f,0.2163339869496829f,0.38336156374279307f,-4.336808689942018e-19f,0.9995119794084909f,0.031237845939187436f,0.20337508732616083f,-0.216439613938103f,0.030497384261456317f,-0.9758195545650508f,0.5808808921208487f,0f,0f,0f,1f],start_interpolation:0}
execute if entity @s[tag=aj.lexiel.locator_origin.locator_right_hand] at @s on origin run tp @s ^0.07457 ^1.29183 ^0.52917 ~-139.14379 ~-24.89613
execute if entity @s[tag=aj.lexiel.bone.sword] run data modify entity @s {} merge value {transformation:[-0.7820102957779025f,-0.1645761132280916f,-0.8356366810714402f,-0.04491346746674835f,0.8345725647827431f,0.07822011196036525f,-0.7964196825147294f,1.281242736924138f,0.1698899464633258f,-1.1418013748194746f,0.06588694143034621f,0.5332134186410712f,0f,0f,0f,1f],start_interpolation:0}
execute if entity @s[tag=aj.lexiel.bone.rod] run data modify entity @s {} merge value {transformation:[-0.000004652651447350537f,-4.4876694356233913e-7f,-0.000008840330465533099f,0.01947756541096768f,0.000008749022339213487f,0.0000012837168677531772f,-0.000004669762211439612f,1.327470244243005f,0.0000013444116249907766f,-0.0000099071024640816f,-2.0464151284126501e-7f,0.4552191050284228f,0f,0f,0f,1f],start_interpolation:0}
execute if entity @s[tag=aj.lexiel.bone.right_hand] run data modify entity @s {} merge value {transformation:[-0.4652651447350537f,-0.6568383769073773f,-0.5933731471143191f,-0.30147255934004963f,0.8749022339213487f,-0.23942956239258115f,-0.4209745428549463f,1.2136369193911145f,0.13444116249907764f,-0.7150082735704385f,0.6860675932819721f,0.20151052795749808f,0f,0f,0f,1f],start_interpolation:0}
execute if entity @s[tag=aj.lexiel.bone.right_arm] run data modify entity @s {} merge value {transformation:[-0.5225420210486545f,-0.07871245543037853f,-0.8489724292334279f,-0.3097407635042725f,0.5986333388361178f,0.6751515465307255f,-0.4310551181126275f,1.4059144858433374f,0.6071144553313723f,-0.7334676124937557f,-0.30567515363601344f,-0.046670427675905964f,0f,0f,0f,1f],start_interpolation:0}
execute if entity @s[tag=aj.lexiel.locator_origin.locator_left_hand] at @s on origin run tp @s ^-0.12279 ^1.40628 ^0.41504 ~173.15345 ~-6.77667
execute if entity @s[tag=aj.lexiel.bone.left_hand] run data modify entity @s {} merge value {transformation:[-0.2810284273060838f,0.952370567463233f,0.11837789183639294f,0.2975734262282895f,-0.9562995314830909f,-0.2675206720383311f,-0.11799955981858946f,1.2855510437158768f,-0.08071077456628897f,-0.14636595321972684f,0.9859324411981739f,0.38181992018481753f,0f,0f,0f,1f],start_interpolation:0}
execute if entity @s[tag=aj.lexiel.bone.left_arm] run data modify entity @s {} merge value {transformation:[-0.47286518068674915f,0.10681620780766182f,0.8746363922474747f,0.3309534911681838f,-0.7913059946176475f,0.38516301480787424f,-0.47485184521731083f,1.4059144858433374f,-0.3875994630753038f,-0.9166459238842989f,-0.09760587303045132f,0.09536806897097411f,0f,0f,0f,1f],start_interpolation:0}
execute if entity @s[tag=aj.lexiel.bone.skirt_right] run data modify entity @s {} merge value {transformation:[-0.9999070683063814f,-0.013632846769761873f,-0.000015488372369399406f,-0.21875000000000003f,-0.013339021323737965f,0.978120444646419f,0.20761133464918563f,0.680086923436465f,-0.0028151840192692946f,0.20759224757597156f,-0.9782113950907002f,0.11794567194182512f,0f,0f,0f,1f],start_interpolation:0}
execute if entity @s[tag=aj.lexiel.bone.skirt_left] run data modify entity @s {} merge value {transformation:[-0.9998547893337527f,0.017041130905989875f,0.00001018832332986673f,0.21874999999999997f,0.016506571634051136f,0.9683416590353692f,0.24908224438831156f,0.680086923436465f,0.004234777355062947f,0.24904624316394242f,-0.9684823361459307f,0.11794567194182518f,0f,0f,0f,1f],start_interpolation:0}
execute if entity @s[tag=aj.lexiel.bone.skirt_back_middle] run data modify entity @s {} merge value {transformation:[-1f,-4.5712173638732825e-17f,1.1361335752384448e-16f,1.767608534567404e-17f,0f,0.9277234677210322f,0.3732682245244867f,0.7993179480774434f,-1.2246467991473532e-16f,0.3732682245244867f,-0.9277234677210322f,-0.1443361903038559f,0f,0f,0f,1f],start_interpolation:0}
execute if entity @s[tag=aj.lexiel.bone.skirt_front_middle] run data modify entity @s {} merge value {transformation:[-1f,-1.4403908943467813e-17f,1.2161465879476398e-16f,-2.7258346273622283e-17f,0f,0.9930590508172383f,0.11761684228870213f,0.7218804661088633f,-1.2246467991473532e-16f,0.11761684228870213f,-0.9930590508172383f,0.22258128868340332f,0f,0f,0f,1f],start_interpolation:0}
execute if entity @s[tag=aj.lexiel.bone.skirt] run data modify entity @s {} merge value {transformation:[-1f,-2.528895051382734e-17f,1.198251509847902e-16f,-1.4918346783818258e-17f,0f,0.9784466106326912f,0.20649995191621368f,0.6984327973858281f,-1.2246467991473532e-16f,0.20649995191621368f,-0.9784466106326912f,0.12181754604025416f,0f,0f,0f,1f],start_interpolation:0}
execute if entity @s[tag=aj.lexiel.bone.rightupper] run data modify entity @s {} merge value {transformation:[-0.997422310012781f,-0.06009304599510168f,-0.039211749665097696f,-0.13797206440572896f,-0.06614939708060072f,0.9818073804094186f,0.1779846202329524f,0.6617296166291358f,0.027802747249879942f,0.18011966465832055f,-0.9832517041168723f,0.01744031298579602f,0f,0f,0f,1f],start_interpolation:0}
execute if entity @s[tag=aj.lexiel.bone.rightfoot] run data modify entity @s {} merge value {transformation:[-0.998942710320409f,-0.0009911637129823413f,-0.045961713329785936f,-0.08667828577112975f,-0.024024628297018513f,0.8636421925749291f,0.5035325018700969f,0.3399201230403167f,0.039195391730475815f,0.5041043352311732f,-0.8627528849376462f,0.04216479641425239f,0f,0f,0f,1f],start_interpolation:0}
execute if entity @s[tag=aj.lexiel.bone.leftupper] run data modify entity @s {} merge value {transformation:[-0.9995273154006481f,-0.030533589058665416f,-0.0035840908428846335f,0.1353877702291324f,-0.030500627934360206f,0.9702613583657708f,0.24013039823774762f,0.6621533743495265f,-0.0038545380505614936f,0.2401262093179462f,-0.9707340244037038f,0.017587008696854572f,0f,0f,0f,1f],start_interpolation:0}
execute if entity @s[tag=aj.lexiel.bone.leftfoot] run data modify entity @s {} merge value {transformation:[-0.9972592622409181f,-0.0739183839866809f,-0.003168025173099924f,0.15069781466852714f,-0.07180448720173156f,0.9566419871414243f,0.28227685710274464f,0.3491312831104753f,-0.017834783216965765f,0.2817306886849648f,-0.9593277539822869f,0.06370651531408436f,0f,0f,0f,1f],start_interpolation:0}
execute if entity @s[tag=aj.lexiel.bone.lower] run data modify entity @s {} merge value {transformation:[-1f,-3.720592252663725e-17f,1.1667612075982147e-16f,0f,0f,0.9527328274654858f,0.3038094130694782f,0.625f,-1.2246467991473532e-16f,0.3038094130694782f,-0.9527328274654858f,0f,0f,0f,0f,1f],start_interpolation:0}