execute if entity @s[tag=aj.lexiel.bone.backhair] run data modify entity @s {} merge value {transformation:[-0.9914733817437612f,0.09235692860928764f,0.09192785775513915f,0.02291007974870219f,0.13030898829280124f,0.7044252268616784f,0.6977138864398353f,1.674386015187046f,-0.000317590454439437f,0.703743772618083f,-0.710453799791071f,-0.19932381576159255f,0f,0f,0f,1f],start_interpolation:0}
execute if entity @s[tag=aj.lexiel.bone.head] run data modify entity @s {} merge value {transformation:[-0.9914733817437612f,0.09232791294514509f,0.09195699965083604f,-0.00007337464378323853f,0.13030898829280124f,0.7042050036550689f,0.6979361578233865f,1.4999999264473194f,-0.000317590454439437f,0.7039679462293423f,-0.7102316733418365f,0.0003309716296662282f,0f,0f,0f,1f],start_interpolation:0}
execute if entity @s[tag=aj.lexiel.bone.ring] run data modify entity @s {} merge value {transformation:[-0.9614801860042426f,0.1694395298047444f,0.21643959356086936f,-0.00002054490025926725f,0.17364816131840047f,0.9848076602950878f,0.0004339295489105994f,0.9374999794052494f,-0.2130778449111637f,0.03800155212174617f,-0.9762959152041722f,0.00009267205630647535f,0f,0f,0f,1f],start_interpolation:0}
execute if entity @s[tag=aj.lexiel.bone.bust] run data modify entity @s {} merge value {transformation:[-0.9762960071199334f,0.10813846006938198f,0.18748914618051296f,-0.015619697980841063f,0f,0.866242287024827f,-0.49962415891347506f,1.3905937480583668f,-0.216439613938103f,-0.4877810714078808f,-0.8457088860207778f,0.07045590450681283f,0f,0f,0f,1f],start_interpolation:0}
execute if entity @s[tag=aj.lexiel.bone.left_wing] run data modify entity @s {} merge value {transformation:[-0.08621253090835371f,-0.00009391954404254531f,-0.9962767641039789f,0.14905086028458175f,-0.0004301634052198064f,0.9999999058525688f,-0.00005704645674760978f,1.1563042000041128f,0.9962766756648581f,0.00042364368597277204f,-0.08621256319241624f,-0.09479669354564557f,0f,0f,0f,1f],start_interpolation:0}
execute if entity @s[tag=aj.lexiel.bone.right_wing] run data modify entity @s {} merge value {transformation:[-0.2581331263684311f,-0.00009391954404254531f,0.9661093521182675f,-0.0950231414954017f,0.0003850423871322492f,0.9999999058525688f,0.00020009301219496757f,1.1563042000041128f,-0.9661092799541984f,0.00042364368597277204f,-0.2581330659028549f,-0.14890659703017128f,0f,0f,0f,1f],start_interpolation:0}
execute if entity @s[tag=aj.lexiel.bone.body] run data modify entity @s {} merge value {transformation:[-0.9762960071199334f,-0.00009391954404254531f,0.21643959356086936f,0.3799751665515533f,0f,0.9999999058525688f,0.0004339295489105994f,0.21853308229926027f,-0.216439613938103f,0.00042364368597277204f,-0.9762959152041722f,0.5961559427281512f,0f,0f,0f,1f],start_interpolation:0}
execute if entity @s[tag=aj.lexiel.locator_origin.locator_right_hand] at @s on origin run tp @s ^-0.05712 ^1.2214 ^0.57567 ~-122.6928 ~-28.33294
execute if entity @s[tag=aj.lexiel.bone.sword] run data modify entity @s {} merge value {transformation:[-0.7888709016787117f,0.1267878718911348f,-0.835776045676073f,-0.17446554392938843f,0.8403271808578698f,0.2419059541277005f,-0.7564692994226739f,1.2154117149197186f,0.0919075192575729f,-1.1235303322113221f,-0.2571899356604663f,0.55119016155314f,0f,0f,0f,1f],start_interpolation:0}
execute if entity @s[tag=aj.lexiel.bone.rod] run data modify entity @s {} merge value {transformation:[-0.0000047194722703753795f,0.0000018576022375761156f,-0.000008618346443263352f,-0.09325842958154129f,0.00000871314745588172f,0.0000024735396723979556f,-0.00000423823818362481f,1.2678761531101608f,0.0000013444861104599738f,-0.000009509517096889076f,-0.000002785936410393207f,0.4962430250623263f,0f,0f,0f,1f],start_interpolation:0}
execute if entity @s[tag=aj.lexiel.bone.right_hand] run data modify entity @s {} merge value {transformation:[-0.47194722703753794f,-0.47805680737091033f,-0.7407614351583853f,-0.34879674268840344f,0.8713147455881718f,-0.12478302840383135f,-0.4745943635811404f,1.1986297785045334f,0.13444861104599737f,-0.869419855276322f,0.4754289497276131f,0.16421868763755354f,0f,0f,0f,1f],start_interpolation:0}
execute if entity @s[tag=aj.lexiel.bone.right_arm] run data modify entity @s {} merge value {transformation:[-0.6103717396405524f,0.07860977252200874f,-0.7882048230708841f,-0.3051570719115084f,0.5797655060658226f,0.7223610522677264f,-0.3769170573785476f,1.406249935273641f,0.5397391012557886f,-0.6870334881435554f,-0.4864840066691738f,-0.0673461243215509f,0f,0f,0f,1f],start_interpolation:0}
execute if entity @s[tag=aj.lexiel.locator_origin.locator_left_hand] at @s on origin run tp @s ^-0.03525 ^1.39142 ^0.50901 ~157.96759 ~-14.43462
execute if entity @s[tag=aj.lexiel.bone.left_hand] run data modify entity @s {} merge value {transformation:[-0.35866563594948697f,0.8598720612884494f,0.36328914077426405f,0.3522968175249849f,-0.9267010513065768f,-0.2812242593319328f,-0.24927510399253883f,1.2605957855002f,-0.11217897796038022f,-0.42606684238363185f,0.8977098210028703f,0.3506638079782822f,0f,0f,0f,1f],start_interpolation:0}
execute if entity @s[tag=aj.lexiel.bone.left_arm] run data modify entity @s {} merge value {transformation:[-0.5966446003323455f,-0.05363083124491838f,0.8007115303492481f,0.33553718276094785f,-0.7241122805925144f,0.466093279275012f,-0.5083487583438885f,1.406249935273641f,-0.34594309646148935f,-0.8831085940894497f,-0.31692678185346196f,0.07469237232532917f,0f,0f,0f,1f],start_interpolation:0}
execute if entity @s[tag=aj.lexiel.bone.skirt_right] run data modify entity @s {} merge value {transformation:[-0.9999999820730839f,-0.00018935108067553346f,-2.9878192130965185e-9f,-0.21875f,-0.0001826433663492777f,0.964571071724528f,0.263823073732371f,0.6589194575390638f,-0.000049952302154384906f,0.26382306900338265f,-0.9645710890164622f,0.10716699271574148f,0f,0f,0f,1f],start_interpolation:0}
execute if entity @s[tag=aj.lexiel.bone.skirt_left] run data modify entity @s {} merge value {transformation:[-0.9999999719880004f,0.00023669386258726003f,1.1796343753503369e-7f,0.21875f,0.00022540403001990322f,0.9521496156013839f,0.30563222785426286f,0.6589194575390638f,0.00007222895370027105f,0.3056322193194824f,-0.9521496422815197f,0.10716699271574152f,0f,0f,0f,1f],start_interpolation:0}
execute if entity @s[tag=aj.lexiel.bone.skirt_back_middle] run data modify entity @s {} merge value {transformation:[-1f,-5.232876022191324e-17f,1.1072171729275194e-16f,1.807968186925012e-17f,0f,0.9041114333523814f,0.427296754120017f,0.7934013695709539f,-1.2246467991473532e-16f,0.427296754120017f,-0.9041114333523814f,-0.14763180601817516f,0f,0f,0f,1f],start_interpolation:0}
execute if entity @s[tag=aj.lexiel.bone.skirt_front_middle] run data modify entity @s {} merge value {transformation:[-1f,-2.1884058586167004e-17f,1.2049350939538522e-16f,-2.6217717931562242e-17f,0f,0.9839041712212655f,0.1786968993950218f,0.6944734245141289f,-1.2246467991473532e-16f,0.1786968993950218f,-0.9839041712212655f,0.21408391341745261f,0f,0f,0f,1f],start_interpolation:0}
execute if entity @s[tag=aj.lexiel.bone.skirt] run data modify entity @s {} merge value {transformation:[-1f,-3.2307144336017573e-17f,1.1812639946883297e-16f,-1.3729930416658385e-17f,0f,0.9645752518283408f,0.2638078534848666f,0.6770052435108452f,-1.2246467991473532e-16f,0.2638078534848666f,-0.9645752518283408f,0.11211338996858276f,0f,0f,0f,1f],start_interpolation:0}
execute if entity @s[tag=aj.lexiel.bone.rightupper] run data modify entity @s {} merge value {transformation:[-0.9982081305856839f,-0.043213247468305536f,-0.04139013500675338f,-0.13781555196774464f,-0.04898777278230546f,0.9873858564929184f,0.15056350326548262f,0.6626532543791953f,0.034361695977694375f,0.15232132365820872f,-0.9877335107247033f,0.016355974804481883f,0f,0f,0f,1f],start_interpolation:0}
execute if entity @s[tag=aj.lexiel.bone.rightfoot] run data modify entity @s {} merge value {transformation:[-0.9989855404492652f,0.015633313873761642f,-0.042231380164681774f,-0.0916268413838832f,-0.006536749739981887f,0.8775317524243157f,0.4794739767598927f,0.3408803452135139f,0.04455514421619878f,0.4792636257681504f,-0.8765393408965965f,0.05000861085228348f,0f,0f,0f,1f],start_interpolation:0}
execute if entity @s[tag=aj.lexiel.bone.leftupper] run data modify entity @s {} merge value {transformation:[-0.999054711150923f,-0.043470351143145305f,0.0001126882305002514f,0.13536149525849003f,-0.04228611053580435f,0.9724324360862712f,0.22931864752582545f,0.6635307312836085f,-0.010078143822122416f,0.22909711001846286f,-0.9733513986214274f,0.01683045542828777f,0f,0f,0f,1f],start_interpolation:0}
execute if entity @s[tag=aj.lexiel.bone.leftfoot] run data modify entity @s {} merge value {transformation:[-0.9962108624135158f,-0.08697077680621972f,-0.000039887866160677436f,0.15401700156056403f,-0.08371258566032223f,0.9587651972855497f,0.271590683706316f,0.35123951964388994f,-0.023582209637401784f,0.2705649283549582f,-0.9624128526432374f,0.06653364619338474f,0f,0f,0f,1f],start_interpolation:0}
execute if entity @s[tag=aj.lexiel.bone.lower] run data modify entity @s {} merge value {transformation:[-1f,-3.329719468357347e-17f,1.1785115465205583e-16f,0f,0f,0.9623277073365839f,0.27189222808369135f,0.625f,-1.2246467991473532e-16f,0.27189222808369135f,-0.9623277073365839f,0f,0f,0f,0f,1f],start_interpolation:0}