execute if entity @s[tag=aj.lexiel.bone.backhair] run data modify entity @s {} merge value {transformation:[-0.9924337587850482f,0.0833235349557434f,0.09017994758403775f,0.017250246483363107f,0.12271560213019002f,0.6491251436518257f,0.7507179422877954f,1.6934658929041346f,0.004014401276118296f,0.7561043158198979f,-0.6544388039999754f,-0.15359250790509116f,0f,0f,0f,1f],start_interpolation:0}
execute if entity @s[tag=aj.lexiel.bone.head] run data modify entity @s {} merge value {transformation:[-0.9924337587850482f,0.08096751863996879f,0.09230111239344355f,-0.006002119017395825f,0.12271560213019002f,0.629526933244769f,0.7672266427290316f,1.499507674261185f,0.004014401276118296f,0.7727484074682539f,-0.6346997584194213f,0.027073809291759086f,0f,0f,0f,1f],start_interpolation:0}
execute if entity @s[tag=aj.lexiel.bone.ring] run data modify entity @s {} merge value {transformation:[-0.9627979660443461f,0.16196602782105007f,0.21630321868326657f,-0.001680593324870805f,0.17353874858870472f,0.9841871498703295f,0.035495869736968506f,0.9373621487931317f,-0.2071337232783125f,0.07171234107173134f,-0.9756807678840836f,0.007580666601692543f,0f,0f,0f,1f],start_interpolation:0}
execute if entity @s[tag=aj.lexiel.bone.bust] run data modify entity @s {} merge value {transformation:[-0.9762960071199334f,0.1014981852832621f,0.191165438471183f,-0.020708616197820162f,0f,0.8832275894090819f,-0.4689445866055203f,1.3876503342272744f,-0.21643961393810296f,-0.45782872746347725f,-0.8622915689182507f,0.09341053118258125f,0f,0f,0f,1f],start_interpolation:0}
execute if entity @s[tag=aj.lexiel.bone.left_wing] run data modify entity @s {} merge value {transformation:[-0.009671054123882888f,-0.0076827123422666555f,-0.9999237204123117f,0.14571371657565838f,-0.034728135364953956f,0.9993698230543167f,-0.007342573285795053f,1.1604112813033847f,0.9993500024146728f,0.03465447589345163f,-0.009931765922725794f,-0.0797438110398625f,0f,0f,0f,1f],start_interpolation:0}
execute if entity @s[tag=aj.lexiel.bone.right_wing] run data modify entity @s {} merge value {transformation:[-0.20242161622714727f,-0.0076827123422666555f,0.9792683315695733f,-0.09836028520432494f,0.03238377518026472f,0.9993698230543167f,0.014534368698292582f,1.1604112813033847f,-0.9787628826171657f,0.03465447589345163f,-0.20204525956202635f,-0.1338537145243882f,0f,0f,0f,1f],start_interpolation:0}
execute if entity @s[tag=aj.lexiel.bone.body] run data modify entity @s {} merge value {transformation:[-0.9762960071199334f,-0.0076827123422666555f,0.21630321868326657f,0.38383775038946677f,0f,0.9993698230543167f,0.035495869736968506f,0.20131715360435742f,-0.21643961393810296f,0.03465447589345163f,-0.9756807678840836f,0.5787329529643674f,0f,0f,0f,1f],start_interpolation:0}
execute if entity @s[tag=aj.lexiel.bone.sword] run data modify entity @s {} merge value {transformation:[-0.7763410451885203f,-0.22739957171954103f,-0.8261344193515762f,-0.01652693127611382f,0.8352508973941164f,0.04794363385565498f,-0.7981048858859584f,1.2936466825617767f,0.19121867706351225f,-1.1326539212197542f,0.132077911808129f,0.5227850944530518f,0f,0f,0f,1f],start_interpolation:0}
execute if entity @s[tag=aj.lexiel.bone.rod] run data modify entity @s {} merge value {transformation:[-0.0000046208049884792146f,-9.705113381384913e-7f,-0.000008815115938034524f,0.043480004861147725f,0.000008759759263120648f,0.0000010514691734395685f,-0.000004707550342744976f,1.3382996758110728f,0.0000013837553651630864f,-0.000009897096560095339f,3.6428116823605657e-7f,0.44049517221542256f,0f,0f,0f,1f],start_interpolation:0}
execute if entity @s[tag=aj.lexiel.bone.right_hand] run data modify entity @s {} merge value {transformation:[-0.46208049884792146f,-0.6919483405145983f,-0.5546973108313668f,-0.28966120877998847f,0.8759759263120648f,-0.2585239787384295f,-0.40722417528797605f,1.2173576360967517f,0.13837553651630863f,-0.6740718407383193f,0.7255889776019739f,0.2065611710745481f,0f,0f,0f,1f],start_interpolation:0}
execute if entity @s[tag=aj.lexiel.bone.right_arm] run data modify entity @s {} merge value {transformation:[-0.49697282065157744f,-0.11597938824211482f,-0.8599806957348519f,-0.31037436696028753f,0.6054458726286694f,0.6636137624727579f,-0.43937691060598416f,1.4058167533498427f,0.6216536904503376f,-0.7390301453660296f,-0.2595787614381061f,-0.04381242717890917f,0f,0f,0f,1f],start_interpolation:0}
execute if entity @s[tag=aj.lexiel.bone.left_hand] run data modify entity @s {} merge value {transformation:[-0.25861648290508416f,0.9639863411871568f,0.062031030737871924f,0.2848987362174601f,-0.9630291562427206f,-0.2522787538081954f,-0.09450013017672307f,1.2898240121503817f,-0.0754477235987811f,-0.08417698249273589f,0.993590396804528f,0.3848248360143913f,0f,0f,0f,1f],start_interpolation:0}
execute if entity @s[tag=aj.lexiel.bone.left_arm] run data modify entity @s {} merge value {transformation:[-0.4374813264928701f,0.14534768478306764f,0.887403031039584f,0.33031988771216875f,-0.8073046632158848f,0.37117677183827524f,-0.45878860578441105f,1.4058167533498427f,-0.39606725403638915f,-0.9171160529485453f,-0.04504304279414703f,0.09822606946797088f,0f,0f,0f,1f],start_interpolation:0}
execute if entity @s[tag=aj.lexiel.bone.skirt_right] run data modify entity @s {} merge value {transformation:[-0.9998799957718401f,-0.015491728608944514f,-0.000020000299099471016f,-0.21875000000000003f,-0.01522041775482982f,0.9821266217740956f,0.18760500442677736f,0.6863094528213168f,-0.002886682988070434f,0.18758279544592965f,-0.9822445530080668f,0.12088346098174109f,0f,0f,0f,1f],start_interpolation:0}
execute if entity @s[tag=aj.lexiel.bone.skirt_left] run data modify entity @s {} merge value {transformation:[-0.9998124874519368f,0.019364653229969116f,0.000011851315247025591f,0.21874999999999997f,0.018852189299648995f,0.9732133370061383f,0.22912964808594047f,0.6863094528213168f,0.004425482321829626f,0.22908690682502955f,-0.9733959134019208f,0.12088346098174114f,0f,0f,0f,1f],start_interpolation:0}
execute if entity @s[tag=aj.lexiel.bone.skirt_back_middle] run data modify entity @s {} merge value {transformation:[-1f,-4.336632356954184e-17f,1.1452929671782838e-16f,1.7609765197625557e-17f,0f,0.9352026788259942f,0.3541129050411528f,0.8001220734268877f,-1.2246467991473532e-16f,0.3541129050411528f,-0.9352026788259942f,-0.14379464519799637f,0f,0f,0f,1f],start_interpolation:0}
execute if entity @s[tag=aj.lexiel.bone.skirt_front_middle] run data modify entity @s {} merge value {transformation:[-1f,-1.1852942867285297e-17f,1.2188972709791195e-16f,-2.7510168207893852e-17f,0f,0.9953051539658319f,0.09678662350269293f,0.7302457384023235f,-1.2246467991473532e-16f,0.09678662350269293f,-0.9953051539658319f,0.2246375708248901f,0f,0f,0f,1f],start_interpolation:0}
execute if entity @s[tag=aj.lexiel.bone.skirt] run data modify entity @s {} merge value {transformation:[-1f,-2.2819688006394813e-17f,1.2031982241471842e-16f,-1.5231823506234225e-17f,0f,0.982485909394364f,0.18633689339883763f,0.7047310636224612f,-1.2246467991473532e-16f,0.18633689339883763f,-0.982485909394364f,0.12437727773296933f,0f,0f,0f,1f],start_interpolation:0}
execute if entity @s[tag=aj.lexiel.bone.rightupper] run data modify entity @s {} merge value {transformation:[-0.9972914491200978f,-0.062424418821463434f,-0.0388967536786552f,-0.13799322148836402f,-0.06849117938792504f,0.9809529923646014f,0.1817695934885301f,0.6615994123105003f,0.02680902568141047f,0.18394134582996005f,-0.9825715533416772f,0.017587082608670944f,0f,0f,0f,1f],start_interpolation:0}
execute if entity @s[tag=aj.lexiel.bone.rightfoot] run data modify entity @s {} merge value {transformation:[-0.9989145411765514f,-0.0032930428116621727f,-0.04646391390186977f,-0.0859959186464829f,-0.026415140547886025f,0.861644639897252f,0.5068241853800688f,0.33981046555204786f,0.03836638862175113f,0.5075013994122336f,-0.8607963463088986f,0.041081257789498164f,0f,0f,0f,1f],start_interpolation:0}
execute if entity @s[tag=aj.lexiel.bone.leftupper] run data modify entity @s {} merge value {transformation:[-0.9995777597349143f,-0.028760385508203878f,-0.004140346452845159f,0.13538934796865748f,-0.028908422904579265f,0.969937833970569f,0.24162967805642405f,0.661961813074746f,-0.002933484020765576f,0.2416473431633393f,-0.9703597045496062f,0.017687069408727427f,0f,0f,0f,1f],start_interpolation:0}
execute if entity @s[tag=aj.lexiel.bone.leftfoot] run data modify entity @s {} merge value {transformation:[-0.9973888234188399f,-0.07212655055498274f,-0.003646316527887255f,0.1502468699243527f,-0.07019426176009337f,0.9563233067367327f,0.2837578168228616f,0.34884492536288697f,-0.016979415041087718f,0.28327282555367145f,-0.9588890476836731f,0.0633103982081561f,0f,0f,0f,1f],start_interpolation:0}
execute if entity @s[tag=aj.lexiel.bone.lower] run data modify entity @s {} merge value {transformation:[-1f,-3.7743283058572924e-17f,1.1650340085413394e-16f,0f,0f,0.9513224624050637f,0.3081972948024791f,0.625f,-1.2246467991473532e-16f,0.3081972948024791f,-0.9513224624050637f,0f,0f,0f,0f,1f],start_interpolation:0}