execute if entity @s[tag=aj.lexiel.bone.backhair] run data modify entity @s {} merge value {transformation:[-0.9917984498657878f,0.08930492523966331f,0.09143557935376512f,0.021070996258434675f,0.12780655436565408f,0.6865343965696147f,0.7157765063118335f,1.681036311210077f,0.0011486970878554492f,0.7215920957540578f,-0.6923175050800515f,-0.184369676775398f,0f,0f,0f,1f],start_interpolation:0}
execute if entity @s[tag=aj.lexiel.bone.head] run data modify entity @s {} merge value {transformation:[-0.9917984498657878f,0.08849878078499596f,0.09221605415213643f,-0.002041099675961003f,0.12780655436565408f,0.6802242162204128f,0.7217759349884868f,1.4999430818572042f,0.0011486970878554492f,0.7276420696103918f,-0.6859560474462675f,0.009206805665179162f,0f,0f,0f,1f],start_interpolation:0}
execute if entity @s[tag=aj.lexiel.bone.ring] run data modify entity @s {} merge value {transformation:[-0.9619175515927062f,0.16695910629436378f,0.21642384518181135f,-0.0005715079092690756f,0.1736355264902613f,0.984736004623968f,0.012070838316950763f,0.9374840629200172f,-0.21110501623207126f,0.049190019542703314f,-0.9762248788568366f,0.002577905586250262f,0f,0f,0f,1f],start_interpolation:0}
execute if entity @s[tag=aj.lexiel.bone.bust] run data modify entity @s {} merge value {transformation:[-0.9762960071199334f,0.10594933805197648f,0.18873485170477405f,-0.017310809593769183f,0f,0.8719977284691893f,-0.4895099197611566f,1.3897084588931647f,-0.21643961393810296f,-0.47790658010841613f,-0.8513279005221214f,0.07808401603988924f,0f,0f,0f,1f],start_interpolation:0}
execute if entity @s[tag=aj.lexiel.bone.left_wing] run data modify entity @s {} merge value {transformation:[-0.06087618220122015f,-0.002612607585230084f,-0.9981419061046428f,0.14794696571917998f,-0.011921929515206018f,0.9999271447772212f,-0.00189016779901319f,1.1577269806296533f,0.9980741245204379f,0.011784711251429327f,-0.06090289437688598f,-0.08981734694234134f,0f,0f,0f,1f],start_interpolation:0}
execute if entity @s[tag=aj.lexiel.bone.right_wing] run data modify entity @s {} merge value {transformation:[-0.23970422208906256f,-0.002612607585230084f,0.9708424486981824f,-0.09612703606080347f,0.010814964305404748f,0.9999271447772212f,0.005361127189946898f,1.1577269806296533f,-0.9707857242768613f,0.011784711251429327f,-0.23965850312678294f,-0.14392725042686705f,0f,0f,0f,1f],start_interpolation:0}
execute if entity @s[tag=aj.lexiel.bone.body] run data modify entity @s {} merge value {transformation:[-0.9762960071199334f,-0.002612607585230084f,0.21642384518181135f,0.38124238476167605f,0f,0.9999271447772212f,0.012070838316950763f,0.21275100845291406f,-0.21643961393810296f,0.011784711251429327f,-0.9762248788568366f,0.5904398907717552f,0f,0f,0f,1f],start_interpolation:0}
execute if entity @s[tag=aj.lexiel.bone.sword] run data modify entity @s {} merge value {transformation:[-0.7858713482105023f,0.017756995708182257f,-0.8479416109999717f,-0.12483116182236104f,0.8397865020248094f,0.17801780654035013f,-0.7745852787598643f,1.2418335143590196f,0.1186546146542235f,-1.1423258782667849f,-0.13389074935661424f,0.549252803357821f,0f,0f,0f,1f],start_interpolation:0}
execute if entity @s[tag=aj.lexiel.bone.rod] run data modify entity @s {} merge value {transformation:[-0.0000046676206715648966f,0.0000010036697059803728f,-0.000008786692460060121f,-0.04918752535976839f,0.000008744918685932647f,0.000002005575027875605f,-0.000004416340791196684f,1.2919093957376566f,0.0000013189823512109953f,-0.000009745271465118816f,-0.0000018138273424818793f,0.4849352562128082f,0f,0f,0f,1f],start_interpolation:0}
execute if entity @s[tag=aj.lexiel.bone.right_hand] run data modify entity @s {} merge value {transformation:[-0.4667620671564896f,-0.5503428167538988f,-0.6922831477879448f,-0.33184942238717235f,0.8744918685932647f,-0.17046688190966988f,-0.4540980223875177f,1.2048675787995622f,0.13189823512109952f,-0.8173517151259785f,0.5608377923718764f,0.18020418694538434f,0f,0f,0f,1f],start_interpolation:0}
execute if entity @s[tag=aj.lexiel.bone.right_arm] run data modify entity @s {} merge value {transformation:[-0.5775284324459994f,0.02212156458691189f,-0.8160707972331163f,-0.3068886699398249f,0.5892226256808564f,0.7031857289193734f,-0.3979277924823632f,1.4061999120343396f,0.5650465530398572f,-0.7106619921062026f,-0.419144278111272f,-0.05953539037029951f,0f,0f,0f,1f],start_interpolation:0}
execute if entity @s[tag=aj.lexiel.bone.left_hand] run data modify entity @s {} merge value {transformation:[-0.3275579403493078f,0.9033993040615269f,0.27672277306948945f,0.3327353935757527f,-0.9397062264324176f,-0.2810318666831393f,-0.19486738545158327f,1.2714395218327188f,-0.09827514293179625f,-0.3238684722688196f,0.9409841704045802f,0.364451225482215f,0f,0f,0f,1f],start_interpolation:0}
execute if entity @s[tag=aj.lexiel.bone.left_arm] run data modify entity @s {} merge value {transformation:[-0.5511308397809981f,0.0034246117020117206f,0.8344118104850758f,0.3338055847326314f,-0.7520295961588256f,0.4312332486451865f,-0.4984870828457968f,1.4061999120343396f,-0.36153324044060636f,-0.9022339814580301f,-0.23509053311204497f,0.08250310627658056f,0f,0f,0f,1f],start_interpolation:0}
execute if entity @s[tag=aj.lexiel.bone.skirt_right] run data modify entity @s {} merge value {transformation:[-0.9999861272658318f,-0.0052673779565978055f,-0.0000023121169410651138f,-0.21875000000000003f,-0.005119392367323093f,0.9717882775547805f,0.2357993541740564f,0.6688908866534332f,-0.0012397974322167608f,0.23579609482893277f,-0.9718017619688449f,0.111759246876223f,0f,0f,0f,1f],start_interpolation:0}
execute if entity @s[tag=aj.lexiel.bone.skirt_left] run data modify entity @s {} merge value {transformation:[-0.999978322958146f,0.006584345176594514f,0.0000035226615393411164f,0.21874999999999997f,0.006326575951973083f,0.9606818631978659f,0.2775794159504641f,0.6688908866534332f,0.0018242945314843311f,0.2775734211362325f,-0.9607026948167626f,0.11175924687622305f,0f,0f,0f,1f],start_interpolation:0}
execute if entity @s[tag=aj.lexiel.bone.skirt_back_middle] run data modify entity @s {} merge value {transformation:[-1f,-4.9055246422408344e-17f,1.122104301081471e-16f,1.798740212166337e-17f,0f,0.9162676960105751f,0.4005664854271658f,0.7958335499407252f,-1.2246467991473532e-16f,0.4005664854271658f,-0.9162676960105751f,-0.14687828469552927f,0f,0f,0f,1f],start_interpolation:0}
execute if entity @s[tag=aj.lexiel.bone.skirt_front_middle] run data modify entity @s {} merge value {transformation:[-1f,-1.8208648095972188e-17f,1.2110343909706126e-16f,-2.664661876043333e-17f,0f,0.9888846251946126f,0.14868489517671354f,0.707568763148896f,-1.2246467991473532e-16f,0.14868489517671354f,-0.9888846251946126f,0.2175861544649914f,0f,0f,0f,1f],start_interpolation:0}
execute if entity @s[tag=aj.lexiel.bone.skirt] run data modify entity @s {} merge value {transformation:[-1f,-2.8824850299209926e-17f,1.190240556855912e-16f,-1.4227026339318722e-17f,0f,0.9719051710947219f,0.23537276477821126f,0.6871141086114593f,-1.2246467991473532e-16f,0.23537276477821126f,-0.9719051710947219f,0.1161724862158145f,0f,0f,0f,1f],start_interpolation:0}
execute if entity @s[tag=aj.lexiel.bone.rightupper] run data modify entity @s {} merge value {transformation:[-0.9979444584084638f,-0.04959324728392263f,-0.040587778402784803f,-0.1378757866929801f,-0.05551528011347693f,0.9854031246698748f,0.1609308409372459f,0.6623083771242707f,0.03201424067130215f,0.16285328278755287f,-0.9861307705773902f,0.016770579071110986f,0f,0f,0f,1f],start_interpolation:0}
execute if entity @s[tag=aj.lexiel.bone.rightfoot] run data modify entity @s {} merge value {transformation:[-0.9990025855098683f,0.009358401523030623f,-0.043660674130525906f,-0.08975480223677376f,-0.01318207223448187f,0.8724006879563779f,0.4886136230446746f,0.3404830221514802f,0.04266224462218482f,0.4887018108971689f,-0.8714071797441335f,0.04704455672378019f,0f,0f,0f,1f],start_interpolation:0}
execute if entity @s[tag=aj.lexiel.bone.leftupper] run data modify entity @s {} merge value {transformation:[-0.9992555083552143f,-0.03856099150918955f,-0.001216123180699207f,0.13537424869435452f,-0.037779655563766876f,0.9716474783978956f,0.23339639103571017f,0.6630124609389997f,-0.007818353231055892f,0.23326857408755097f,-0.9723809159459657f,0.017122899340886354f,0f,0f,0f,1f],start_interpolation:0}
execute if entity @s[tag=aj.lexiel.bone.leftfoot] run data modify entity @s {} merge value {transformation:[-0.9966298773097964f,-0.08202169459856773f,-0.0011529391308815222f,0.1527514276824209f,-0.07916141762612608f,0.9580009097583015f,0.2756224353380701f,0.3504352959734275f,-0.021502502479532233f,0.27478482221084544f,-0.9612652827756091f,0.06547355132743121f,0f,0f,0f,1f],start_interpolation:0}
execute if entity @s[tag=aj.lexiel.bone.lower] run data modify entity @s {} merge value {transformation:[-1f,-3.477818472311796e-17f,1.1742263705939864e-16f,0f,0f,0.958828595650214f,0.283985429491441f,0.625f,-1.2246467991473532e-16f,0.283985429491441f,-0.958828595650214f,0f,0f,0f,0f,1f],start_interpolation:0}