execute if entity @s[tag=aj.lexiel.bone.backhair] run data modify entity @s {} merge value {transformation:[-0.9842118316662838f,0.17696333823114618f,0.0033237524257486092f,0.027449486441502233f,0.17387723155110113f,0.9702158190585841f,-0.16866526849534175f,1.3815898671164957f,-0.03307232613868383f,-0.1654244279741354f,-0.9856677837249256f,-0.4124257733709978f,0f,0f,0f,1f],start_interpolation:0}
execute if entity @s[tag=aj.lexiel.bone.head] run data modify entity @s {} merge value {transformation:[-0.9842118316662838f,0.17524583164481516f,-0.02481872074092087f,0.036780175257759576f,0.17387723155110113f,0.931123193379567f,-0.3205874406441439f,1.4812947059341521f,-0.03307232613868383f,-0.3198413626186501f,-0.9468937237103336f,-0.16590464930135684f,0f,0f,0f,1f],start_interpolation:0}
execute if entity @s[tag=aj.lexiel.bone.ring] run data modify entity @s {} merge value {transformation:[-0.9532887597246135f,0.21589541674114332f,0.2112574486565531f,0.0102984490721727f,0.1694905581760394f,0.96122872118063f,-0.21751389901940835f,0.9322625176615625f,-0.25002698108780724f,-0.17154741212743146f,-0.9529207701170641f,-0.04645330180438001f,0f,0f,0f,1f],start_interpolation:0}
execute if entity @s[tag=aj.lexiel.bone.bust] run data modify entity @s {} merge value {transformation:[-0.9762960071199334f,0.14640000897322203f,0.1594150051102956f,0.016446821599483463f,6.938893903907228e-18f,0.7365334016714927f,-0.676401174024868f,1.3901722585953906f,-0.21643961393810296f,-0.6603677654117137f,-0.7190746191623404f,-0.07418681804700289f,0f,0f,0f,1f],start_interpolation:0}
execute if entity @s[tag=aj.lexiel.bone.left_wing] run data modify entity @s {} merge value {transformation:[-0.8215776568270785f,0.04707862432993226f,-0.568149414268578f,0.16904108011640614f,0.15875558020669112f,0.9760572235957146f,-0.1486908269526477f,1.118585797945699f,0.547546180295109f,-0.21235795110573677f,-0.8093808010117423f,-0.18496674813113012f,0f,0f,0f,1f],start_interpolation:0}
execute if entity @s[tag=aj.lexiel.bone.right_wing] run data modify entity @s {} merge value {transformation:[-0.7556166175057933f,0.04707862432993226f,0.6533200827162017f,-0.07503292166357722f,-0.10424710200290901f,0.9760572235957146f,-0.1909053115830475f,1.118585797945699f,-0.6466653455019054f,-0.21235795110573677f,-0.7326172476328107f,-0.23907665161565572f,0f,0f,0f,1f],start_interpolation:0}
execute if entity @s[tag=aj.lexiel.bone.body] run data modify entity @s {} merge value {transformation:[-0.9762960071199334f,0.04707862432993226f,0.2112574486565531f,0.35897996706672397f,6.938893903907228e-18f,0.9760572235957146f,-0.21751389901940835f,0.3394783377118469f,-0.21643961393810296f,-0.21235795110573677f,-0.9529207701170641f,0.6908591675804518f,0f,0f,0f,1f],start_interpolation:0}
execute if entity @s[tag=aj.lexiel.locator_origin.locator_right_hand] at @s on origin run tp @s ^-0.57138 ^0.66864 ^-0.03825 ~-3.44616 ~-18.93888
execute if entity @s[tag=aj.lexiel.bone.sword] run data modify entity @s {} merge value {transformation:[-0.9016999112556373f,0.34457435857546953f,0.6364902544060511f,-0.5797844251047511f,0.605425687857734f,0.9162905342349255f,0.36164271851298857f,0.7294312030329599f,-0.39662459457724714f,0.6153001144025398f,-0.8949909288326088f,-0.1413890324155886f,0f,0f,0f,1f],start_interpolation:0}
execute if entity @s[tag=aj.lexiel.bone.rod] run data modify entity @s {} merge value {transformation:[-0.000008776558112494637f,0.0000037672081854157158f,0.000002963135195319552f,-0.5723192269922435f,0.000004670355281427561f,0.000008111075149253447f,0.000003521113668770847f,0.7674922296373119f,-0.0000010769444011861971f,0.000004474215284371108f,-0.00000887815230472274f,-0.0371684510755913f,0f,0f,0f,1f],start_interpolation:0}
execute if entity @s[tag=aj.lexiel.bone.right_hand] run data modify entity @s {} merge value {transformation:[-0.8776558112494636f,0.4759071444231901f,-0.056856546386594126f,-0.3900593199901191f,0.4670355281427561f,0.8225199593267308f,-0.3245592888234291f,1.0989429576647534f,-0.1076944401186197f,-0.3114053731009117f,-0.9441549667143732f,-0.2301886357546529f,0f,0f,0f,1f],start_interpolation:0}
execute if entity @s[tag=aj.lexiel.bone.right_arm] run data modify entity @s {} merge value {transformation:[-0.9506782548642319f,0.2803989648878755f,0.1326170283866541f,-0.27272594799815075f,0.2832708517337862f,0.9590355125567392f,0.002917226944865764f,1.3897893412220537f,-0.12636645237686303f,0.0403398828064791f,-0.9911630610393255f,-0.2136334707408512f,0f,0f,0f,1f],start_interpolation:0}
execute if entity @s[tag=aj.lexiel.locator_origin.locator_left_hand] at @s on origin run tp @s ^0.62015 ^0.68543 ^-0.11223 ~15.41178 ~9.51473
execute if entity @s[tag=aj.lexiel.bone.left_hand] run data modify entity @s {} merge value {transformation:[-0.8954212607216482f,-0.35989610139415346f,0.2620983823852093f,0.4708817068280573f,-0.32576589503918063f,0.9308877969995655f,0.16530121302221926f,1.0978635105138623f,-0.3034754478981385f,0.06263150643713417f,-0.950778600371527f,-0.11454135268549083f,0f,0f,0f,1f],start_interpolation:0}
execute if entity @s[tag=aj.lexiel.bone.left_arm] run data modify entity @s {} merge value {transformation:[-0.9346747241393846f,-0.32932288049200575f,0.13390145794356925f,0.3679683066743055f,-0.30188279425947434f,0.9341626582662125f,0.19028112473678369f,1.3897893412220537f,-0.18774966999986237f,0.137428411492863f,-0.972555136292792f,-0.07159497409397114f,0f,0f,0f,1f],start_interpolation:0}
execute if entity @s[tag=aj.lexiel.bone.skirt_right] run data modify entity @s {} merge value {transformation:[-0.9954261600405517f,0.09553104047490167f,-0.0007617169452225016f,-0.21875f,0.0946058683358473f,0.9846145104082402f,-0.14691492630077288f,0.7153354149667408f,-0.013284938213716416f,-0.1463150238332479f,-0.9891488382530375f,0.0913316109941337f,0f,0f,0f,1f],start_interpolation:0}
execute if entity @s[tag=aj.lexiel.bone.skirt_left] run data modify entity @s {} merge value {transformation:[-0.9928562010277456f,-0.11931707368394227f,-0.0000028728632910637193f,0.21875f,-0.11876456143357551f,0.9882609732488115f,-0.09610009209570106f,0.7153354149667408f,0.01146922090828844f,-0.09541323116220543f,-0.9953716754514086f,0.09133161099413376f,0f,0f,0f,1f],start_interpolation:0}
execute if entity @s[tag=aj.lexiel.bone.skirt_back_middle] run data modify entity @s {} merge value {transformation:[-1f,-4.287973563105274e-18f,1.2238958742205436e-16f,2.3988013456321152e-17f,0f,0.9993868232641995f,0.035013961299623114f,0.7381176300895257f,-1.2246467991473532e-16f,0.035013961299623114f,-0.9993868232641995f,-0.19587699468142594f,0f,0f,0f,1f],start_interpolation:0}
execute if entity @s[tag=aj.lexiel.bone.skirt_front_middle] run data modify entity @s {} merge value {transformation:[-1f,2.4296726685426838e-17f,1.200302749267544e-16f,-2.149004155979951e-17f,0f,0.9801215747293354f,-0.19839782949943743f,0.7902650101242629f,-1.2246467991473532e-16f,-0.19839782949943743f,-0.9801215747293354f,0.1754795062116009f,0f,0f,0f,1f],start_interpolation:0}
execute if entity @s[tag=aj.lexiel.bone.skirt] run data modify entity @s {} merge value {transformation:[-1f,1.7029899211589743e-17f,1.2127481337632176e-16f,-1.0865585896276397e-17f,0f,0.990284002381405f,-0.1390596800926326f,0.7339032400113922f,-1.2246467991473532e-16f,-0.1390596800926326f,-0.990284002381405f,0.08872424199239685f,0f,0f,0f,1f],start_interpolation:0}
execute if entity @s[tag=aj.lexiel.bone.rightupper] run data modify entity @s {} merge value {transformation:[-0.9956255211711498f,0.07773795671479475f,-0.051832727870383f,-0.13642868408258257f,0.0839255931956445f,0.9878969194105192f,-0.1304460479507364f,0.6685897488379966f,0.04106478295858472f,-0.134225506909139f,-0.9900995893825777f,0.0038006932164801055f,0f,0f,0f,1f],start_interpolation:0}
execute if entity @s[tag=aj.lexiel.bone.rightfoot] run data modify entity @s {} merge value {transformation:[-0.9911057366022629f,0.13264257533534665f,-0.010740860416783259f,-0.12749167239800394f,0.12729632595156978f,0.968491803318694f,0.21405436763527183f,0.36626884728259224f,0.03879515785916632f,0.21078323963947246f,-0.9767626946263719f,0.1275985295311291f,0f,0f,0f,1f],start_interpolation:0}
execute if entity @s[tag=aj.lexiel.bone.leftupper] run data modify entity @s {} merge value {transformation:[-0.9901412953152887f,-0.13976419420363217f,0.009283605440321183f,0.1344759232264035f,-0.13880412006485285f,0.9879181959420055f,0.0689278926104333f,0.6733370533271267f,-0.018805094107291198f,0.06695975018847451f,-0.9975784481885689f,0.005750537862295374f,0f,0f,0f,1f],start_interpolation:0}
execute if entity @s[tag=aj.lexiel.bone.leftfoot] run data modify entity @s {} merge value {transformation:[-0.9830835620564597f,-0.18309188044799096f,0.004906457826318841f,0.1802024421758239f,-0.18139681274482214f,0.9769887832728995f,0.11219676325527156f,0.37632494022619756f,-0.02533587062650077f,0.10940877786063657f,-0.9936738967018501f,0.105935996343609f,0f,0f,0f,1f],start_interpolation:0}
execute if entity @s[tag=aj.lexiel.bone.lower] run data modify entity @s {} merge value {transformation:[-1f,5.762102948134448e-18f,1.2232904804760674e-16f,0f,0f,0.9988924817570012f,-0.04705114121186818f,0.625f,-1.2246467991473532e-16f,-0.04705114121186818f,-0.9988924817570012f,0f,0f,0f,0f,1f],start_interpolation:0}