execute if entity @s[tag=aj.lexiel.bone.backhair] run data modify entity @s {} merge value {transformation:[-0.9755007415987178f,0.21985767902631798f,0.00780410875835396f,0.051122684856334595f,0.2077535450899377f,0.9323039098883483f,-0.29605385339404355f,1.2657061421026072f,-0.07236551418261955f,-0.28717942227823207f,-0.9551393677244311f,-0.5266966082090546f,0f,0f,0f,1f],start_interpolation:0}
execute if entity @s[tag=aj.lexiel.bone.head] run data modify entity @s {} merge value {transformation:[-0.9755007415987178f,0.21162085042040524f,-0.06012419486110526f,0.07039974990413451f,0.2077535450899377f,0.7962459768510207f,-0.5681820208798647f,1.4290708347871184f,-0.07236551418261955f,-0.566752997359439f,-0.8207035228029528f,-0.31755275054826154f,0f,0f,0f,1f],start_interpolation:0}
execute if entity @s[tag=aj.lexiel.bone.ring] run data modify entity @s {} merge value {transformation:[-0.9458161480493746f,0.2582747034799884f,0.19678920608449912f,0.019711929973157682f,0.15788277570513384f,0.8953977154873062f,-0.41633635468903657f,0.9176398337403932f,-0.28373375411587143f,-0.36270802119947243f,-0.8876587453142549f,-0.08891477015351312f,0f,0f,0f,1f],start_interpolation:0}
execute if entity @s[tag=aj.lexiel.bone.bust] run data modify entity @s {} merge value {transformation:[-0.9762960071199334f,0.1764336069936756f,0.1253686117211014f,0.046399560730232325f,6.938893903907228e-18f,0.5792313589921394f,-0.81516319394347f,1.3595500934101965f,-0.21643961393810296f,-0.7958405713981416f,-0.5655012629826786f,-0.20929489315204286f,0f,0f,0f,1f],start_interpolation:0}
execute if entity @s[tag=aj.lexiel.bone.left_wing] run data modify entity @s {} merge value {transformation:[-0.8880176663619807f,0.09011167987729218f,-0.450893013228986f,0.1860595115968694f,0.25812510270714306f,0.9092106685275116f,-0.3266609734697154f,1.064487623144657f,0.3805207689226029f,-0.4064675207017748f,-0.8306552227206565f,-0.2617319317290454f,0f,0f,0f,1f],start_interpolation:0}
execute if entity @s[tag=aj.lexiel.bone.right_wing] run data modify entity @s {} merge value {transformation:[-0.8477320842546378f,0.09011167987729218f,0.5227142608299301f,-0.058014490183114f,-0.14418203015390887f,0.9092106685275116f,-0.39057329967171667f,1.064487623144657f,-0.5104525986866804f,-0.4064675207017748f,-0.7577745701120929f,-0.31584183521357123f,0f,0f,0f,1f],start_interpolation:0}
execute if entity @s[tag=aj.lexiel.bone.body] run data modify entity @s {} merge value {transformation:[-0.9762960071199334f,0.09011167987729218f,0.19678920608449912f,0.344697560579071f,6.938893903907228e-18f,0.9092106685275116f,-0.41633635468903657f,0.4723128430807625f,-0.21643961393810296f,-0.4064675207017748f,-0.8876587453142549f,0.7552829399770664f,0f,0f,0f,1f],start_interpolation:0}
execute if entity @s[tag=aj.lexiel.locator_origin.locator_right_hand] at @s on origin run tp @s ^-0.7459 ^0.87923 ^-0.04048 ~-33.2311 ~-20.56523
execute if entity @s[tag=aj.lexiel.bone.sword] run data modify entity @s {} merge value {transformation:[-0.5532602525029454f,0.8389910917944999f,0.5717614042499285f,-0.7558620340017719f,0.9505989601065703f,0.6567716421707271f,-0.0438940723181732f,0.9211299087220647f,-0.35662132934624646f,0.44906460607560594f,-1.0040300142552898f,-0.1525070304223741f,0f,0f,0f,1f],start_interpolation:0}
execute if entity @s[tag=aj.lexiel.bone.rod] run data modify entity @s {} merge value {transformation:[-0.0000050908185379185245f,0.000008514686268462444f,0.0000012584452167822855f,-0.6971561456546251f,0.000008591560971890662f,0.000005115016636225557f,1.4725786030274215e-7f,0.9610782323223251f,-5.183113738576953e-7f,0.0000011561671854852583f,-0.0000099194067745474f,-0.06692636310326289f,0f,0f,0f,1f],start_interpolation:0}
execute if entity @s[tag=aj.lexiel.bone.right_hand] run data modify entity @s {} merge value {transformation:[-0.5090818537918524f,0.6910647546644302f,-0.5130937253567245f,-0.4482222262171166f,0.8591560971890662f,0.3720989980960185f,-0.35127359177540046f,1.1079994371768735f,-0.05183113738576953f,-0.6196546138588255f,-0.7831613452672236f,-0.3780229941063176f,0f,0f,0f,1f],start_interpolation:0}
execute if entity @s[tag=aj.lexiel.bone.right_arm] run data modify entity @s {} merge value {transformation:[-0.8049563136911614f,0.5757651811357664f,0.14331709332956274f,-0.2431407223093408f,0.5823760116621217f,0.8129028729607419f,0.005205782620501476f,1.3438323346126642f,-0.11350556853853788f,0.08765486480435519f,-0.9896631298512002f,-0.3470837998381273f,0f,0f,0f,1f],start_interpolation:0}
execute if entity @s[tag=aj.lexiel.locator_origin.locator_left_hand] at @s on origin run tp @s ^0.74948 ^0.68695 ^-0.21381 ~18.17962 ~8.68718
execute if entity @s[tag=aj.lexiel.bone.left_hand] run data modify entity @s {} merge value {transformation:[-0.8076975607410327f,-0.5024969154968448f,0.3084177366643209f,0.5392748442847907f,-0.47996672977545723f,0.8641868893121644f,0.15103959298679875f,1.0697508131453817f,-0.34242749405040307f,-0.026035941640766447f,-0.9391834437750911f,-0.2545492357358322f,0f,0f,0f,1f],start_interpolation:0}
execute if entity @s[tag=aj.lexiel.bone.left_arm] run data modify entity @s {} merge value {transformation:[-0.8909809706705696f,-0.4535081981493607f,0.02198235916023908f,0.39755353236311547f,-0.44176738387369036f,0.8770608686953038f,0.18869502152636242f,1.3438323346126642f,-0.10485460623322697f,0.1584125841426718f,-0.9817896743890291f,-0.20504530319124725f,0f,0f,0f,1f],start_interpolation:0}
execute if entity @s[tag=aj.lexiel.bone.skirt_right] run data modify entity @s {} merge value {transformation:[-0.9824957064703085f,0.1862625193054827f,-0.002908722981669253f,-0.21875f,0.18628275909670744f,0.9822824850765424f,-0.020490319059746256f,0.7159886973348055f,-0.0009593908106081636f,-0.020673495442880774f,-0.9997858201412169f,0.11340334030400182f,0f,0f,0f,1f],start_interpolation:0}
execute if entity @s[tag=aj.lexiel.bone.skirt_left] run data modify entity @s {} merge value {transformation:[-0.9726943205362025f,-0.23208997975777806f,0.000009625457445795814f,0.21875f,-0.23191903475112124f,0.9719794759767747f,0.0383335310142762f,0.7159886973348055f,-0.008906184184231726f,0.037284575576884964f,-0.9992650000411942f,0.11340334030400187f,0f,0f,0f,1f],start_interpolation:0}
execute if entity @s[tag=aj.lexiel.bone.skirt_back_middle] run data modify entity @s {} merge value {transformation:[-1f,-2.064436084987563e-17f,1.2071208800993666e-16f,2.059424988856881e-17f,0f,0.9856890010571303f,0.16857399916652732f,0.7770393979321333f,-1.2246467991473532e-16f,0.16857399916652732f,-0.9856890010571303f,-0.16816481211486714f,0f,0f,0f,1f],start_interpolation:0}
execute if entity @s[tag=aj.lexiel.bone.skirt_front_middle] run data modify entity @s {} merge value {transformation:[-1f,1.0174579433907452e-17f,1.2204128711203305e-16f,-2.532939603461509e-17f,0f,0.9965427353993244f,-0.08308174602662084f,0.7789706919737975f,-1.2246467991473532e-16f,-0.08308174602662084f,-0.9965427353993244f,0.20683021465658832f,0f,0f,0f,1f],start_interpolation:0}
execute if entity @s[tag=aj.lexiel.bone.skirt] run data modify entity @s {} merge value {transformation:[-1f,6.307074843563978e-19f,1.2246305579515706e-16f,-1.3876078006259706e-17f,0f,0.9999867380572146f,-0.0051501174444380515f,0.7347384486733783f,-1.2246467991473532e-16f,-0.0051501174444380515f,-0.9999867380572146f,0.11330677560191862f,0f,0f,0f,1f],start_interpolation:0}
execute if entity @s[tag=aj.lexiel.bone.rightupper] run data modify entity @s {} merge value {transformation:[-0.9797577086060084f,0.1929298420642626f,-0.05341262461406093f,-0.13467696535449114f,0.18556622604103154f,0.9753715283393429f,0.1192290126515478f,0.6690745293248667f,0.07509998788277332f,0.1069039650622596f,-0.9914290363278527f,0.013639163037132182f,0f,0f,0f,1f],start_interpolation:0}
execute if entity @s[tag=aj.lexiel.bone.rightfoot] run data modify entity @s {} merge value {transformation:[-0.9702362367057288f,0.2406551858154272f,0.026957865702742972f,-0.16230852491954537f,0.2273852071982456f,0.8670856716651922f,0.4432362863533776f,0.3468548178951158f,0.08329233176298904f,0.43617372632136453f,-0.8959993682678686f,0.06069929960134442f,0f,0f,0f,1f],start_interpolation:0}
execute if entity @s[tag=aj.lexiel.bone.leftupper] run data modify entity @s {} merge value {transformation:[-0.9724053129285712f,-0.23302958224212275f,-0.01118575828225445f,0.13250915086142528f,-0.2160256944047595f,0.8812728314027617f,0.42034639999445844f,0.6760755436300447f,-0.08809544111489959f,0.41116348382537754f,-0.9072947607163562f,0.019653161820999784f,0f,0f,0f,1f],start_interpolation:0}
execute if entity @s[tag=aj.lexiel.bone.leftfoot] run data modify entity @s {} merge value {transformation:[-0.9613818776915004f,-0.2745160407635395f,-0.01964252045628624f,0.20792323740243537f,-0.25262470450139046f,0.8518902784302901f,0.45876324197950746f,0.3686130444777867f,-0.10920459661548165f,0.4460088529160309f,-0.8883414091432282f,0.00852827434945283f,0f,0f,0f,1f],start_interpolation:0}
execute if entity @s[tag=aj.lexiel.bone.lower] run data modify entity @s {} merge value {transformation:[-1f,-2.0108526306630607e-17f,1.2080250409819377e-16f,0f,0f,0.9864273044464834f,0.16419857807680505f,0.625f,-1.2246467991473532e-16f,0.16419857807680505f,-0.9864273044464834f,0f,0f,0f,0f,1f],start_interpolation:0}