execute if entity @s[tag=aj.lexiel.bone.backhair] run data modify entity @s {} merge value {transformation:[-0.9910444358037492f,0.13353221421285286f,0.00027208425356374283f,0.00007649100310110719f,0.13351349285364564f,0.9909357465680285f,-0.01484902015903732f,1.4776998948270863f,-0.0022524405536621384f,-0.014679711886707856f,-0.9998897102033183f,-0.2762719019068685f,0f,0f,0f,1f],start_interpolation:0}
execute if entity @s[tag=aj.lexiel.bone.head] run data modify entity @s {} merge value {transformation:[-0.9910444358037492f,0.13352758422338207f,-0.0011447767886678673f,0.0024669408410813542f,0.13351349285364564f,0.9907224079419429f,-0.02536252408058005f,1.4999168529100833f,-0.0022524405536621384f,-0.025288231515590277f,-0.9996776639789279f,-0.011127651029896884f,0f,0f,0f,1f],start_interpolation:0}
execute if entity @s[tag=aj.lexiel.bone.ring] run data modify entity @s {} merge value {transformation:[-0.9609155509262959f,0.17264173445702166f,0.2164165786433296f,0.0006907434355027942f,0.1736296965909081f,0.9847029416217562f,-0.014589215990226088f,0.9374767188148233f,-0.21562474915872354f,0.0235573403662529f,-0.9761921016199149f,-0.0031157422883710817f,0f,0f,0f,1f],start_interpolation:0}
execute if entity @s[tag=aj.lexiel.bone.bust] run data modify entity @s {} merge value {transformation:[-0.9762960071199334f,0.11094292412231734f,0.1858434127669442f,-0.013433372466659377f,-2.168404344971009e-19f,0.8586386261994137f,-0.512581417531287f,1.391602093401969f,-0.216439613938103f,-0.5004311912596711f,-0.8382854623174326f,0.060594027418220064f,0f,0f,0f,1f],start_interpolation:0}
execute if entity @s[tag=aj.lexiel.bone.left_wing] run data modify entity @s {} merge value {transformation:[-0.9011762816442506f,0.003157684276584133f,-0.433441274490388f,0.1504705600914134f,0.009019091801499186f,0.9998935717249064f,-0.011467397537610648f,1.1543797856308684f,0.4333589336622918f,-0.014243393318268013f,-0.9011088504514105f,-0.10120054553696878f,0f,0f,0f,1f],start_interpolation:0}
execute if entity @s[tag=aj.lexiel.bone.right_wing] run data modify entity @s {} merge value {transformation:[-0.858843960686636f,0.003157684276584133f,0.5122275668314829f,-0.09360344168856993f,-0.004584234970429704f,0.9998935717249064f,-0.013850271222808524f,1.1543797856308684f,-0.5122167861187563f,-0.014243393318268013f,-0.8587380798386395f,-0.1553104490214945f,0f,0f,0f,1f],start_interpolation:0}
execute if entity @s[tag=aj.lexiel.bone.body] run data modify entity @s {} merge value {transformation:[-0.9762960071199334f,0.003157684276584133f,0.2164165786433296f,0.3783608721000098f,-2.168404344971009e-19f,0.9998935717249064f,-0.014589215990226088f,0.22609782213265983f,-0.216439613938103f,-0.014243393318268013f,-0.9761921016199149f,0.603437554438143f,0f,0f,0f,1f],start_interpolation:0}
execute if entity @s[tag=aj.lexiel.bone.sword] run data modify entity @s {} merge value {transformation:[-1.03780582467239f,-0.12230425962491201f,0.49488867521257984f,-0.33226544340415054f,0.22330799877192348f,0.8999852247858917f,0.6907055779068001f,0.6709038910992472f,-0.45826484750691804f,0.7155294024319966f,-0.7841715796270425f,-0.11577806821601747f,0f,0f,0f,1f],start_interpolation:0}
execute if entity @s[tag=aj.lexiel.bone.rod] run data modify entity @s {} merge value {transformation:[-0.000009781090879754358f,-0.0000011561047830159728f,0.000001730226266322908f,-0.35485864213642365f,3.462601071385305e-7f,0.000007294552306519979f,0.000006831515980047803f,0.6769451493978543f,-0.0000020519174301590534f,0.000006741878697969259f,-0.000007094836607116319f,-0.007061229257663407f,0f,0f,0f,1f],start_interpolation:0}
execute if entity @s[tag=aj.lexiel.bone.right_hand] run data modify entity @s {} merge value {transformation:[-0.9781090879754357f,0.04059651940712133f,0.2040944257736806f,-0.3399886674870287f,0.034626010713853045f,0.9988638676936312f,-0.032741612638418405f,1.0943753797923277f,-0.20519174301590534f,-0.024957893103131273f,-0.97840352215737f,-0.08365063525239777f,0f,0f,0f,1f],start_interpolation:0}
execute if entity @s[tag=aj.lexiel.bone.right_arm] run data modify entity @s {} merge value {transformation:[-0.9783873004779954f,0.02077590419924401f,0.20573442120385377f,-0.3029215942848276f,0.02019289111532952f,0.999783931570879f,-0.004933287046221082f,1.4061768305608733f,-0.2057924619897078f,-0.0006722926295905426f,-0.9785954274422269f,-0.07742971226196645f,0f,0f,0f,1f],start_interpolation:0}
execute if entity @s[tag=aj.lexiel.bone.left_hand] run data modify entity @s {} merge value {transformation:[-0.9569492263041096f,-0.20924062524056802f,0.2011629663355113f,0.4024005781747544f,-0.18702299038598277f,0.9745042457222302f,0.1239511038128829f,1.101711567091244f,-0.2219697712371f,0.08099281337429659f,-0.9716838914166819f,0.036673402109564684f,0f,0f,0f,1f],start_interpolation:0}
execute if entity @s[tag=aj.lexiel.bone.left_arm] run data modify entity @s {} merge value {transformation:[-0.9593898462217892f,-0.20680933691880243f,0.19183592241740546f,0.33777266038762865f,-0.18403162729662473f,0.974288843102813f,0.12997542213795082f,1.4061768305608733f,-0.213783729785706f,0.08939322328111662f,-0.972782282173316f,0.06460878438491363f,0f,0f,0f,1f],start_interpolation:0}
execute if entity @s[tag=aj.lexiel.bone.skirt_right] run data modify entity @s {} merge value {transformation:[-0.999979734358078f,0.006366385296201022f,-0.000003377595420164734f,-0.21875f,0.00618222540061493f,0.9709264478766424f,-0.23929816736185353f,0.7073286401194981f,-0.0015201849373766905f,-0.23929333871193736f,-0.9709461298578054f,0.07722122369405504f,0f,0f,0f,1f],start_interpolation:0}
execute if entity @s[tag=aj.lexiel.bone.skirt_left] run data modify entity @s {} merge value {transformation:[-0.9999683336468452f,-0.0079581210449719f,-0.0000036034820675246973f,0.21875f,-0.007802673643289354f,0.9805246324107889f,-0.19624108519803796f,0.7073286401194981f,0.0015652436129322883f,-0.19623484284173606f,-0.9805556773928298f,0.0772212236940551f,0f,0f,0f,1f],start_interpolation:0}
execute if entity @s[tag=aj.lexiel.bone.skirt_back_middle] run data modify entity @s {} merge value {transformation:[-1f,8.147614862594286e-18f,1.221933476039895e-16f,2.581763416276829e-17f,0f,0.9977844035444773f,-0.06653032423933955f,0.7008629742211017f,-1.2246467991473532e-16f,-0.06653032423933955f,-0.9977844035444773f,-0.2108169815227014f,0f,0f,0f,1f],start_interpolation:0}
execute if entity @s[tag=aj.lexiel.bone.skirt_front_middle] run data modify entity @s {} merge value {transformation:[-1f,3.454344280887784e-17f,1.174919077448671e-16f,-1.8778167442370362e-17f,0f,0.9593942337224868f,-0.2820686162975996f,0.7904066076590895f,-1.2246467991473532e-16f,-0.2820686162975996f,-0.9593942337224868f,0.15333537355786547f,0f,0f,0f,1f],start_interpolation:0}
execute if entity @s[tag=aj.lexiel.bone.skirt] run data modify entity @s {} merge value {transformation:[-1f,2.924248641969489e-17f,1.1892213761370309e-16f,-8.908575821947348e-18f,0f,0.9710729468815117f,-0.23878302250130115f,0.7255362578735265f,-1.2246467991473532e-16f,-0.23878302250130115f,-0.9710729468815117f,0.07274404202215566f,0f,0f,0f,1f],start_interpolation:0}
execute if entity @s[tag=aj.lexiel.bone.rightupper] run data modify entity @s {} merge value {transformation:[-0.9984889932641153f,-0.03496983807228323f,-0.04238915846784431f,-0.1377357898998007f,-0.0182803143069846f,0.9388259989749397f,-0.34390634445666257f,0.666053938394017f,0.0518223932219613f,-0.34261181251367423f,-0.9380466861978904f,-0.003939461709509234f,0f,0f,0f,1f],start_interpolation:0}
execute if entity @s[tag=aj.lexiel.bone.rightfoot] run data modify entity @s {} merge value {transformation:[-0.9989038910222475f,0.023725540577090865f,-0.040349909850441394f,-0.0940486091149986f,0.023831167207245443f,0.9997137096757859f,-0.0021387276167958436f,0.3999980447494095f,0.040287615592812666f,-0.003097968786697214f,-0.9991833218280028f,0.18074782443481818f,0f,0f,0f,1f],start_interpolation:0}
execute if entity @s[tag=aj.lexiel.bone.leftupper] run data modify entity @s {} merge value {transformation:[-0.998755400060672f,-0.049847169464575194f,0.001706032243855049f,0.13533994584281764f,-0.04857459007147885f,0.9643550465819507f,-0.26011507709341175f,0.6673248728190433f,0.011320779524173194f,-0.25987420770113695f,-0.9655761161724493f,-0.0039032338071202377f,0f,0f,0f,1f],start_interpolation:0}
execute if entity @s[tag=aj.lexiel.bone.leftfoot] run data modify entity @s {} merge value {transformation:[-0.9956286262991489f,-0.09339174105190168f,0.001273262331252348f,0.15567157473693088f,-0.09142750811343928f,0.9717201049005609f,-0.2177178184995657f,0.4161660326938239f,0.0190957915216059f,-0.21688250375569113f,-0.9760109273521613f,0.18806055925940668f,0f,0f,0f,1f],start_interpolation:0}
execute if entity @s[tag=aj.lexiel.bone.lower] run data modify entity @s {} merge value {transformation:[-1f,2.7921487829266335e-17f,1.1923920640468348e-16f,0f,0f,0.9736620100399761f,-0.22799625041853994f,0.625f,-1.2246467991473532e-16f,-0.22799625041853994f,-0.9736620100399761f,0f,0f,0f,0f,1f],start_interpolation:0}