execute if entity @s[tag=aj.lexiel.bone.backhair] run data modify entity @s {} merge value {transformation:[-0.9820322702075895f,0.18867817824082442f,0.0036284055246767685f,0.03407577787913163f,0.18377130996820432f,0.9605106602953136f,-0.20891954693525133f,1.3512932907498867f,-0.042903681700968005f,-0.2044989401312002f,-0.9779261002661284f,-0.44510732846977485f,0f,0f,0f,1f],start_interpolation:0}
execute if entity @s[tag=aj.lexiel.bone.head] run data modify entity @s {} merge value {transformation:[-0.9820322702075895f,0.1856240874533392f,-0.03400468244290625f,0.04600864801948703f,0.18377130996820432f,0.8996960442711919f,-0.39594839759157957f,1.4705248345518873f,-0.042903681700968005f,-0.3950831888095019f,-0.9176429305653793f,-0.20753159986349445f,0f,0f,0f,1f],start_interpolation:0}
execute if entity @s[tag=aj.lexiel.bone.ring] run data modify entity @s {} merge value {transformation:[-0.9512375501531282f,0.22752840429213364f,0.20827373434725344f,0.012882421445456371f,0.16709674244581538f,0.9476527175502956f,-0.2720900688807593f,0.9292469536745284f,-0.2592793895446989f,-0.22402042799667815f,-0.9394621046096077f,-0.05810884796177851f,0f,0f,0f,1f],start_interpolation:0}
execute if entity @s[tag=aj.lexiel.bone.bust] run data modify entity @s {} merge value {transformation:[-0.9762960071199334f,0.15513802938630175f,0.1509248101533014f,0.02459776264055008f,-3.469446951953614e-18f,0.6973067795087758f,-0.716772805881403f,1.3848328314154275f,-0.21643961393810301f,-0.6997824283941649f,-0.6807778245720777f,-0.11095333711378963f,0f,0f,0f,1f],start_interpolation:0}
execute if entity @s[tag=aj.lexiel.bone.left_wing] run data modify entity @s {} merge value {transformation:[-0.8131315263315381f,0.0588910694649434f,-0.5790932246391924f,0.17383606057431114f,0.2006058413568894f,0.9622717882264156f,-0.1838213861253115f,1.1057326487389618f,0.5464196348039092f,-0.2656404478252729f,-0.794267420444746f,-0.2065955072574951f,0f,0f,0f,1f],start_interpolation:0}
execute if entity @s[tag=aj.lexiel.bone.right_wing] run data modify entity @s {} merge value {transformation:[-0.7485507957840881f,0.0588910694649434f,0.6604570751141089f,-0.07023794120567228f,-0.13348728241891764f,0.9622717882264156f,-0.2370952361730376f,1.1057326487389618f,-0.6495020027401152f,-0.2656404478252729f,-0.7124481040158419f,-0.2607054107420208f,0f,0f,0f,1f],start_interpolation:0}
execute if entity @s[tag=aj.lexiel.bone.body] run data modify entity @s {} merge value {transformation:[-0.9762960071199334f,0.0588910694649434f,0.20827373434725344f,0.3545656016538683f,-3.469446951953614e-18f,0.9622717882264156f,-0.2720900688807593f,0.37365914032717185f,-0.21643961393810301f,-0.2656404478252729f,-0.9394621046096077f,0.7107710831864917f,0f,0f,0f,1f],start_interpolation:0}
execute if entity @s[tag=aj.lexiel.bone.sword] run data modify entity @s {} merge value {transformation:[-0.8326089297150866f,0.4722947788754435f,0.6485476655618259f,-0.6373183295903287f,0.7031966189310739f,0.8795833213011889f,0.2622246336877508f,0.7664623204984343f,-0.3862524404875703f,0.5832537057197021f,-0.9206183951462361f,-0.1485900557426087f,0f,0f,0f,1f],start_interpolation:0}
execute if entity @s[tag=aj.lexiel.bone.rod] run data modify entity @s {} merge value {transformation:[-0.000008099911577802097f,0.000005117568942828739f,0.0000028638995351063407f,-0.618244534715838f,0.000005793910299150478f,0.000007738387247015138f,0.0000025588994237037703f,0.8089310015711153f,-9.06661942063072e-7f,0.0000037320036080674166f,-0.000009233098786008207f,-0.0476001801628711f,0f,0f,0f,1f],start_interpolation:0}
execute if entity @s[tag=aj.lexiel.bone.right_hand] run data modify entity @s {} merge value {transformation:[-0.8099911577802096f,0.5643750484574566f,-0.15935849207531783f,-0.40440878854662454f,0.5793910299150478f,0.7281281232687186f,-0.3662450962936618f,1.099862096233613f,-0.0906661942063072f,-0.388986170427455f,-0.9167711821628814f,-0.2711366065122797f,0f,0f,0f,1f],start_interpolation:0}
execute if entity @s[tag=aj.lexiel.bone.right_arm] run data modify entity @s {} merge value {transformation:[-0.9258309255786772f,0.3547893764942729f,0.13023669056350864f,-0.2646048919678306f,0.3589097489847487f,0.9333302010490278f,0.008861596553997209f,1.3803118544056607f,-0.11840983627146309f,0.05494755805844537f,-0.9914433299677693f,-0.2502651872355323f,0f,0f,0f,1f],start_interpolation:0}
execute if entity @s[tag=aj.lexiel.bone.left_hand] run data modify entity @s {} merge value {transformation:[-0.876438564886583f,-0.3980142660441331f,0.27099831365692495f,0.48882391423652494f,-0.3614295437401923f,0.9156542066675734f,0.17591491899135028f,1.0926958942040506f,-0.31815739326833725f,0.056231822283534724f,-0.9463687734025089f,-0.15538843703858107f,0f,0f,0f,1f],start_interpolation:0}
execute if entity @s[tag=aj.lexiel.bone.left_arm] run data modify entity @s {} merge value {transformation:[-0.9264352543411088f,-0.36075056490207763f,0.1075953039716743f,0.3760893627046257f,-0.3349520567586208f,0.9203710726451524f,0.20180239917102405f,1.3803118544056607f,-0.1718279348275326f,0.1509175886397724f,-0.9734983524649959f,-0.10822669058865221f,0f,0f,0f,1f],start_interpolation:0}
execute if entity @s[tag=aj.lexiel.bone.skirt_right] run data modify entity @s {} merge value {transformation:[-0.9927791235428991f,0.11995068583444725f,-0.0012020088347822432f,-0.21875f,0.11928181465022376f,0.9860826129281015f,-0.11581420109225654f,0.715808382174784f,-0.012706712837820024f,-0.11512129884922995f,-0.9932701676785242f,0.09626318665193992f,0f,0f,0f,1f],start_interpolation:0}
execute if entity @s[tag=aj.lexiel.bone.skirt_left] run data modify entity @s {} merge value {transformation:[-0.9887246990808499f,-0.149744680726172f,0.0000046582696374349665f,0.21875f,-0.1494492377797159f,0.9867720129929858f,-0.0628165559453288f,0.715808382174784f,0.009401848464243787f,-0.06210897654918728f,-0.9980250900039879f,0.09626318665193996f,0f,0f,0f,1f],start_interpolation:0}
execute if entity @s[tag=aj.lexiel.bone.skirt_back_middle] run data modify entity @s {} merge value {transformation:[-1f,-8.370827801599198e-18f,1.221782593939468e-16f,2.3271342059045384e-17f,0f,0.997661198959668f,0.06835299620614936f,0.7481646420804755f,-1.2246467991473532e-16f,0.06835299620614936f,-0.997661198959668f,-0.19002492861817627f,0f,0f,0f,1f],start_interpolation:0}
execute if entity @s[tag=aj.lexiel.bone.skirt_front_middle] run data modify entity @s {} merge value {transformation:[-1f,2.0802974821737034e-17f,1.2068485433220174e-16f,-2.239453647620718e-17f,0f,0.9854666212023518f,-0.16986918053614214f,0.7878874502765709f,-1.2246467991473532e-16f,-0.16986918053614214f,-0.9854666212023518f,0.18286526769840192f,0f,0f,0f,1f],start_interpolation:0}
execute if entity @s[tag=aj.lexiel.bone.skirt] run data modify entity @s {} merge value {transformation:[-1f,1.2972375976131349e-17f,1.2177567609400684e-16f,-1.1545608291349784e-17f,0f,0.9943738568442085f,-0.10592748852292122f,0.734452891990613f,-1.2246467991473532e-16f,-0.10592748852292122f,-0.9943738568442085f,0.09427704624213516f,0f,0f,0f,1f],start_interpolation:0}
execute if entity @s[tag=aj.lexiel.bone.rightupper] run data modify entity @s {} merge value {transformation:[-0.9926542550916176f,0.10872899270702736f,-0.05306162448908738f,-0.13599913497642463f,0.11224756460119743f,0.9913111530502295f,-0.06857610428804212f,0.6689872319422453f,0.04514436941198463f,-0.07402839984181486f,-0.9962337988279935f,0.0061543022696934f,0f,0f,0f,1f],start_interpolation:0}
execute if entity @s[tag=aj.lexiel.bone.rightfoot] run data modify entity @s {} merge value {transformation:[-0.9867846578488092f,0.16203162081929948f,-0.0013389880056460732f,-0.13679516883343268f,0.15551432855551364f,0.9493501750275256f,0.27303761423865097f,0.3595931371274537f,0.04551189567724312f,0.2692210969257004f,-0.962002426359719f,0.11140867248778047f,0f,0f,0f,1f],start_interpolation:0}
execute if entity @s[tag=aj.lexiel.bone.leftupper] run data modify entity @s {} merge value {transformation:[-0.9862778364473119f,-0.16496067332839315f,0.006633670767575217f,0.13405360134664712f,-0.16174879867499764f,0.9735608036185268f,0.16129689328949734f,0.6745283119956188f,-0.03306592596623472f,0.15801056266177763f,-0.9868836337822733f,0.008982697206323255f,0f,0f,0f,1f],start_interpolation:0}
execute if entity @s[tag=aj.lexiel.bone.leftfoot] run data modify entity @s {} merge value {transformation:[-0.9781373517909013f,-0.20795670472227584f,0.001153253022862016f,0.18746061132976682f,-0.20335839211594472f,0.9576396100211526f,0.20389149485584854f,0.3707769015094958f,-0.043505004166190415f,0.19919936315055578f,-0.978992813218214f,0.08128201512924274f,0f,0f,0f,1f],start_interpolation:0}
execute if entity @s[tag=aj.lexiel.bone.lower] run data modify entity @s {} merge value {transformation:[-1f,-5.88483741296745e-19f,1.2246326597598485e-16f,0f,0f,0.9999884543139176f,0.004805334417290523f,0.625f,-1.2246467991473532e-16f,0.004805334417290523f,-0.9999884543139176f,0f,0f,0f,0f,1f],start_interpolation:0}