execute if entity @s[tag=aj.lexiel.bone.backhair] run data modify entity @s {} merge value {transformation:[-0.9904875482437676f,0.13759947456388452f,0.0008951948353448902f,0.0028719214737303856f,0.1375198799774692f,0.990097956775521f,-0.028183658384260627f,1.470199443459557f,-0.004764387162353251f,-0.027792455607253148f,-0.9996023609547378f,-0.29004863057656677f,0f,0f,0f,1f],start_interpolation:0}
execute if entity @s[tag=aj.lexiel.bone.head] run data modify entity @s {} merge value {transformation:[-0.9904875482437676f,0.13758031121398293f,-0.002464698828241574f,0.005676299462700537f,0.1375198799774692f,0.9891146623081686f,-0.052349473903565064f,1.4995596890637568f,-0.004764387162353251f,-0.05219044714563366f,-0.9986257846869897f,-0.025604132255735667f,0f,0f,0f,1f],start_interpolation:0}
execute if entity @s[tag=aj.lexiel.bone.ring] run data modify entity @s {} merge value {transformation:[-0.9602022078528574f,0.1766873040605636f,0.2163176290049149f,0.001589363849556158f,0.17355030990157294f,0.98425271733381f,-0.03356900883372722f,0.9373767129378519f,-0.21884243182611102f,0.005308955153399519f,-0.9757457686444831f,-0.007169157031605922f,0f,0f,0f,1f],start_interpolation:0}
execute if entity @s[tag=aj.lexiel.bone.bust] run data modify entity @s {} merge value {transformation:[-0.9762960071199334f,0.11445106350621632f,0.1837037303485455f,-0.01066621204680579f,-4.336808689942018e-19f,0.8487528091834461f,-0.5287898154306763f,1.3926591051047552f,-0.21643961393810301f,-0.5162553854106557f,-0.8286339786376252f,0.04811217338138962f,0f,0f,0f,1f],start_interpolation:0}
execute if entity @s[tag=aj.lexiel.bone.left_wing] run data modify entity @s {} merge value {transformation:[-0.8934511107658822f,0.007265663312256687f,-0.4491016842629786f,0.15225543221471838f,0.021207515311569107f,0.9994364020016087f,-0.02602152279149738f,1.1518072997714879f,0.4486595078291786f,-0.032773289287341655f,-0.8931016501741375f,-0.10925158340150942f,0f,0f,0f,1f],start_interpolation:0}
execute if entity @s[tag=aj.lexiel.bone.right_wing] run data modify entity @s {} merge value {transformation:[-0.8481272801371096f,0.007265663312256687f,0.5297426986980205f,-0.09181856956526496f,-0.01120326787553079f,0.9994364020016087f,-0.03164435404598987f,1.1518072997714879f,-0.5296740539956039f,-0.032773289287341655f,-0.8475678781272628f,-0.16336148688603525f,0f,0f,0f,1f],start_interpolation:0}
execute if entity @s[tag=aj.lexiel.bone.body] run data modify entity @s {} merge value {transformation:[-0.9762960071199334f,0.007265663312256687f,0.2163176290049149f,0.3763563574013809f,-4.336808689942018e-19f,0.9994364020016087f,-0.03356900883372722f,0.2358163034160593f,-0.21643961393810301f,-0.032773289287341655f,-0.9757457686444831f,0.612479335934964f,0f,0f,0f,1f],start_interpolation:0}
execute if entity @s[tag=aj.lexiel.bone.sword] run data modify entity @s {} merge value {transformation:[-1.0325536579214547f,-0.07620498986283217f,0.514723037694088f,-0.35840210749300233f,0.2612881681663508f,0.9131808279766434f,0.659350689005604f,0.671022058301814f,-0.4499727760535038f,0.7051295181992439f,-0.7982674525964375f,-0.11662009817440278f,0f,0f,0f,1f],start_interpolation:0}
execute if entity @s[tag=aj.lexiel.bone.rod] run data modify entity @s {} merge value {transformation:[-0.000009782748072354606f,-6.957595625691856e-7f,0.0000019528847339092488f,-0.37901069871275744f,7.699444710418563e-7f,0.000007526899214966817f,0.00000653857581735075f,0.6811824634678062f,-0.000001924844322108762f,0.000006546885277658795f,-0.000007309806255764937f,-0.007815660639079625f,0f,0f,0f,1f],start_interpolation:0}
execute if entity @s[tag=aj.lexiel.bone.right_hand] run data modify entity @s {} merge value {transformation:[-0.9782748072354606f,0.08889217334548591f,0.1872874342990973f,-0.3449653642086997f,0.07699444710418563f,0.9945792775961824f,-0.069885017645965f,1.095089089475861f,-0.19248443221087616f,-0.053946659712832676f,-0.9798160548094139f,-0.09645753692485771f,0f,0f,0f,1f],start_interpolation:0}
execute if entity @s[tag=aj.lexiel.bone.right_arm] run data modify entity @s {} merge value {transformation:[-0.9799903447676692f,0.04557858315810344f,0.19375633388213345f,-0.30009735869780274f,0.044854910060877724f,0.9989604890868719f,-0.008122701936447197f,1.405862526376106f,-0.19392514330425412f,0.0007307534588645859f,-0.9810160573577819f,-0.09016901574070459f,0f,0f,0f,1f],start_interpolation:0}
execute if entity @s[tag=aj.lexiel.bone.left_hand] run data modify entity @s {} merge value {transformation:[-0.9514204549338958f,-0.2247659146724785f,0.21042671297823112f,0.40915081113125695f,-0.20227162138762994f,0.9715486016334052f,0.12320513725244664f,1.102312411452906f,-0.23213209410720878f,0.07465653531753964f,-0.9698149785499206f,0.023339874410233958f,0f,0f,0f,1f],start_interpolation:0}
execute if entity @s[tag=aj.lexiel.bone.left_arm] run data modify entity @s {} merge value {transformation:[-0.9570152901671821f,-0.21937252850113104f,0.18972988200398105f,0.34059689597465354f,-0.19604328425490217f,0.9713603677542401f,0.1342611881926384f,1.405862526376106f,-0.2137493042907409f,0.091294740787013f,-0.9726132351658887f,0.05186948090617552f,0f,0f,0f,1f],start_interpolation:0}
execute if entity @s[tag=aj.lexiel.bone.skirt_right] run data modify entity @s {} merge value {transformation:[-0.9998926753263129f,0.014650512238131533f,-0.000017887121202931074f,-0.21875f,0.014249259596692574f,0.9722220744274886f,-0.23362618987788303f,0.7091089896454282f,-0.003405353099872517f,-0.23360137090152303f,-0.9723264899627051f,0.07819250674866521f,0f,0f,0f,1f],start_interpolation:0}
execute if entity @s[tag=aj.lexiel.bone.skirt_left] run data modify entity @s {} merge value {transformation:[-0.99983229968009f,-0.018313177315050676f,-0.000007283557453050048f,0.21875f,-0.017978599963574562f,0.9816411263766365f,-0.1898880431974539f,0.7091089896454282f,0.003484603244625216f,-0.18985606796369686f,-0.9818057501347156f,0.07819250674866526f,0f,0f,0f,1f],start_interpolation:0}
execute if entity @s[tag=aj.lexiel.bone.skirt_back_middle] run data modify entity @s {} merge value {transformation:[-1f,7.349793206749202e-18f,1.2224392977336992e-16f,2.5703103513178005e-17f,0f,0.998197438302055f,-0.0600156160279553f,0.7045237039308093f,-1.2246467991473532e-16f,-0.0600156160279553f,-0.998197438302055f,-0.20988176779683343f,0f,0f,0f,1f],start_interpolation:0}
execute if entity @s[tag=aj.lexiel.bone.skirt_front_middle] run data modify entity @s {} merge value {transformation:[-1f,3.395001852896026e-17f,1.176647528723102e-16f,-1.8963330837914682e-17f,0f,0.9608056212961401f,-0.27722293932093395f,0.7916883327104658f,-1.2246467991473532e-16f,-0.27722293932093395f,-0.9608056212961401f,0.15484734742390777f,0f,0f,0f,1f],start_interpolation:0}
execute if entity @s[tag=aj.lexiel.bone.skirt] run data modify entity @s {} merge value {transformation:[-1f,2.846556896903297e-17f,1.1911049160291382e-16f,-9.042090892536701e-18f,0f,0.9726109739219764f,-0.2324390100790841f,0.7273454454064653f,-1.2246467991473532e-16f,-0.2324390100790841f,-0.9726109739219764f,0.0738342753096824f,0f,0f,0f,1f],start_interpolation:0}
execute if entity @s[tag=aj.lexiel.bone.rightupper] run data modify entity @s {} merge value {transformation:[-0.9987479100558848f,-0.024542636433042057f,-0.0435920996961326f,-0.13763203604326016f,-0.009101721476897603f,0.9459902760120855f,-0.3240672096290138f,0.6663556796363471f,0.049191166129286146f,-0.3232646851845925f,-0.9450291913413824f,-0.003237727875205515f,0f,0f,0f,1f],start_interpolation:0}
execute if entity @s[tag=aj.lexiel.bone.rightfoot] run data modify entity @s {} merge value {transformation:[-0.9987045744956676f,0.033936683843113796f,-0.037914039235618285f,-0.09711670838681266f,0.03324036225633642f,0.9992696525723292f,0.018847805311064447f,0.3961193452129492f,0.0385259808245681f,0.017563112984570917f,-0.9991032408434055f,0.1760236840585066f,0f,0f,0f,1f],start_interpolation:0}
execute if entity @s[tag=aj.lexiel.bone.leftupper] run data modify entity @s {} merge value {transformation:[-0.9983124310224041f,-0.0579645649297393f,0.0035212609451264025f,0.13530434362459878f,-0.057222469313857126f,0.9715774225700268f,-0.22970176524748004f,0.6679708766159638f,0.009893385252900884f,-0.2295156229207279f,-0.9732546941903483f,-0.0031096816387156945f,0f,0f,0f,1f],start_interpolation:0}
execute if entity @s[tag=aj.lexiel.bone.leftfoot] run data modify entity @s {} merge value {transformation:[-0.9948263422293656f,-0.10155336263479066f,0.002731912170571995f,0.15779496871711995f,-0.1002704836489687f,0.9772285143664748f,-0.18700337114045382f,0.4110968909337965f,0.016321118691527088f,-0.1863098098508479f,-0.982355473257007f,0.1808858257044555f,0f,0f,0f,1f],start_interpolation:0}
execute if entity @s[tag=aj.lexiel.bone.lower] run data modify entity @s {} merge value {transformation:[-1f,2.5816148487558737e-17f,1.1971267394844581e-16f,0f,0f,0.9775281659315521f,-0.21080485006397717f,0.625f,-1.2246467991473532e-16f,-0.21080485006397717f,-0.9775281659315521f,0f,0f,0f,0f,1f],start_interpolation:0}