execute if entity @s[tag=aj.lexiel.bone.backhair] run data modify entity @s {} merge value {transformation:[-0.9911992297882259f,0.13237856107399046f,0.00005861064470834309f,-0.0007310022510719806f,0.1323694501468315f,0.9911360145541191f,-0.011301739759982138f,1.4797165145243316f,-0.0015541991678658107f,-0.011194517486548483f,-0.9999361315820077f,-0.2723272661483524f,0f,0f,0f,1f],start_interpolation:0}
execute if entity @s[tag=aj.lexiel.bone.head] run data modify entity @s {} merge value {transformation:[-0.9911992297882259f,0.13237598403188658f,-0.0008280814075935783f,0.0015573316233182914f,0.1323694501468315f,0.9910380798899101f,-0.017940258525049657f,1.4999668656933278f,-0.0015541991678658107f,-0.01789198311283086f,-0.9998387176966278f,-0.007024668996323648f,0f,0f,0f,1f],start_interpolation:0}
execute if entity @s[tag=aj.lexiel.bone.ring] run data modify entity @s {} merge value {transformation:[-0.9611177294646045f,0.1714951229883952f,0.21643043432012643f,0.0004360528545291342f,0.17364081291560635f,0.9847659854319183f,-0.009209887421151459f,0.9374907223941318f,-0.21471278070671698f,0.028729370468182785f,-0.976254600539066f,-0.0019669073189706454f,0f,0f,0f,1f],start_interpolation:0}
execute if entity @s[tag=aj.lexiel.bone.bust] run data modify entity @s {} merge value {transformation:[-0.9762960071199334f,0.10994153875738864f,0.18643756203440523f,-0.014216632270705354f,0f,0.86138373028018f,-0.5079547905164418f,1.3912584651546573f,-0.21643961393810301f,-0.49591423377864424f,-0.8409654964706134f,0.06412708407690704f,0f,0f,0f,1f],start_interpolation:0}
execute if entity @s[tag=aj.lexiel.bone.left_wing] run data modify entity @s {} merge value {transformation:[-0.9031965179133806f,0.001993384477847413f,-0.4292226420489345f,0.14996291088906577f,0.0056597521918098715f,0.9999575880874597f,-0.007265619824735343f,1.1550802088606198f,0.4291899547219991f,-0.00899157631529427f,-0.9031694936838238f,-0.09891068796306168f,0f,0f,0f,1f],start_interpolation:0}
execute if entity @s[tag=aj.lexiel.bone.right_wing] run data modify entity @s {} merge value {transformation:[-0.8616645929945937f,0.001993384477847413f,0.5074742905781381f,-0.09411109089091757f,-0.0028454491415450794f,0.9999575880874597f,-0.008759306222136788f,1.1550802088606198f,-0.5074702282879695f,-0.00899157631529427f,-0.8616223760770855f,-0.1530205914475875f,0f,0f,0f,1f],start_interpolation:0}
execute if entity @s[tag=aj.lexiel.bone.body] run data modify entity @s {} merge value {transformation:[-0.9762960071199334f,0.001993384477847413f,0.21643043432012643f,0.3789360941609798f,0f,0.9999575880874597f,-0.009209887421151459f,0.22337614966684588f,-0.21643961393810301f,-0.00899157631529427f,-0.976254600539066f,0.6008428953962316f,0f,0f,0f,1f],start_interpolation:0}
execute if entity @s[tag=aj.lexiel.bone.sword] run data modify entity @s {} merge value {transformation:[-1.0390082589635004f,-0.13602009162578854f,0.4887478235038474f,-0.32443872263007023f,0.21217386068296762f,0.8953143967223601f,0.7002202841710322f,0.6711335046715797f,-0.4608233426688806f,0.7189052289389671f,-0.7795711520802261f,-0.11588522054603637f,0f,0f,0f,1f],start_interpolation:0}
execute if entity @s[tag=aj.lexiel.bone.rod] run data modify entity @s {} merge value {transformation:[-0.00000977636738966944f,-0.0000012905852654909799f,0.0000016604307678146408f,-0.3475752150246556f,2.2192674905086082e-7f,0.000007218290464222216f,0.00000691715485529812f,0.6759034892660221f,-0.0000020912649713184733f,0.0000067993141158955314f,-0.000007028224411124061f,-0.007219202586316309f,0f,0f,0f,1f],start_interpolation:0}
execute if entity @s[tag=aj.lexiel.bone.right_hand] run data modify entity @s {} merge value {transformation:[-0.9776367389669439f,0.026152026268440567f,0.20866834485406308f,-0.3384627392594646f,0.02219267490508608f,0.9995269240524473f,-0.021293503112696937f,1.0941538192600055f,-0.2091264971318473f,-0.016186402203950897f,-0.9777546259573797f,-0.0801492124017611f,0f,0f,0f,1f],start_interpolation:0}
execute if entity @s[tag=aj.lexiel.bone.right_arm] run data modify entity @s {} merge value {transformation:[-0.9777216185265496f,0.013398042508962527f,0.2094777532883915f,-0.3037220503964591f,0.012955290875288199f,0.9999100012479223f,-0.003485662450189563f,1.4062208418101285f,-0.209505601605687f,-0.000694162306683589f,-0.977807200338866f,-0.073819088072422f,0f,0f,0f,1f],start_interpolation:0}
execute if entity @s[tag=aj.lexiel.bone.left_hand] run data modify entity @s {} merge value {transformation:[-0.9585665258444458f,-0.20463137594571557f,0.19818227849399794f,0.40043293229613475f,-0.18234526068165563f,0.975253495910599f,0.12502329631350487f,1.1015083980834182f,-0.21886164907870076f,0.08370554756238459f,-0.9721589169831408f,0.04030323696640106f,0f,0f,0f,1f],start_interpolation:0}
execute if entity @s[tag=aj.lexiel.bone.left_arm] run data modify entity @s {} merge value {transformation:[-0.9601144917941787f,-0.2030743296644403f,0.19220036232573576f,0.33697220427599717f,-0.18038514607312936f,0.9750798199254732f,0.12915317979160468f,1.4062208418101285f,-0.21363839009640015f,0.08933174914578253f,-0.972819858386728f,0.0682194085744581f,0f,0f,0f,1f],start_interpolation:0}
execute if entity @s[tag=aj.lexiel.bone.skirt_right] run data modify entity @s {} merge value {transformation:[-0.999991924164818f,0.004018905738304744f,-0.0000013459706934185819f,-0.21875f,0.00390124432759864f,0.9706346288323774f,-0.24052691658966038f,0.7066789919542362f,-0.0009653485595345071f,-0.24052497938488565f,-0.9706424688803076f,0.07697502686090199f,0f,0f,0f,1f],start_interpolation:0}
execute if entity @s[tag=aj.lexiel.bone.skirt_left] run data modify entity @s {} merge value {transformation:[-0.9999873809725183f,-0.005023732693976969f,-0.000002354390882340531f,0.21875f,-0.004924154045342332f,0.9802586188645726f,-0.19765827290720334f,0.7066789919542362f,0.0009952902397935299f,-0.19765576705864216f,-0.9802709865877897f,0.07697502686090205f,0f,0f,0f,1f],start_interpolation:0}
execute if entity @s[tag=aj.lexiel.bone.skirt_back_middle] run data modify entity @s {} merge value {transformation:[-1f,8.326171288817143e-18f,1.22181310756956e-16f,2.584658980875959e-17f,0f,0.9976861152294964f,-0.06798834810668802f,0.6997924133320553f,-1.2246467991473532e-16f,-0.06798834810668802f,-0.9976861152294964f,-0.21105342231535648f,0f,0f,0f,1f],start_interpolation:0}
execute if entity @s[tag=aj.lexiel.bone.skirt_front_middle] run data modify entity @s {} merge value {transformation:[-1f,3.466418252615092e-17f,1.1745634200166575e-16f,-1.8733139304514797e-17f,0f,0.959103817389989f,-0.28305453090871163f,0.7898680988782405f,-1.2246467991473532e-16f,-0.28305453090871163f,-0.959103817389989f,0.1529676909093915f,0f,0f,0f,1f],start_interpolation:0}
execute if entity @s[tag=aj.lexiel.bone.skirt] run data modify entity @s {} merge value {transformation:[-1f,2.94162399960371e-17f,1.1887927763539836e-16f,-8.875167526022823e-18f,0f,0.9707229685993279f,-0.24020182812316038f,0.7248800476154736f,-1.2246467991473532e-16f,-0.24020182812316038f,-0.9707229685993279f,0.07247124258359275f,0f,0f,0f,1f],start_interpolation:0}
execute if entity @s[tag=aj.lexiel.bone.rightupper] run data modify entity @s {} merge value {transformation:[-0.9983961352295154f,-0.037922558806421994f,-0.04203613555431247f,-0.13776486739708158f,-0.020855370818012038f,0.9366466375771918f,-0.3496543004502936f,0.6659657186207919f,0.05263279079443043f,-0.3482168230412116f,-0.9359352720590646f,-0.004143132487195222f,0f,0f,0f,1f],start_interpolation:0}
execute if entity @s[tag=aj.lexiel.bone.rightfoot] run data modify entity @s {} merge value {transformation:[-0.9989408568644261f,0.02082894612065429f,-0.04102827671824482f,-0.09318077158072746f,0.02118470866133744f,0.9997414939317067f,-0.008255509077793766f,0.40115084472485996f,0.0408457171059616f,-0.009115937401176222f,-0.9991238797463494f,0.18210713728413083f,0f,0f,0f,1f],start_interpolation:0}
execute if entity @s[tag=aj.lexiel.bone.leftupper] run data modify entity @s {} merge value {transformation:[-0.9988677742504865f,-0.047558847117181f,0.0011513577914205575f,0.13534815620126334f,-0.04611713951946011f,0.9620794732995802f,-0.2688425124457533f,0.6671386167739305f,0.011678142250457156f,-0.268591219358502f,-0.9631834601347197f,-0.004130097696792977f,0f,0f,0f,1f],start_interpolation:0}
execute if entity @s[tag=aj.lexiel.bone.leftfoot] run data modify entity @s {} merge value {transformation:[-0.9958424611340317f,-0.09108853732542459f,0.0008191278467271615f,0.15507645994135338f,-0.088905217206271f,0.9699357052741433f,-0.2265404820067618f,0.41767918244994784f,0.019840739805267602f,-0.22567145588723644f,-0.9740014060778941f,0.19009967375460676f,0f,0f,0f,1f],start_interpolation:0}
execute if entity @s[tag=aj.lexiel.bone.lower] run data modify entity @s {} merge value {transformation:[-1f,2.8536276293231256e-17f,1.1909357145511653e-16f,0f,0f,0.9724728104301918f,-0.2330163791968372f,0.625f,-1.2246467991473532e-16f,-0.2330163791968372f,-0.9724728104301918f,0f,0f,0f,0f,1f],start_interpolation:0}