execute if entity @s[tag=aj.lexiel.bone.backhair] run data modify entity @s {} merge value {transformation:[-0.9802579638366864f,0.1976822191152829f,0.00400806442200545f,0.03901004138168881f,0.1910570449323049f,0.9522351745551398f,-0.23821288361815643f,1.327102816627795f,-0.050907071380004415f,-0.23274430731083295f,-0.9712046939229195f,-0.4692146508781714f,0f,0f,0f,1f],start_interpolation:0}
execute if entity @s[tag=aj.lexiel.bone.head] run data modify entity @s {} merge value {transformation:[-0.9802579638366864f,0.19329854054449733f,-0.04159325135308589f,0.05307853846836002f,0.1910570449323049f,0.8718545166465178f,-0.4509622017251579f,1.4605123782836418f,-0.050907071380004415f,-0.4500059733230595f,-0.891573381195893f,-0.23942181483118508f,0f,0f,0f,1f],start_interpolation:0}
execute if entity @s[tag=aj.lexiel.bone.ring] run data modify entity @s {} merge value {transformation:[-0.9496661279544061f,0.2364403824386899f,0.2054998563705863f,0.01486199077114081f,0.16487127712107855f,0.935031476513926f,-0.3139006210708283f,0.9264434659194196f,-0.26636761701931794f,-0.2642197636068f,-0.9269499496321345f,-0.06703810815273181f,0f,0f,0f,1f],start_interpolation:0}
execute if entity @s[tag=aj.lexiel.bone.bust] run data modify entity @s {} merge value {transformation:[-0.9762960071199334f,0.1615881524532603f,0.14399783147123074f,0.030877240906153736f,-6.938893903907228e-18f,0.6653025703160373f,-0.7465738342125808f,1.3792272524633977f,-0.216439613938103f,-0.7288770533619617f,-0.649532242926176f,-0.13927823312500953f,0f,0f,0f,1f],start_interpolation:0}
execute if entity @s[tag=aj.lexiel.bone.left_wing] run data modify entity @s {} merge value {transformation:[-0.8203921864369563f,0.06794052923950082f,-0.5677506009858966f,0.17744846447859658f,0.227965731281551f,0.9494558442030615f,-0.2157897710039088f,1.0948993542049859f,0.5243932549093838f,-0.3064599229839169f,-0.7944142683828342f,-0.2228900082672176f,0f,0f,0f,1f],start_interpolation:0}
execute if entity @s[tag=aj.lexiel.bone.right_wing] run data modify entity @s {} merge value {transformation:[-0.7600119197818495f,0.06794052923950082f,0.6463481772823098f,-0.06662553730138682f,-0.14974529060291328f,0.9494558442030615f,-0.2758803143591452f,1.0948993542049859f,-0.6324225088750057f,-0.3064599229839169f,-0.7114239846061807f,-0.2769999117517432f,0f,0f,0f,1f],start_interpolation:0}
execute if entity @s[tag=aj.lexiel.bone.body] run data modify entity @s {} merge value {transformation:[-0.9762960071199334f,0.06794052923950082f,0.2054998563705863f,0.35142781075492313f,-6.938893903907228e-18f,0.9494558442030615f,-0.3139006210708283f,0.4009723884338834f,-0.216439613938103f,-0.3064599229839169f,-0.9269499496321345f,0.7249247432770771f,0f,0f,0f,1f],start_interpolation:0}
execute if entity @s[tag=aj.lexiel.locator_origin.locator_right_hand] at @s on origin run tp @s ^-0.67188 ^0.75028 ^-0.04492 ~-15.55954 ~-22.57814
execute if entity @s[tag=aj.lexiel.bone.sword] run data modify entity @s {} merge value {transformation:[-0.768473333658646f,0.5723882169811891f,0.647096999696848f,-0.6776320472539135f,0.7764161433787069f,0.8373802098610799f,0.18134613018740978f,0.8015597738564995f,-0.3788677477121829f,0.5550497056067218f,-0.9409001629022011f,-0.15327999142439958f,0f,0f,0f,1f],start_interpolation:0}
execute if entity @s[tag=aj.lexiel.bone.rod] run data modify entity @s {} merge value {transformation:[-0.000007440968620101082f,0.000006138702549893204f,0.000002635966046557828f,-0.6486039146517973f,0.000006633676500134883f,0.000007256534278153739f,0.0000018267584299895906f,0.8457897153319376f,-7.914051340680272e-7f,0.000003107899817226175f,-0.000009471781070097442f,-0.05546700507495589f,0f,0f,0f,1f],start_interpolation:0}
execute if entity @s[tag=aj.lexiel.bone.right_hand] run data modify entity @s {} merge value {transformation:[-0.7440968620101082f,0.6204627667215169f,-0.24768087342180997f,-0.4158907900705341f,0.6633676500134882f,0.6422857869430467f,-0.3839431322559807f,1.1008865440790572f,-0.07914051340680271f,-0.4499943588571216f,-0.8895177660589335f,-0.3026617868052165f,0f,0f,0f,1f],start_interpolation:0}
execute if entity @s[tag=aj.lexiel.bone.right_arm] run data modify entity @s {} merge value {transformation:[-0.9005949953260751f,0.41396418590007f,0.1325228553334065f,-0.2583833883728224f,0.4190733800370996f,0.907873254197462f,0.011985677168655229f,1.3715008928896046f,-0.11535231483549582f,0.0663310417904231f,-0.9911074797200805f,-0.2783285764071f,0f,0f,0f,1f],start_interpolation:0}
execute if entity @s[tag=aj.lexiel.locator_origin.locator_left_hand] at @s on origin run tp @s ^0.68084 ^0.68675 ^-0.17691 ~16.39345 ~10.36109
execute if entity @s[tag=aj.lexiel.bone.left_hand] run data modify entity @s {} merge value {transformation:[-0.8605208413207694f,-0.4271131792619948f,0.2776296341410735f,0.5026514002170959f,-0.39017440607374976f,0.9030047084456949f,0.17985113113322942f,1.0874321899183523f,-0.32751765524562465f,0.04644166906579289f,-0.9437030024731253f,-0.18608343161255747f,0f,0f,0f,1f],start_interpolation:0}
execute if entity @s[tag=aj.lexiel.bone.left_arm] run data modify entity @s {} merge value {transformation:[-0.9189783040256603f,-0.3850897085358781f,0.0847631589186805f,0.3823108662996339f,-0.3618457323802759f,0.9090198495080071f,0.20676213182936048f,1.3715008928896046f,-0.15667336304650753f,0.1593387259274801f,-0.9747125872438012f,-0.13629007976021995f,0f,0f,0f,1f],start_interpolation:0}
execute if entity @s[tag=aj.lexiel.bone.skirt_right] run data modify entity @s {} merge value {transformation:[-0.9903092307993088f,0.1388705415397437f,-0.0016124782602266957f,-0.21875f,0.1384456051782687f,0.9862283520262516f,-0.09047901450837556f,0.715957704559429f,-0.010974597965498913f,-0.08982544378984278f,-0.9958970568524909f,0.10044897621680371f,0f,0f,0f,1f],start_interpolation:0}
execute if entity @s[tag=aj.lexiel.bone.skirt_left] run data modify entity @s {} merge value {transformation:[-0.9848715922398062f,-0.17328573717716686f,0.000009486556474663269f,0.21875f,-0.17317501727304258f,0.9842403546740042f,-0.03579577661780782f,0.715957704559429f,0.006193560487336763f,-0.03525588634762218f,-0.9993591257832859f,0.10044897621680376f,0f,0f,0f,1f],start_interpolation:0}
execute if entity @s[tag=aj.lexiel.bone.skirt_back_middle] run data modify entity @s {} merge value {transformation:[-1f,-1.1668858625918966e-17f,1.2190748773142236e-16f,2.263887006814993e-17f,0f,0.9954501805442932f,0.09528346159924049f,0.7560372591586544f,-1.2246467991473532e-16f,0.09528346159924049f,-0.9954501805442932f,-0.18486040288442335f,0f,0f,0f,1f],start_interpolation:0}
execute if entity @s[tag=aj.lexiel.bone.skirt_front_middle] run data modify entity @s {} merge value {transformation:[-1f,1.796040255693414e-17f,1.2114050423624402e-16f,-2.314177309584605e-17f,0f,0.9891872850244393f,-0.14665781651851678f,0.7856705909435145f,-1.2246467991473532e-16f,-0.14665781651851678f,-0.9891872850244393f,0.18896691774279942f,0f,0f,0f,1f],start_interpolation:0}
execute if entity @s[tag=aj.lexiel.bone.skirt] run data modify entity @s {} merge value {transformation:[-1f,9.677430644906786e-18f,1.2208171510398926e-16f,-1.2119999895561727e-17f,0f,0.9968728550059274f,-0.07902221809296028f,0.7346490705907902f,-1.2246467991473532e-16f,-0.07902221809296028f,-0.9968728550059274f,0.09896730962756073f,0f,0f,0f,1f],start_interpolation:0}
execute if entity @s[tag=aj.lexiel.bone.rightupper] run data modify entity @s {} merge value {transformation:[-0.98969812712193f,0.13275445258501378f,-0.05360851135964949f,-0.13564480656155684f,0.13392323819683827f,0.990813049443477f,-0.018816676736097594f,0.6691837311534685f,0.05061801499680978f,-0.025802255160570827f,-0.9983847255374111f,0.008086407108907852f,0f,0f,0f,1f],start_interpolation:0}
execute if entity @s[tag=aj.lexiel.bone.rightfoot] run data modify entity @s {} merge value {transformation:[-0.9827842036609995f,0.18464891386772253f,0.006323578250125507f,-0.14403964984118098f,0.1769663141959924f,0.9309563421161765f,0.31937941811199066f,0.35515411120439094f,0.05308608738926206f,0.31500010743036083f,-0.9476058250372678f,0.09818982753377224f,0f,0f,0f,1f],start_interpolation:0}
execute if entity @s[tag=aj.lexiel.bone.leftupper] run data modify entity @s {} merge value {transformation:[-0.9828286579885275f,-0.18449375878434757f,0.003143565824527452f,0.13367217985327068f,-0.17867107972456756f,0.9557896157625608f,0.2335441193233383f,0.6752630532953932f,-0.046092019987492266f,0.22897218907561562f,-0.9723411244637312f,0.011701091998217616f,0f,0f,0f,1f],start_interpolation:0}
execute if entity @s[tag=aj.lexiel.bone.leftfoot] run data modify entity @s {} merge value {transformation:[-0.9738544570309438f,-0.22715041368196948f,-0.003191564675196851f,0.1932025725211636f,-0.2192281457796195f,0.936021151745343f,0.2753242153958707f,0.36815213821705134f,-0.05955263738068818f,0.26882539509769543f,-0.9613461345070111f,0.06153335206709125f,0f,0f,0f,1f],start_interpolation:0}
execute if entity @s[tag=aj.lexiel.bone.lower] run data modify entity @s {} merge value {transformation:[-1f,-5.707012501593679e-18f,1.2233163055778024e-16f,0f,0f,0.9989135695528889f,0.04660129357760232f,0.625f,-1.2246467991473532e-16f,0.04660129357760232f,-0.9989135695528889f,0f,0f,0f,0f,1f],start_interpolation:0}