execute if entity @s[tag=aj.lexiel.bone.backhair] run data modify entity @s {} merge value {transformation:[-0.982914985924717f,0.18402688694335845f,0.0034979031646938455f,0.03147622335464664f,0.17989777015291614f,0.9645324185911135f,-0.19316833534714103f,1.363495028797558f,-0.03892200840940471f,-0.18923878663929689f,-0.9811593952527106f,-0.4323208927748734f,0f,0f,0f,1f],start_interpolation:0}
execute if entity @s[tag=aj.lexiel.bone.head] run data modify entity @s {} merge value {transformation:[-0.982914985924717f,0.18155744694414355f,-0.03024936203852413f,0.04234804525463186f,0.17989777015291614f,0.9128717128649101f,-0.3664724111650066f,1.4751028835267772f,-0.03892200840940471f,-0.36565301764132835f,-0.9299370666615933f,-0.19101968784353346f,0f,0f,0f,1f],start_interpolation:0}
execute if entity @s[tag=aj.lexiel.bone.ring] run data modify entity @s {} merge value {transformation:[-0.9520511911122062f,0.22291401711321868f,0.2095420494227285f,0.011857452671296898f,0.1681143038688677f,0.9534235951491965f,-0.25044166795377104f,0.9305288073874975f,-0.25560929235165836f,-0.20320627250955747f,-0.945183104205876f,-0.05348551259618939f,0f,0f,0f,1f],start_interpolation:0}
execute if entity @s[tag=aj.lexiel.bone.bust] run data modify entity @s {} merge value {transformation:[-0.9762960071199334f,0.15171436294000326f,0.1543659889981729f,0.021358484116724807f,0f,0.7132058045636609f,-0.7009546920712503f,1.3872139747172056f,-0.216439613938103f,-0.684339267041144f,-0.6962999792502617f,-0.09634189593064135f,0f,0f,0f,1f],start_interpolation:0}
execute if entity @s[tag=aj.lexiel.bone.left_wing] run data modify entity @s {} merge value {transformation:[-0.8151417086425007f,0.054205497925928776f,-0.5767198269749244f,0.17194466241042664f,0.18432965671755344f,0.9681316909142749f,-0.16953939572222088f,1.111002406280774f,0.5491507739098375f,-0.24450520043972282f,-0.7991562015477058f,-0.19806396147585037f,0f,0f,0f,1f],start_interpolation:0}
execute if entity @s[tag=aj.lexiel.bone.right_wing] run data modify entity @s {} merge value {transformation:[-0.7493898952931364f,0.054205497925928776f,0.6599064697569984f,-0.07212933936955679f,-0.1223836274788597f,0.9681316909142749f,-0.21850234958137774f,1.111002406280774f,-0.6507203950681566f,-0.24450520043972282f,-0.7188742410187425f,-0.2521738649603761f,0f,0f,0f,1f],start_interpolation:0}
execute if entity @s[tag=aj.lexiel.bone.body] run data modify entity @s {} merge value {transformation:[-0.9762960071199334f,0.054205497925928776f,0.2095420494227285f,0.35627422988563806f,0f,0.9681316909142749f,-0.25044166795377104f,0.35990498851974806f,-0.216439613938103f,-0.24450520043972282f,-0.945183104205876f,0.703063959291851f,0f,0f,0f,1f],start_interpolation:0}
execute if entity @s[tag=aj.lexiel.bone.sword] run data modify entity @s {} merge value {transformation:[-0.8618782108687854f,0.42130295669653f,0.6454330567985993f,-0.6150883229960322f,0.664693247913738f,0.896451252846869f,0.30244354836426046f,0.7506304919690234f,-0.3902087880962039f,0.5964838911890584f,-0.9104164606071504f,-0.1458329965473405f,0f,0f,0f,1f],start_interpolation:0}
execute if entity @s[tag=aj.lexiel.bone.rod] run data modify entity @s {} merge value {transformation:[-0.000008391653664394745f,0.000004583140282884892f,0.000002928305640510925f,-0.6008021461244484f,0.000005351375365414056f,0.000007919154472196376f,0.0000029410498370363777f,0.7916116825698754f,-9.71046072691649e-7f,0.0000040350734309167074f,-0.000009098090565158175f,-0.04344744746980422f,0f,0f,0f,1f],start_interpolation:0}
execute if entity @s[tag=aj.lexiel.bone.right_hand] run data modify entity @s {} merge value {transformation:[-0.8391653664394745f,0.531139434894923f,-0.11701447973650476f,-0.39864077901270467f,0.5351375365414056f,0.7679324112129845f,-0.3520051544977819f,1.0994637435750443f,-0.0971046072691649f,-0.35800937488858225f,-0.9286549320059565f,-0.25485476112926264f,0f,0f,0f,1f],start_interpolation:0}
execute if entity @s[tag=aj.lexiel.bone.right_arm] run data modify entity @s {} merge value {transformation:[-0.9367027829512427f,0.32493630286264064f,0.1304005195287033f,-0.26782622240090315f,0.32855521728082127f,0.9444612622993448f,0.006662823236469995f,1.384340537503564f,-0.12099324612948362f,0.049084856095198776f,-0.9914390103749013f,-0.23573470465796664f,0f,0f,0f,1f],start_interpolation:0}
execute if entity @s[tag=aj.lexiel.bone.left_hand] run data modify entity @s {} merge value {transformation:[-0.8841633890146652f,-0.3829411790777516f,0.26760260628895877f,0.48170576874623394f,-0.3471271461249107f,0.9218593425128189f,0.1722733207580569f,1.0949715588360094f,-0.3126625112629863f,0.05942563410157983f,-0.948003559097933f,-0.1392614502903095f,0f,0f,0f,1f],start_interpolation:0}
execute if entity @s[tag=aj.lexiel.bone.left_arm] run data modify entity @s {} merge value {transformation:[-0.9298675700262738f,-0.3482807567189785f,0.11851926726354904f,0.37286803227155313f,-0.32161392687619655f,0.9259807317361747f,0.19779829749674563f,1.384340537503564f,-0.17863589855542863f,0.1458087752935135f,-0.9730513947344716f,-0.09369620801108655f,0f,0f,0f,1f],start_interpolation:0}
execute if entity @s[tag=aj.lexiel.bone.skirt_right] run data modify entity @s {} merge value {transformation:[-0.9939055460221234f,0.11023037685005761f,-0.0010146950078541099f,-0.21875f,0.10944742656861832f,0.9856639862917588f,-0.1284046998553646f,0.7156630167739653f,-0.013153950128063547f,-0.12773319907891467f,-0.9917213335655812f,0.09424268094328063f,0f,0f,0f,1f],start_interpolation:0}
execute if entity @s[tag=aj.lexiel.bone.skirt_left] run data modify entity @s {} merge value {transformation:[-0.9904825638484527f,-0.13763826033935853f,0.0000017178068285296161f,0.21875f,-0.13723741758385394f,0.9875970377882671f,-0.07627569840227642f,0.7156630167739653f,0.010496757933323572f,-0.07554998506019113f,-0.9970867654473676f,0.09424268094328069f,0f,0f,0f,1f],start_interpolation:0}
execute if entity @s[tag=aj.lexiel.bone.skirt_back_middle] run data modify entity @s {} merge value {transformation:[-1f,-6.7225666243163776e-18f,1.2228002667893151e-16f,2.356902692934213e-17f,0f,0.998492191904373f,0.05489392230475669f,0.7441559123872986f,-1.2246467991473532e-16f,0.05489392230475669f,-0.998492191904373f,-0.1924557100524968f,0f,0f,0f,1f],start_interpolation:0}
execute if entity @s[tag=aj.lexiel.bone.skirt_front_middle] run data modify entity @s {} merge value {transformation:[-1f,2.2217163928508758e-17f,1.2043253486326832e-16f,-2.2027102978973546e-17f,0f,0.9834062763820407f,-0.1814169109328274f,0.7889033083597533f,-1.2246467991473532e-16f,-0.1814169109328274f,-0.9834062763820407f,0.17986494550354987f,0f,0f,0f,1f],start_interpolation:0}
execute if entity @s[tag=aj.lexiel.bone.skirt] run data modify entity @s {} merge value {transformation:[-1f,1.4613268066092205e-17f,1.2158967975550847e-16f,-1.126740097978616e-17f,0f,0.9928550814827911f,-0.11932638925987911f,0.7342790495517676f,-1.2246467991473532e-16f,-0.11932638925987911f,-0.9928550814827911f,0.09200531114465792f,0f,0f,0f,1f],start_interpolation:0}
execute if entity @s[tag=aj.lexiel.bone.rightupper] run data modify entity @s {} merge value {transformation:[-0.9939505882627317f,0.0963895903001234f,-0.05264290050846232f,-0.13617389387129344f,0.10100454209323789f,0.9904843638026326f,-0.0934815893052181f,0.6688471150656498f,0.043131317725115206f,-0.09823325274197373f,-0.9942283024974831f,0.005200438544230794f,0f,0f,0f,1f],start_interpolation:0}
execute if entity @s[tag=aj.lexiel.bone.rightfoot] run data modify entity @s {} merge value {transformation:[-0.9886180677157967f,0.15035896980987892f,-0.005147463802325752f,-0.1330853157417256f,0.14433682917912263f,0.9575629837565985f,0.24947948188513774f,0.3621233297855133f,0.042440498682285804f,0.24589695471248102f,-0.9683664036586187f,0.11796037050028588f,0f,0f,0f,1f],start_interpolation:0}
execute if entity @s[tag=aj.lexiel.bone.leftupper] run data modify entity @s {} merge value {transformation:[-0.9878946507972415f,-0.15492305757389657f,0.007937578859542074f,0.13423116021493794f,-0.1527484445735491f,0.9804023368853827f,0.12441531461215682f,0.674084255432034f,-0.027056821811840697f,0.12169677095813072f,-0.9921984803111757f,0.007660760727894608f,0f,0f,0f,1f],start_interpolation:0}
execute if entity @s[tag=aj.lexiel.bone.leftfoot] run data modify entity @s {} merge value {transformation:[-0.9801845270221522f,-0.19806540042543594f,0.0028965739540797795f,0.18454921616544656f,-0.19479865791978745f,0.966465153855066f,0.16732778985139607f,0.37269959825279375f,-0.035941283491402264f,0.16344786183433263f,-0.9858970638980398f,0.09120596479179624f,0f,0f,0f,1f],start_interpolation:0}
execute if entity @s[tag=aj.lexiel.bone.lower] run data modify entity @s {} merge value {transformation:[-1f,1.9685245829000254e-18f,1.2244885764099676e-16f,0f,0f,0.999870801330232f,-0.0160742230679947f,0.625f,-1.2246467991473532e-16f,-0.0160742230679947f,-0.999870801330232f,0f,0f,0f,0f,1f],start_interpolation:0}