execute if entity @s[tag=aj.lexiel.bone.backhair] run data modify entity @s {} merge value {transformation:[-0.9914733805051177f,0.09235693106141506f,0.09192786865075768f,0.02291008260479551f,0.13030899772999566f,0.7044251653862967f,0.6977139467440024f,1.6743860321610364f,-0.00031758519789601425f,0.7037438338311786f,-0.7104537391584596f,-0.19932380060708021f,0f,0f,0f,1f],start_interpolation:0}
execute if entity @s[tag=aj.lexiel.bone.head] run data modify entity @s {} merge value {transformation:[-0.9914733805051177f,0.09232791539383389f,0.09195701054722788f,-0.00007337464378323853f,0.13030899772999566f,0.7042049421606592f,0.6979362181081498f,1.4999999264473194f,-0.00031758519789601425f,0.7039680074233002f,-0.7102316126899101f,0.0003309716296662282f,0f,0f,0f,1f],start_interpolation:0}
execute if entity @s[tag=aj.lexiel.bone.ring] run data modify entity @s {} merge value {transformation:[-0.9614801860042426f,0.1694395298047444f,0.21643959356086936f,-0.00002054490025926725f,0.17364816131840047f,0.9848076602950878f,0.0004339295489105994f,0.9374999794052494f,-0.2130778449111637f,0.03800155212174617f,-0.9762959152041722f,0.00009267205630647535f,0f,0f,0f,1f],start_interpolation:0}
execute if entity @s[tag=aj.lexiel.bone.bust] run data modify entity @s {} merge value {transformation:[-0.9762960071199334f,0.10813846006938198f,0.18748914618051296f,-0.015619697980841063f,0f,0.866242287024827f,-0.49962415891347506f,1.3905937480583668f,-0.216439613938103f,-0.4877810714078808f,-0.8457088860207778f,0.07045590450681283f,0f,0f,0f,1f],start_interpolation:0}
execute if entity @s[tag=aj.lexiel.bone.left_wing] run data modify entity @s {} merge value {transformation:[-0.08621253090835371f,-0.00009391954404254531f,-0.9962767641039789f,0.14905086028458175f,-0.0004301634052198064f,0.9999999058525688f,-0.00005704645674760978f,1.1563042000041128f,0.9962766756648581f,0.00042364368597277204f,-0.08621256319241624f,-0.09479669354564557f,0f,0f,0f,1f],start_interpolation:0}
execute if entity @s[tag=aj.lexiel.bone.right_wing] run data modify entity @s {} merge value {transformation:[-0.2581331263684311f,-0.00009391954404254531f,0.9661093521182675f,-0.0950231414954017f,0.0003850423871322492f,0.9999999058525688f,0.00020009301219496757f,1.1563042000041128f,-0.9661092799541984f,0.00042364368597277204f,-0.2581330659028549f,-0.14890659703017128f,0f,0f,0f,1f],start_interpolation:0}
execute if entity @s[tag=aj.lexiel.bone.body] run data modify entity @s {} merge value {transformation:[-0.9762960071199334f,-0.00009391954404254531f,0.21643959356086936f,0.3799751665515533f,0f,0.9999999058525688f,0.0004339295489105994f,0.21853308229926027f,-0.216439613938103f,0.00042364368597277204f,-0.9762959152041722f,0.5961559427281512f,0f,0f,0f,1f],start_interpolation:0}
execute if entity @s[tag=aj.lexiel.bone.sword] run data modify entity @s {} merge value {transformation:[-0.788870962523866f,0.1267879013932605f,-0.8357759837701499f,-0.17446555343644776f,0.8403271268351131f,0.24190596800914022f,-0.7564693549950351f,1.2154116797184022f,0.0919074909444983f,-1.1235303258932772f,-0.2571899733784994f,0.5511901584936478f,0f,0f,0f,1f],start_interpolation:0}
execute if entity @s[tag=aj.lexiel.bone.rod] run data modify entity @s {} merge value {transformation:[-0.000004719472581994132f,0.0000018576024685384176f,-0.000008618346222836815f,-0.09325821489439762f,0.00000871314721072846f,0.000002473540436046123f,-0.000004238238241937282f,1.2678762505741101f,0.0000013444866053555641f,-0.000009509516853138479f,-0.0000027859370035761268f,0.4962429978352354f,0f,0f,0f,1f],start_interpolation:0}
execute if entity @s[tag=aj.lexiel.bone.right_hand] run data modify entity @s {} merge value {transformation:[-0.4719472581994132f,-0.4780567754528996f,-0.7407614359033765f,-0.34879673918203485f,0.8713147210728459f,-0.12478297852906606f,-0.47459442170253463f,1.1986297666855221f,0.1344486605355564f,-0.8694198799849185f,0.4754288905474766f,0.16421867770146548f,0f,0f,0f,1f],start_interpolation:0}
execute if entity @s[tag=aj.lexiel.bone.right_arm] run data modify entity @s {} merge value {transformation:[-0.6103717232278951f,0.07860976294289508f,-0.788204836735903f,-0.3051570719115084f,0.5797654824579604f,0.7223610877277769f,-0.37691702573249664f,1.406249935273641f,0.5397391451748692f,-0.6870334519561655f,-0.4864840090476732f,-0.0673461243215509f,0f,0f,0f,1f],start_interpolation:0}
execute if entity @s[tag=aj.lexiel.bone.left_hand] run data modify entity @s {} merge value {transformation:[-0.3586656720468548f,0.8598720359289975f,0.3632891651597923f,0.3522968266984537f,-0.9267010351431819f,-0.2812242746147927f,-0.24927514683966895f,1.2605957947212842f,-0.11217899607204963f,-0.4260668834757103f,0.8977097992366814f,0.3506638122879498f,0f,0f,0f,1f],start_interpolation:0}
execute if entity @s[tag=aj.lexiel.bone.left_arm] run data modify entity @s {} merge value {transformation:[-0.5966446033973696f,-0.05363086060001876f,0.8007115260991918f,0.33553718276094785f,-0.724112297506299f,0.4660932497675414f,-0.5083487613059374f,1.406249935273641f,-0.3459430557721088f,-0.883108607880386f,-0.31692678784006556f,0.07469237232532917f,0f,0f,0f,1f],start_interpolation:0}
execute if entity @s[tag=aj.lexiel.bone.skirt_right] run data modify entity @s {} merge value {transformation:[-0.9999999820730839f,-0.00018935108067553346f,-2.9878192130965185e-9f,-0.21875f,-0.0001826433663492777f,0.964571071724528f,0.263823073732371f,0.6589194575390638f,-0.000049952302154384906f,0.26382306900338265f,-0.9645710890164622f,0.10716699271574148f,0f,0f,0f,1f],start_interpolation:0}
execute if entity @s[tag=aj.lexiel.bone.skirt_left] run data modify entity @s {} merge value {transformation:[-0.9999999719879844f,0.00023669392978527458f,1.1790411438476142e-7f,0.21875f,0.00022540407587460216f,0.9521496156149117f,0.3056322278120854f,0.6589194575390638f,0.0000722290307126799f,0.30563221927728673f,-0.9521496422950584f,0.10716699271574152f,0f,0f,0f,1f],start_interpolation:0}
execute if entity @s[tag=aj.lexiel.bone.skirt_back_middle] run data modify entity @s {} merge value {transformation:[-1f,-5.232876022191324e-17f,1.1072171729275194e-16f,1.807968186925012e-17f,0f,0.9041114333523814f,0.427296754120017f,0.7934013695709539f,-1.2246467991473532e-16f,0.427296754120017f,-0.9041114333523814f,-0.14763180601817516f,0f,0f,0f,1f],start_interpolation:0}
execute if entity @s[tag=aj.lexiel.bone.skirt_front_middle] run data modify entity @s {} merge value {transformation:[-1f,-2.1884058586167004e-17f,1.2049350939538522e-16f,-2.6217717931562242e-17f,0f,0.9839041712212655f,0.1786968993950218f,0.6944734245141289f,-1.2246467991473532e-16f,0.1786968993950218f,-0.9839041712212655f,0.21408391341745261f,0f,0f,0f,1f],start_interpolation:0}
execute if entity @s[tag=aj.lexiel.bone.skirt] run data modify entity @s {} merge value {transformation:[-1f,-3.2307144336017573e-17f,1.1812639946883297e-16f,-1.3729930416658385e-17f,0f,0.9645752518283408f,0.2638078534848666f,0.6770052435108452f,-1.2246467991473532e-16f,0.2638078534848666f,-0.9645752518283408f,0.11211338996858276f,0f,0f,0f,1f],start_interpolation:0}
execute if entity @s[tag=aj.lexiel.bone.rightupper] run data modify entity @s {} merge value {transformation:[-0.9982081309044243f,-0.043213302634515664f,-0.041390069723467614f,-0.13781581064939294f,-0.04898781680042673f,0.9873858569022219f,0.15056348625942656f,0.6626534243271544f,0.03436162396371243f,0.15232130535444632f,-0.9877335160526315f,0.01635618190420897f,0f,0f,0f,1f],start_interpolation:0}
execute if entity @s[tag=aj.lexiel.bone.rightfoot] run data modify entity @s {} merge value {transformation:[-0.9989855434054672f,0.015633239776912437f,-0.04223133766483066f,-0.09162682803204583f,-0.0065367936363542704f,0.8775317604773416f,0.47947396142282106f,0.34088034673990686f,0.04455507149404094f,0.4792636134400512f,-0.8765393513337243f,0.05000861793754087f,0f,0f,0f,1f],start_interpolation:0}
execute if entity @s[tag=aj.lexiel.bone.leftupper] run data modify entity @s {} merge value {transformation:[-0.9990547111492788f,-0.043470351180868894f,0.00011268825624613187f,0.1353613307501871f,-0.04228611056701317f,0.9724324360937686f,0.22931864748827746f,0.6635309129263345f,-0.010078143854177884f,0.22909710997948118f,-0.9733513986302705f,0.016830368939036687f,0f,0f,0f,1f],start_interpolation:0}
execute if entity @s[tag=aj.lexiel.bone.leftfoot] run data modify entity @s {} merge value {transformation:[-0.9962108624101381f,-0.08697077684491993f,-0.00003988784208610164f,0.15401700993338135f,-0.08371258569196387f,0.958765197293305f,0.2715906836691854f,0.35123942743616826f,-0.023582209667764677f,0.2705649283150369f,-0.9624128526537166f,0.06653362018404722f,0f,0f,0f,1f],start_interpolation:0}
execute if entity @s[tag=aj.lexiel.bone.lower] run data modify entity @s {} merge value {transformation:[-1f,-3.329719468357347e-17f,1.1785115465205583e-16f,0f,0f,0.9623277073365839f,0.27189222808369135f,0.625f,-1.2246467991473532e-16f,0.27189222808369135f,-0.9623277073365839f,0f,0f,0f,0f,1f],start_interpolation:0}