execute if entity @s[tag=aj.lexiel.bone.backhair] run data modify entity @s {} merge value {transformation:[-0.9798186135097794f,0.19984573154393423f,0.00414345308205364f,0.040180657606015656f,0.19276476605873166f,0.9501800961758221f,-0.24494801447986442f,1.3211923086673716f,-0.0528888417919684f,-0.23920591216559672f,-0.9695273601084855f,-0.474894958306898f,0f,0f,0f,1f],start_interpolation:0}
execute if entity @s[tag=aj.lexiel.bone.head] run data modify entity @s {} merge value {transformation:[-0.9798186135097794f,0.19510658832700079f,-0.043461521040705164f,0.05477366457506235f,0.19276476605873166f,0.8647631550363656f,-0.4637094248102718f,1.4578770489300432f,-0.0528888417919684f,-0.46272897562498605f,-0.8849207114374459f,-0.24706803457546683f,0f,0f,0f,1f],start_interpolation:0}
execute if entity @s[tag=aj.lexiel.bone.ring] run data modify entity @s {} merge value {transformation:[-0.9492893528384452f,0.2385771803039236f,0.20476975759568372f,0.01533662608101749f,0.1642855233421287f,0.9317095017565954f,-0.3239254098657274f,0.9257055737004121f,-0.26806713973885127f,-0.2738582359081167f,-0.9236566868796683f,-0.06917904968113064f,0f,0f,0f,1f],start_interpolation:0}
execute if entity @s[tag=aj.lexiel.bone.bust] run data modify entity @s {} merge value {transformation:[-0.9762960071199334f,0.16310217157271772f,0.14228066667660372f,0.032387525207363876f,0f,0.6573688803441171f,-0.7535689451902339f,1.3776814009139362f,-0.21643961393810296f,-0.7357063522788054f,-0.6417866130848628f,-0.14609068536542535f,0f,0f,0f,1f],start_interpolation:0}
execute if entity @s[tag=aj.lexiel.bone.left_wing] run data modify entity @s {} merge value {transformation:[-0.8245548611381861f,0.07011029065607981f,-0.561421257272564f,0.1783064727514871f,0.23338787193347746f,0.9460826226304553f,-0.2246280756963434f,1.0921704711676083f,0.5154021558043285f,-0.31624708425659753f,-0.7964599170651661f,-0.226760233479957f,0f,0f,0f,1f],start_interpolation:0}
execute if entity @s[tag=aj.lexiel.bone.right_wing] run data modify entity @s {} merge value {transformation:[-0.7654948790685641f,0.07011029065607981f,0.6396109264732152f,-0.06576752902849625f,-0.1522480857943175f,0.9460826226304553f,-0.2859164065398235f,1.0921704711676083f,-0.6251704651467236f,-0.31624708425659753f,-0.713547245252499f,-0.2808701369644828f,0f,0f,0f,1f],start_interpolation:0}
execute if entity @s[tag=aj.lexiel.bone.body] run data modify entity @s {} merge value {transformation:[-0.9762960071199334f,0.07011029065607981f,0.20476975759568372f,0.35070797943408494f,0f,0.9460826226304553f,-0.3239254098657274f,0.40767139361763605f,-0.21643961393810296f,-0.31624708425659753f,-0.9236566868796683f,0.7281716925371844f,0f,0f,0f,1f],start_interpolation:0}
execute if entity @s[tag=aj.lexiel.bone.sword] run data modify entity @s {} merge value {transformation:[-0.7514640481136783f,0.5967957535294103f,0.6450199031517295f,-0.6867125369016093f,0.793739558124854f,0.8251587715316147f,0.16125935052640514f,0.8109236841718646f,-0.3770853494374514f,0.5475964689748282f,-0.945969771666059f,-0.15421433647070215f,0f,0f,0f,1f],start_interpolation:0}
execute if entity @s[tag=aj.lexiel.bone.rod] run data modify entity @s {} merge value {transformation:[-0.000007262454664819026f,0.000006380348449512325f,0.000002558887630251476f,-0.6551507877253302f,0.0000068316494452692324f,0.000007112954503567344f,0.0000016536154592690685f,0.8553322330602436f,-7.650608462083001e-7f,0.0000029490730565699303f,-0.000009524581356081346f,-0.05727058851788047f,0f,0f,0f,1f],start_interpolation:0}
execute if entity @s[tag=aj.lexiel.bone.right_hand] run data modify entity @s {} merge value {transformation:[-0.7262454664819026f,0.6320994450628432f,-0.2702180859338046f,-0.41872669615135494f,0.6831649445269232f,0.6198901068467926f,-0.38603356590197957f,1.1012095986577437f,-0.07650608462083f,-0.4649586508332946f,-0.8820205621363217f,-0.3102194610130587f,0f,0f,0f,1f],start_interpolation:0}
execute if entity @s[tag=aj.lexiel.bone.right_arm] run data modify entity @s {} merge value {transformation:[-0.8936188022563237f,0.4285101797821456f,0.13350828467569545f,-0.2568916773989243f,0.4338558956858686f,0.9008966436508083f,0.012421724410132118f,1.369181803058438f,-0.1149543302037207f,0.06902364291879817f,-0.9909698475158729f,-0.285057249782068f,0f,0f,0f,1f],start_interpolation:0}
execute if entity @s[tag=aj.lexiel.bone.left_hand] run data modify entity @s {} merge value {transformation:[-0.856443889135001f,-0.4341244950207183f,0.2793560229998999f,0.5060005691852865f,-0.39740153887425106f,0.8998195545165742f,0.17999107258408964f,1.085996585082582f,-0.3295085456610971f,0.04313574077954711f,-0.9431667011741395f,-0.1933181874530972f,0f,0f,0f,1f],start_interpolation:0}
execute if entity @s[tag=aj.lexiel.bone.left_arm] run data modify entity @s {} merge value {transformation:[-0.9169823345698244f,-0.3910335741176143f,0.07896924717685366f,0.38380257727353195f,-0.36858250514573393f,0.9061926975227396f,0.2072721203079561f,1.369181803058438f,-0.15261171313948912f,0.16095818981730975f,-0.9750908296888887f,-0.14301875313518791f,0f,0f,0f,1f],start_interpolation:0}
execute if entity @s[tag=aj.lexiel.bone.skirt_right] run data modify entity @s {} merge value {transformation:[-0.9896576871833193f,0.1434388419846687f,-0.001720700165829811f,-0.21875f,0.14307321229291814f,0.9861251202578878f,-0.08418612189994337f,0.7159718570393537f,-0.010378734178551344f,-0.08356162879254916f,-0.9964485616781167f,0.10151790924911198f,0f,0f,0f,1f],start_interpolation:0}
execute if entity @s[tag=aj.lexiel.bone.skirt_left] run data modify entity @s {} merge value {transformation:[-0.9838554592517701f,-0.1789648993289412f,0.000010424514949233739f,0.21875f,-0.17888941991532165f,0.9834388179933549f,-0.029097537802928904f,0.7159718570393537f,0.005197186050961401f,-0.028629636253628514f,-0.9995765769490284f,0.10151790924911204f,0f,0f,0f,1f],start_interpolation:0}
execute if entity @s[tag=aj.lexiel.bone.skirt_back_middle] run data modify entity @s {} merge value {transformation:[-1f,-1.2484166502048268e-17f,1.2182669417400978e-16f,2.247434456098907e-17f,0f,0.9947904510821429f,0.10194095563504706f,0.757959252984967f,-1.2246467991473532e-16f,0.10194095563504706f,-0.9947904510821429f,-0.1835169501658485f,0f,0f,0f,1f],start_interpolation:0}
execute if entity @s[tag=aj.lexiel.bone.skirt_front_middle] run data modify entity @s {} merge value {transformation:[-1f,1.725540572849946e-17f,1.2124293298895173e-16f,-2.3329552579954657e-17f,0f,0.990023679262999f,-0.1409010805443116f,0.7850909925594707f,-1.2246467991473532e-16f,-0.1409010805443116f,-0.990023679262999f,0.19050025359309802f,0f,0f,0f,1f],start_interpolation:0}
execute if entity @s[tag=aj.lexiel.bone.skirt] run data modify entity @s {} merge value {transformation:[-1f,8.860479473390805e-18f,1.2214372570918326e-16f,-1.2266224271679574e-17f,0f,0.9973792100238574f,-0.07235130553200986f,0.7346727172273011f,-1.2246467991473532e-16f,-0.07235130553200986f,-0.9973792100238574f,0.10016132227038682f,0f,0f,0f,1f],start_interpolation:0}
execute if entity @s[tag=aj.lexiel.bone.rightupper] run data modify entity @s {} merge value {transformation:[-0.9888982866273f,0.13855631974381769f,-0.05368728866910185f,-0.13555676089067845f,0.13909950764550466f,0.9902570859878723f,-0.006498509335685083f,0.669214900098606f,0.05226380849468115f,-0.013894240168384642f,-0.9985366515114878f,0.008570447907331448f,0f,0f,0f,1f],start_interpolation:0}
execute if entity @s[tag=aj.lexiel.bone.rightfoot] run data modify entity @s {} merge value {transformation:[-0.9817324467938298f,0.19008888363772847f,0.008223091241269312f,-0.14579332040326745f,0.18206856817367506f,0.9260046833011981f,0.3307058556896681f,0.35417906796689574f,0.055248885919880315f,0.32616183532352444f,-0.9436980543494843f,0.09489228378098497f,0f,0f,0f,1f],start_interpolation:0}
execute if entity @s[tag=aj.lexiel.bone.leftupper] run data modify entity @s {} merge value {transformation:[-0.9819355665416187f,-0.18920382077587852f,0.0021112471195239187f,0.13357274618230758f,-0.18262201304875728f,0.9505789744923776f,0.25109522815664803f,0.6754121539026913f,-0.04951508366760578f,0.2461737749168843f,-0.967960086487331f,0.012388572857632521f,0f,0f,0f,1f],start_interpolation:0}
execute if entity @s[tag=aj.lexiel.bone.leftfoot] run data modify entity @s {} merge value {transformation:[-0.9727610831782039f,-0.23176766593209572f,-0.004429907714161117f,0.19460246482203486f,-0.22288467253395924f,0.9298845651085429f,0.29263820379835215f,0.36774573271017597f,-0.06370477064865132f,0.2856544146364354f,-0.9562129771109145f,0.056673628724269266f,0f,0f,0f,1f],start_interpolation:0}
execute if entity @s[tag=aj.lexiel.bone.lower] run data modify entity @s {} merge value {transformation:[-1f,-6.977443914200209e-18f,1.222657478734039e-16f,0f,0f,0.9983755966089983f,0.05697515331814999f,0.625f,-1.2246467991473532e-16f,0.05697515331814999f,-0.9983755966089983f,0f,0f,0f,0f,1f],start_interpolation:0}