execute if entity @s[tag=aj.lexiel.bone.backhair] run data modify entity @s {} merge value {transformation:[-0.9863726861542581f,0.13581947078773815f,0.09285470027829643f,0.04497095143398134f,0.1628645217850077f,0.8860567267476963f,0.4340260643427984f,1.5626695632971028f,-0.023325341424602075f,0.4432341913030818f,-0.8961023268061125f,-0.3768473659353753f,0f,0f,0f,1f],start_interpolation:0}
execute if entity @s[tag=aj.lexiel.bone.head] run data modify entity @s {} merge value {transformation:[-0.9863726861542581f,0.1456808808601251f,0.07645917185434038f,0.02693774767361163f,0.1628645217850077f,0.9304528787569435f,0.3282264278766371f,1.4900227446229484f,-0.023325341424602075f,0.33620606979163015f,-0.9414995523539516f,-0.1215083275008627f,0f,0f,0f,1f],start_interpolation:0}
execute if entity @s[tag=aj.lexiel.bone.ring] run data modify entity @s {} merge value {transformation:[-0.9554764328302852f,0.20348850602968077f,0.21367548811158024f,0.00754256934861125f,0.17143053643257183f,0.9722308845973561f,-0.15930686806752253f,0.9347063684944256f,-0.2401590254068211f,-0.11558345447706146f,-0.9638278412490453f,-0.03402233170024149f,0f,0f,0f,1f],start_interpolation:0}
execute if entity @s[tag=aj.lexiel.bone.bust] run data modify entity @s {} merge value {transformation:[-0.9762960071199334f,0.13669857452757614f,0.16780824235955688f,0.007808537291286222f,0f,0.7753120572814659f,-0.6315783513024975f,1.393494741518089f,-0.216439613938103f,-0.6166074225600189f,-0.7569340657958362f,-0.0352220355609667f,0f,0f,0f,1f],start_interpolation:0}
execute if entity @s[tag=aj.lexiel.bone.left_wing] run data modify entity @s {} merge value {transformation:[-0.3903934154559541f,0.03448031702222289f,-0.9200022222292084f,0.16383157560116174f,0.1565636706673698f,0.987229113117374f,-0.02943629121751581f,1.1307493784804108f,0.9072380052642162f,-0.15553065920110426f,-0.39080611030621787f,-0.1614681918143509f,0f,0f,0f,1f],start_interpolation:0}
execute if entity @s[tag=aj.lexiel.bone.right_wing] run data modify entity @s {} merge value {transformation:[-0.48342320773948433f,0.03448031702222289f,0.8747074424954406f,-0.0802424261788216f,-0.11973045891618324f,0.987229113117374f,-0.1050870849400781f,1.1307493784804108f,-0.8671600886956153f,-0.15553065920110426f,-0.4731211204563609f,-0.21557809529887662f,0f,0f,0f,1f],start_interpolation:0}
execute if entity @s[tag=aj.lexiel.bone.body] run data modify entity @s {} merge value {transformation:[-0.9762960071199334f,0.03448031702222289f,0.21367548811158024f,0.36407010099306514f,0f,0.987229113117374f,-0.15930686806752253f,0.3047888774750742f,-0.216439613938103f,-0.15553065920110426f,-0.9638278412490453f,0.6678990571941263f,0f,0f,0f,1f],start_interpolation:0}
execute if entity @s[tag=aj.lexiel.bone.sword] run data modify entity @s {} merge value {transformation:[-0.5373059962275069f,0.5013557541429096f,-0.8926694442545692f,-0.30684499250258457f,1.0204166906250351f,0.1800533528150358f,-0.5130737082855787f,1.2348680279729969f,-0.08346320393932578f,-1.0262247611648525f,-0.5261280221204f,0.46655147736025937f,0f,0f,0f,1f],start_interpolation:0}
execute if entity @s[tag=aj.lexiel.bone.rod] run data modify entity @s {} merge value {transformation:[-0.0000023488940014239085f,0.000003960085876413822f,-0.000008876959886216825f,-0.206762782744413f,0.000009719282223568298f,0.0000010837873809313297f,-0.000002088290681769013f,1.2596344611884949f,1.3509266709953703e-7f,-0.000009118285187707271f,-0.000004103489394032129f,0.4248804373014031f,0f,0f,0f,1f],start_interpolation:0}
execute if entity @s[tag=aj.lexiel.bone.right_hand] run data modify entity @s {} merge value {transformation:[-0.23488940014239082f,-0.3476754954571595f,-0.9077162109158164f,-0.4146415416391197f,0.9719282223568297f,-0.07102910957465966f,-0.22429979085884988f,1.2306030535420214f,0.0135092667099537f,-0.9349206466067856f,0.3545996111973468f,0.055721055090489f,0f,0f,0f,1f],start_interpolation:0}
execute if entity @s[tag=aj.lexiel.bone.right_arm] run data modify entity @s {} merge value {transformation:[-0.5045416333539943f,0.3759594602387406f,-0.7772337000346028f,-0.28138728427220094f,0.765829812990024f,0.6105572588227567f,-0.2018031992672719f,1.3974700152681947f,0.3986758554868214f,-0.6970468549214149f,-0.5959725197490362f,-0.17456470755641634f,0f,0f,0f,1f],start_interpolation:0}
execute if entity @s[tag=aj.lexiel.bone.left_hand] run data modify entity @s {} merge value {transformation:[-0.22783532530451173f,0.5526780047624851f,0.8016471091416384f,0.46472489462458316f,-0.9645469178039858f,-0.015485596115130229f,-0.26345671308165564f,1.250522661776391f,-0.1331927471682228f,-0.8332509942176592f,0.5366120318601362f,0.22232626907445113f,0f,0f,0f,1f],start_interpolation:0}
execute if entity @s[tag=aj.lexiel.bone.left_arm] run data modify entity @s {} merge value {transformation:[-0.5431825720059819f,-0.33733735751784905f,0.7688668289709482f,0.35930697040025533f,-0.804776341519161f,0.47023153117377225f,-0.36223935073512414f,1.3974700152681947f,-0.23934856088976372f,-0.8155279359487597f,-0.5269026969822366f,-0.03252621090953628f,0f,0f,0f,1f],start_interpolation:0}
execute if entity @s[tag=aj.lexiel.bone.skirt_right] run data modify entity @s {} merge value {transformation:[-0.9975640502598242f,0.06975529324539684f,-0.0004058244245148794f,-0.21875000000000003f,0.06958991926149208f,0.9955671549252443f,0.06327150362709559f,0.7121219666287559f,0.004817547757298696f,0.06308913613533831f,-0.9979962685978856f,0.12533843988124166f,0f,0f,0f,1f],start_interpolation:0}
execute if entity @s[tag=aj.lexiel.bone.skirt_left] run data modify entity @s {} merge value {transformation:[-0.9961945540018058f,-0.08715738914702861f,-0.000009706526425596597f,0.21874999999999997f,-0.08660830119211145f,0.9899060758787755f,0.1121827219446053f,0.7121219666287559f,-0.009767944602614494f,0.11175665732007886f,-0.9936875951740984f,0.12533843988124171f,0f,0f,0f,1f],start_interpolation:0}
execute if entity @s[tag=aj.lexiel.bone.skirt_back_middle] run data modify entity @s {} merge value {transformation:[-1f,-2.954420332157945e-17f,1.1884754047396918e-16f,1.848281444909323e-17f,0f,0.9704638150094826f,0.2412467279720919f,0.7938965311158828f,-1.2246467991473532e-16f,0.2412467279720919f,-0.9704638150094826f,-0.15092363334441972f,0f,0f,0f,1f],start_interpolation:0}
execute if entity @s[tag=aj.lexiel.bone.skirt_front_middle] run data modify entity @s {} merge value {transformation:[-1f,2.177349514583152e-18f,1.2244532239211884e-16f,-2.7331789183135744e-17f,0f,0.9998419338324328f,-0.017779408039110572f,0.7679981404430143f,-1.2246467991473532e-16f,-0.017779408039110572f,-0.9998419338324328f,0.22318099555043297f,0f,0f,0f,1f],start_interpolation:0}
execute if entity @s[tag=aj.lexiel.bone.skirt] run data modify entity @s {} merge value {transformation:[-1f,-8.457701664158977e-18f,1.221722763526106e-16f,-1.5508113827271544e-17f,0f,0.9976123437196073f,0.06906237512764957f,0.7308271980734986f,-1.2246467991473532e-16f,0.06906237512764957f,-0.9976123437196073f,0.12663335941488513f,0f,0f,0f,1f],start_interpolation:0}
execute if entity @s[tag=aj.lexiel.bone.rightupper] run data modify entity @s {} merge value {transformation:[-0.9977369477846233f,0.045066791761476946f,-0.04989957220008309f,-0.1368489254364877f,0.035717918100978754f,0.9840043177927434f,0.1745271694945219f,0.664570861891895f,0.05696677410522211f,0.1723498965638375f,-0.9833871566186326f,0.016940021454587437f,0f,0f,0f,1f],start_interpolation:0}
execute if entity @s[tag=aj.lexiel.bone.rightfoot] run data modify entity @s {} merge value {transformation:[-0.9946434510154774f,0.10139923085843976f,-0.02006492794251821f,-0.11773407311659495f,0.07785374875554919f,0.8625955887729532f,0.4998676265114099f,0.3393861205929707f,0.06799411119155416f,0.4956279312253895f,-0.8658693634911164f,0.04326887290032738f,0f,0f,0f,1f],start_interpolation:0}
execute if entity @s[tag=aj.lexiel.bone.leftupper] run data modify entity @s {} merge value {transformation:[-0.9935099866512533f,-0.11331818652373785f,0.009843527172609192f,0.13483508995641694f,-0.10342346199828571f,0.9359886703459066f,0.33649486844882365f,0.667696502922375f,-0.047344418176968696f,0.33329296060234054f,-0.9416338505387384f,0.019428928876761918f,0f,0f,0f,1f],start_interpolation:0}
execute if entity @s[tag=aj.lexiel.bone.leftfoot] run data modify entity @s {} merge value {transformation:[-0.9875974505938867f,-0.15686740010861128f,0.006625282154019258f,0.17276292158885068f,-0.14281566424327097f,0.9150615205425885f,0.37718178597201546f,0.35358976892104077f,-0.06523006689563327f,0.37155757616478613f,-0.9261155467690522f,0.035006964622602006f,0f,0f,0f,1f],start_interpolation:0}
execute if entity @s[tag=aj.lexiel.bone.lower] run data modify entity @s {} merge value {transformation:[-1f,-3.2724371365934863e-17f,1.1801149666588828e-16f,0f,0f,0.9636369992397193f,0.2672147707299676f,0.625f,-1.2246467991473532e-16f,0.2672147707299676f,-0.9636369992397193f,0f,0f,0f,0f,1f],start_interpolation:0}