execute if entity @s[tag=aj.lexiel.bone.backhair] run data modify entity @s {} merge value {transformation:[-0.9889787809509536f,0.14804390578558324f,0.0019931855195374215f,0.009788699886922122f,0.14760455872381983f,0.9869171187085075f,-0.06486520672937074f,1.4491018589379867f,-0.011570007463798687f,-0.06385610980827866f,-0.9978920443451991f,-0.324466864286579f,0f,0f,0f,1f],start_interpolation:0}
execute if entity @s[tag=aj.lexiel.bone.head] run data modify entity @s {} merge value {transformation:[-0.9889787809509536f,0.14789721390903326f,-0.006883672472713681f,0.013928069354815338f,0.14760455872381983f,0.981255003277051f,-0.12390122189752967f,1.497345230430722f,-0.011570007463798687f,-0.12355174082828671f,-0.992270679938487f,-0.0628254608783604f,0f,0f,0f,1f],start_interpolation:0}
execute if entity @s[tag=aj.lexiel.bone.ring] run data modify entity @s {} merge value {transformation:[-0.9583680897033628f,0.18708910497682263f,0.21570412939324649f,0.003899859419348284f,0.17305810291770696f,0.9814612728147221f,-0.0823690656704924f,0.9367566645206022f,-0.22711560415975673f,-0.041610536692969824f,-0.972978450729137f,-0.017591129045940956f,0f,0f,0f,1f],start_interpolation:0}
execute if entity @s[tag=aj.lexiel.bone.bust] run data modify entity @s {} merge value {transformation:[-0.9762960071199334f,0.1232915039119085f,0.1778912913686753f,-0.003525594654998354f,0f,0.8218980256523111f,-0.5696346508322971f,1.3942621747654875f,-0.216439613938103f,-0.5561320351247291f,-0.8024157607041079f,0.015902929790766795f,0f,0f,0f,1f],start_interpolation:0}
execute if entity @s[tag=aj.lexiel.bone.left_wing] run data modify entity @s {} merge value {transformation:[-0.8720916243800969f,0.017827928774163632f,-0.4890177539125829f,0.15679973590284416f,0.054837324434412894f,0.9966018949513241f,-0.061461620775121385f,1.1444671958323926f,0.48626028681659694f,-0.08041658992430131f,-0.8701058013425653f,-0.12974961269076113f,0f,0f,0f,1f],start_interpolation:0}
execute if entity @s[tag=aj.lexiel.bone.right_wing] run data modify entity @s {} merge value {transformation:[-0.8190621695221424f,0.017827928774163632f,0.5734277002493903f,-0.08727426587713927f,-0.03157057218499246f,0.9966018949513241f,-0.07607865634553537f,1.1444671958323926f,-0.5728354575526845f,-0.08041658992430131f,-0.8157160723164362f,-0.18385951617528684f,0f,0f,0f,1f],start_interpolation:0}
execute if entity @s[tag=aj.lexiel.bone.body] run data modify entity @s {} merge value {transformation:[-0.9762960071199334f,0.017827928774163632f,0.21570412939324649f,0.37138197447626164f,0f,0.9966018949513241f,-0.0823690656704924f,0.26163358535958414f,-0.216439613938103f,-0.08041658992430131f,-0.972978450729137f,0.6349173272957707f,0f,0f,0f,1f],start_interpolation:0}
execute if entity @s[tag=aj.lexiel.bone.sword] run data modify entity @s {} merge value {transformation:[-1.0120651726402503f,0.03626150647957697f,0.55796348623946f,-0.42098795951674967f,0.35507187604423157f,0.9329870088742956f,0.5834151751662148f,0.6767507347156076f,-0.43192836405020946f,0.6820076296637939f,-0.8277786805114536f,-0.12215770370809968f,0f,0f,0f,1f],start_interpolation:0}
execute if entity @s[tag=aj.lexiel.bone.rod] run data modify entity @s {} merge value {transformation:[-0.000009694122877509919f,4.659000909295752e-7f,0.000002409754913058722f,-0.43578070655783735f,0.0000018203992430429366f,0.00000795027837553696f,0.0000057861230843629755f,0.6960990432277839f,-0.0000016462467104500276f,0.000006047810418386246f,-0.000007791909965572706f,-0.013653703336780648f,0f,0f,0f,1f],start_interpolation:0}
execute if entity @s[tag=aj.lexiel.bone.right_hand] run data modify entity @s {} merge value {transformation:[-0.9694122877509919f,0.20333951536731532f,0.13745129263696895f,-0.3567941978096307f,0.18203992430429364f,0.9713102621396035f,-0.1530288881929872f,1.0965398545070537f,-0.16462467104500275f,-0.12332646168799333f,-0.9786160133223064f,-0.13088568959331692f,0f,0f,0f,1f],start_interpolation:0}
execute if entity @s[tag=aj.lexiel.bone.right_arm] run data modify entity @s {} merge value {transformation:[-0.9798517225672423f,0.10668169691732048f,0.16884791181666758f,-0.2928358011927417f,0.10659501901214585f,0.9942561363715562f,-0.009604020476119884f,1.4039138027790354f,-0.16890264563886628f,0.008587830363161651f,-0.98559532540787f,-0.12292378492861433f,0f,0f,0f,1f],start_interpolation:0}
execute if entity @s[tag=aj.lexiel.bone.left_hand] run data modify entity @s {} merge value {transformation:[-0.9373714616312777f,-0.26228850513312946f,0.22921492751186626f,0.4259071272383938f,-0.23738679314742955f,0.9625843602572021f,0.13068611183829917f,1.1029790229767549f,-0.2549161692761392f,0.0680888350852127f,-0.9645629358306888f,-0.01255408727797322f,0f,0f,0f,1f],start_interpolation:0}
execute if entity @s[tag=aj.lexiel.bone.left_arm] run data modify entity @s {} merge value {transformation:[-0.951354508569727f,-0.24975575602777364f,0.1804069326690314f,0.34785845347971456f,-0.22453641620737697f,0.9629912953672977f,0.14910118323997845f,1.4039138027790354f,-0.21096918452892782f,0.10134015678796468f,-0.9722253729467206f,0.019114711718265745f,0f,0f,0f,1f],start_interpolation:0}
execute if entity @s[tag=aj.lexiel.bone.skirt_right] run data modify entity @s {} merge value {transformation:[-0.9993526589324937f,0.035975706342076884f,-0.00010787837444916075f,-0.21875f,0.035162410086729934f,0.9761176311158802f,-0.21437811255259948f,0.7119608971479615f,-0.007607102040045079f,-0.21424313006001156f,-0.9767507426261018f,0.08113372100103752f,0f,0f,0f,1f],start_interpolation:0}
execute if entity @s[tag=aj.lexiel.bone.skirt_left] run data modify entity @s {} merge value {transformation:[-0.9989885491559676f,-0.04496530336643698f,-0.000012182744786595764f,0.21875f,-0.04431782202419324f,0.9846492774968821f,-0.16882455679165836f,0.7119608971479615f,0.007603243142693236f,-0.16865325913848284f,-0.9856461174659396f,0.08113372100103758f,0f,0f,0f,1f],start_interpolation:0}
execute if entity @s[tag=aj.lexiel.bone.skirt_back_middle] run data modify entity @s {} merge value {transformation:[-1f,4.716843136512933e-18f,1.223738093606802e-16f,2.5346822028622798e-17f,0f,0.9992579856157844f,-0.03851594712693476f,0.713577346861382f,-1.2246467991473532e-16f,-0.03851594712693476f,-0.9992579856157844f,-0.20697250869614195f,0f,0f,0f,1f],start_interpolation:0}
execute if entity @s[tag=aj.lexiel.bone.skirt_front_middle] run data modify entity @s {} merge value {transformation:[-1f,3.1844063140774684e-17f,1.1825207596192522e-16f,-1.9539029849767035e-17f,0f,0.9656014782732206f,-0.2600265085651288f,0.7928711461988278f,-1.2246467991473532e-16f,-0.2600265085651288f,-0.9656014782732206f,0.15954828660288722f,0f,0f,0f,1f],start_interpolation:0}
execute if entity @s[tag=aj.lexiel.bone.skirt] run data modify entity @s {} merge value {transformation:[-1f,2.589517268022282e-17f,1.1969560500903956e-16f,-9.450480684929323e-18f,0f,0.9773887874640779f,-0.21145013156652226f,0.730286936912913f,-1.2246467991473532e-16f,-0.21145013156652226f,-0.9773887874640779f,0.07716903103416525f,0f,0f,0f,1f],start_interpolation:0}
execute if entity @s[tag=aj.lexiel.bone.rightupper] run data modify entity @s {} merge value {transformation:[-0.9989209585086111f,0.002348798831124359f,-0.04638320597251561f,-0.13734755554856556f,0.014979208441989885f,0.961641628206716f,-0.273899620690478f,0.6670679344106888f,0.04396068660393418f,-0.2742988553457473f,-0.9606391601373139f,-0.0014558377210086362f,0f,0f,0f,1f],start_interpolation:0}
execute if entity @s[tag=aj.lexiel.bone.rightfoot] run data modify entity @s {} merge value {transformation:[-0.9976974591454689f,0.060143656012546606f,-0.0313451855333448f,-0.10505371430758322f,0.057796354297466074f,0.995795874583879f,0.07106446082008328f,0.3870113940316901f,0.035487482928451226f,0.06908919454713486f,-0.9969790979515223f,0.1638594488684654f,0f,0f,0f,1f],start_interpolation:0}
execute if entity @s[tag=aj.lexiel.bone.leftupper] run data modify entity @s {} merge value {transformation:[-0.9968381626800307f,-0.07913499873761337f,0.007164453886985819f,0.13517107986766383f,-0.0793033144305515f,0.9852017335912799f,-0.15194909821734986f,0.6695579236427259f,0.004966059305918254f,-0.15203682482719338f,-0.9883623536696629f,-0.0010098656400231165f,0f,0f,0f,1f],start_interpolation:0}
execute if entity @s[tag=aj.lexiel.bone.leftfoot] run data modify entity @s {} merge value {transformation:[-0.9924192488456997f,-0.12277776571490424f,0.005445619027563701f,0.1634208177719769f,-0.12263957941016174f,0.9864814148185965f,-0.10869200421189582f,0.3994921913257755f,0.007972959465337416f,-0.10853588560267165f,-0.9940605582427099f,0.16211796304493406f,0f,0f,0f,1f],start_interpolation:0}
execute if entity @s[tag=aj.lexiel.bone.lower] run data modify entity @s {} merge value {transformation:[-1f,2.0560200084118053e-17f,1.2072645111623055e-16f,0f,0f,0.9858062847205008f,-0.16788677436165975f,0.625f,-1.2246467991473532e-16f,-0.16788677436165975f,-0.9858062847205008f,0f,0f,0f,0f,1f],start_interpolation:0}