execute if entity @s[tag=aj.lexiel.bone.backhair] run data modify entity @s {} merge value {transformation:[-0.9886792077028994f,0.1500293542597084f,0.0021487476310772836f,0.01106780187014871f,0.1494873394978186f,0.9861385987493809f,-0.07200138461495922f,1.4448585271643895f,-0.012921284217563805f,-0.07086506132800768f,-0.9974022175116449f,-0.3308504314225789f,0f,0f,0f,1f],start_interpolation:0}
execute if entity @s[tag=aj.lexiel.bone.head] run data modify entity @s {} merge value {transformation:[-0.9886792077028994f,0.14983857526400057f,-0.00786292686100934f,0.015497619556104325f,0.1494873394978186f,0.979140113039889f,-0.13761603963963348f,1.4967118519599154f,-0.012921284217563805f,-0.1372335250552419f,-0.990454441160764f,-0.06990524431823913f,0f,0f,0f,1f],start_interpolation:0}
execute if entity @s[tag=aj.lexiel.bone.ring] run data modify entity @s {} merge value {transformation:[-0.9580192263021333f,0.18906760764174585f,0.21552865650787298f,0.004339333475709195f,0.17291732209565386f,0.9806628650980614f,-0.09165121241385354f,0.9365793185487764f,-0.2286892252702994f,-0.05053498548815705f,-0.9721869436929207f,-0.01957346840910701f,0f,0f,0f,1f],start_interpolation:0}
execute if entity @s[tag=aj.lexiel.bone.bust] run data modify entity @s {} merge value {transformation:[-0.9762960071199334f,0.12494363351316573f,0.1767348152634415f,-0.00216316936825367f,0f,0.816554844317842f,-0.5772678634923868f,1.394384623577773f,-0.216439613938103f,-0.563584310166272f,-0.797199234101948f,0.009757426464242935f,0f,0f,0f,1f],start_interpolation:0}
execute if entity @s[tag=aj.lexiel.bone.left_wing] run data modify entity @s {} merge value {transformation:[-0.8680051732702747f,0.019836953031813535f,-0.4961587593406509f,0.15765674990489426f,0.06156598139284594f,0.9957911705086919f,-0.0678938485583565f,1.142952235545821f,0.492723704636966f,-0.08947871272734609f,-0.8655731689796542f,-0.13361535303756622f,0f,0f,0f,1f],start_interpolation:0}
execute if entity @s[tag=aj.lexiel.bone.right_wing] run data modify entity @s {} merge value {transformation:[-0.8136044334690252f,0.019836953031813535f,0.5810803052366861f,-0.08641725187508914f,-0.03593695425249674f,0.9957911705086919f,-0.08431180259004821f,1.142952235545821f,-0.5803071265791939f,-0.08947871272734609f,-0.8094672314615686f,-0.18772525652209193f,0f,0f,0f,1f],start_interpolation:0}
execute if entity @s[tag=aj.lexiel.bone.body] run data modify entity @s {} merge value {transformation:[-0.9762960071199334f,0.019836953031813535f,0.21552865650787298f,0.3704651987901234f,0f,0.9957911705086919f,-0.09165121241385354f,0.2666800209525808f,-0.216439613938103f,-0.08947871272734609f,-0.9721869436929207f,0.6390526351791849f,0f,0f,0f,1f],start_interpolation:0}
execute if entity @s[tag=aj.lexiel.bone.sword] run data modify entity @s {} merge value {transformation:[-1.0070377950894949f,0.057326602724332994f,0.565245612438854f,-0.4324966619015267f,0.37261291619989556f,0.9350383084610472f,0.5690140937545511f,0.6786506357522493f,-0.4288922433925546f,0.6777396881033232f,-0.8328471775946122f,-0.12342212002063113f,0f,0f,0f,1f],start_interpolation:0}
execute if entity @s[tag=aj.lexiel.bone.rod] run data modify entity @s {} merge value {transformation:[-0.000009662916324502341f,6.878799193403951e-7f,0.0000024809009093944925f,-0.4460538614606273f,0.000002017951654817199f,0.000008007778325367195f,0.000005639446551799205f,0.6995888596980597f,-0.0000015987242490456866f,0.0000059499838242089075f,-0.000007876660032473514f,-0.015051706112184982f,0f,0f,0f,1f],start_interpolation:0}
execute if entity @s[tag=aj.lexiel.bone.right_hand] run data modify entity @s {} merge value {transformation:[-0.9662916324502341f,0.22406664120923667f,0.1267857300877069f,-0.35900993549627613f,0.20179516548171988f,0.9650045255022107f,-0.16746634571894886f,1.096764954364722f,-0.15987242490456866f,-0.1362365812014689f,-0.9776913632111458f,-0.13756565170361224f,0f,0f,0f,1f],start_interpolation:0}
execute if entity @s[tag=aj.lexiel.bone.right_arm] run data modify entity @s {} merge value {transformation:[-0.9791971768476029f,0.11825736545337982f,0.1648880965070253f,-0.2914545970156074f,0.1183542177489433f,0.992928142926906f,-0.009272654677143444f,1.4033564297247256f,-0.16481859116835101f,0.010435444396459645f,-0.9862686923478451f,-0.12915399435570762f,0f,0f,0f,1f],start_interpolation:0}
execute if entity @s[tag=aj.lexiel.bone.left_hand] run data modify entity @s {} merge value {transformation:[-0.9346595161990129f,-0.2692180405138165f,0.232235301882656f,0.4290449917839441f,-0.24372132783343944f,0.9607085463112176f,0.13281190987141236f,1.102959229736363f,-0.25886580140631243f,0.06753321928124062f,-0.9635495634142436f,-0.019501928262601644f,0f,0f,0f,1f],start_interpolation:0}
execute if entity @s[tag=aj.lexiel.bone.left_arm] run data modify entity @s {} merge value {transformation:[-0.9502910465246945f,-0.2553770692067048f,0.1781277053644236f,0.3492396576568489f,-0.22981082980206152f,0.96127103996276f,0.1521347108144679f,1.4033564297247256f,-0.21008072115424797f,0.10363657777207713f,-0.9721756787469039f,0.01288450229117246f,0f,0f,0f,1f],start_interpolation:0}
execute if entity @s[tag=aj.lexiel.bone.skirt_right] run data modify entity @s {} merge value {transformation:[-0.9991981275974783f,0.04003853081022539f,-0.00013362728839140186f,-0.21875f,0.03917140612951207f,0.9768564407237178f,-0.2102786131741091f,0.7123500917617285f,-0.008288712054981448f,-0.2101152309261478f,-0.977641492053872f,0.08174534962475309f,0f,0f,0f,1f],start_interpolation:0}
execute if entity @s[tag=aj.lexiel.bone.skirt_left] run data modify entity @s {} merge value {transformation:[-0.9987471164398473f,-0.050041954878643706f,-0.000012450459484297601f,0.21875f,-0.04935925417195514f,0.9851625383350934f,-0.16437285995183032f,0.7123500917617285f,0.008237804967252103f,-0.16416630535246712f,-0.9863982779568514f,0.08174534962475315f,0f,0f,0f,1f],start_interpolation:0}
execute if entity @s[tag=aj.lexiel.bone.skirt_back_middle] run data modify entity @s {} merge value {transformation:[-1f,4.16204642922494e-18f,1.2239393447446467e-16f,2.5270659200893863e-17f,0f,0.9994223196408963f,-0.03398568821739231f,0.7152725757686351f,-1.2246467991473532e-16f,-0.03398568821739231f,-0.9994223196408963f,-0.2063505920114132f,0f,0f,0f,1f],start_interpolation:0}
execute if entity @s[tag=aj.lexiel.bone.skirt_front_middle] run data modify entity @s {} merge value {transformation:[-1f,3.13895563783308e-17f,1.1837353410703834e-16f,-1.965875222947649e-17f,0f,0.9665932592928393f,-0.25631517920257035f,0.7929040384336008f,-1.2246467991473532e-16f,-0.25631517920257035f,-0.9665932592928393f,0.16052589402237177f,0f,0f,0f,1f],start_interpolation:0}
execute if entity @s[tag=aj.lexiel.bone.skirt] run data modify entity @s {} merge value {transformation:[-1f,2.535229927087397e-17f,1.1981176381432093e-16f,-9.535562464984635e-18f,0f,0.9783372960900933f,-0.20701723377324163f,0.7306939160634178f,-1.2246467991473532e-16f,-0.20701723377324163f,-0.9783372960900933f,0.07786377649150483f,0f,0f,0f,1f],start_interpolation:0}
execute if entity @s[tag=aj.lexiel.bone.rightupper] run data modify entity @s {} merge value {transformation:[-0.9988732371574868f,0.007479392961433698f,-0.04686485646464354f,-0.1372909658827389f,0.01962217826461195f,0.9642301741623437f,-0.26433906513228056f,0.6671942094861572f,0.04321141296781414f,-0.2649608082637595f,-0.963290477412468f,-0.0011134534193129805f,0f,0f,0f,1f],start_interpolation:0}
execute if entity @s[tag=aj.lexiel.bone.rightfoot] run data modify entity @s {} merge value {transformation:[-0.9974248376855995f,0.0651228707256489f,-0.030045047450551334f,-0.10657200607368507f,0.06251265945981808f,0.9947615601747175f,0.08088019415173675f,0.38538833582829685f,0.0351548087054428f,0.07879371870404545f,-0.9962708915338597f,0.1615076310265598f,0f,0f,0f,1f],start_interpolation:0}
execute if entity @s[tag=aj.lexiel.bone.leftupper] run data modify entity @s {} merge value {transformation:[-0.9965025006541143f,-0.0832084796306097f,0.007688634967234948f,0.13513858627170178f,-0.08347567279198569f,0.9870349476704104f,-0.1370905690745918f,0.6698480446700708f,0.0038181464118502307f,-0.13725290887566827f,-0.9905286774057303f,-0.0005940218478101417f,0f,0f,0f,1f],start_interpolation:0}
execute if entity @s[tag=aj.lexiel.bone.leftfoot] run data modify entity @s {} merge value {transformation:[-0.9919047925385138f,-0.1268516712006621f,0.005791032095135802f,0.16451758014064755f,-0.12683355413387543f,0.9874827786141488f,-0.09376039401713931f,0.3974866286746508f,0.006175118209158267f,-0.09373588135862933f,-0.9955779489628243f,0.1584674544938356f,0f,0f,0f,1f],start_interpolation:0}
execute if entity @s[tag=aj.lexiel.bone.lower] run data modify entity @s {} merge value {transformation:[-1f,1.9565818578519386e-17f,1.2089159015403447e-16f,0f,0f,0.9871547472969667f,-0.15976703317349844f,0.625f,-1.2246467991473532e-16f,-0.15976703317349844f,-0.9871547472969667f,0f,0f,0f,0f,1f],start_interpolation:0}