execute if entity @s[tag=aj.lexiel.bone.backhair] run data modify entity @s {} merge value {transformation:[-0.9777031928228763f,0.20992681845337252f,0.005215135472665312f,0.045609217559080484f,0.2004965111499868f,0.9405904762931306f,-0.2740268324878877f,1.293290165396948f,-0.06243088787320497f,-0.2668712925751035f,-0.9617079065073016f,-0.5009622448741865f,0f,0f,0f,1f],start_interpolation:0}
execute if entity @s[tag=aj.lexiel.bone.head] run data modify entity @s {} merge value {transformation:[-0.9777031928228763f,0.20340021426608004f,-0.05219980441022942f,0.06265291895345518f,0.2004965111499868f,0.8302902490436744f,-0.5200185105933022f,1.4443933674146012f,-0.06243088787320497f,-0.5188896368010311f,-0.8525584607872104f,-0.28260905430259986f,0f,0f,0f,1f],start_interpolation:0}
execute if entity @s[tag=aj.lexiel.bone.ring] run data modify entity @s {} merge value {transformation:[-0.947538033588292f,0.24850940532766333f,0.20103420198395047f,0.01754281730696744f,0.16128850993617955f,0.9147125941142854f,-0.37052245104889564f,0.9219301428760884f,-0.27596683037314385f,-0.31865960778298447f,-0.9068066844159206f,-0.0791305352047279f,0f,0f,0f,1f],start_interpolation:0}
execute if entity @s[tag=aj.lexiel.bone.bust] run data modify entity @s {} merge value {transformation:[-0.9762960071199334f,0.1699686458686981f,0.13400285781742183f,0.039432177032375004f,0f,0.6191235300195264f,-0.7852936104261645f,1.3694345971456965f,-0.216439613938103f,-0.766679016275861f,-0.604447830272062f,-0.1778670562578415f,0f,0f,0f,1f],start_interpolation:0}
execute if entity @s[tag=aj.lexiel.bone.left_wing] run data modify entity @s {} merge value {transformation:[-0.8528811131880383f,0.08019573626042263f,-0.5159093434439634f,0.18225191075192038f,0.25177321726726515f,0.9288235102906895f,-0.2718402725833164f,1.0787949793710647f,0.45738829656433405f,-0.3617395895073278f,-0.8123671679413483f,-0.2445569542191831f,0f,0f,0f,1f],start_interpolation:0}
execute if entity @s[tag=aj.lexiel.bone.right_wing] run data modify entity @s {} merge value {transformation:[-0.8016634057702776f,0.08019573626042263f,0.5923718660895771f,-0.06182209102806302f,-0.15557083566360924f,0.9288235102906895f,-0.3362805403561252f,1.0787949793710647f,-0.5771771815826796f,-0.3617395895073278f,-0.7321277009124464f,-0.2986668577037088f,0f,0f,0f,1f],start_interpolation:0}
execute if entity @s[tag=aj.lexiel.bone.body] run data modify entity @s {} merge value {transformation:[-0.9762960071199334f,0.08019573626042263f,0.20103420198395047f,0.3475330344377801f,0f,0.9288235102906895f,-0.37052245104889564f,0.4395994703791031f,-0.216439613938103f,-0.3617395895073278f,-0.9068066844159206f,0.7424929439306758f,0f,0f,0f,1f],start_interpolation:0}
execute if entity @s[tag=aj.lexiel.bone.sword] run data modify entity @s {} merge value {transformation:[-0.6625317024228956f,0.7135403330117078f,0.6235591382941642f,-0.7253294762683603f,0.8731715694384153f,0.755286136994514f,0.06346907978188063f,0.8600860994901104f,-0.3681537940984367f,0.5072643363468846f,-0.9716273665667722f,-0.15672907129942767f,0f,0f,0f,1f],start_interpolation:0}
execute if entity @s[tag=aj.lexiel.bone.rod] run data modify entity @s {} merge value {transformation:[-0.000006308008540131184f,0.0000074802961011788005f,0.0000020625708463762676f,-0.6811161255655107f,0.00000773261572247034f,0.0000062809109057062895f,8.699495865763166e-7f,0.9038397044108839f,-6.44734322210761e-7f,0.0000021436717177005074f,-0.000009746229487370714f,-0.06454905628184471f,0f,0f,0f,1f],start_interpolation:0}
execute if entity @s[tag=aj.lexiel.bone.right_hand] run data modify entity @s {} merge value {transformation:[-0.6308008540131184f,0.6747825930577157f,-0.3830910266276487f,-0.4325544412929204f,0.773261572247034f,0.5056421945412003f,-0.382612744149491f,1.1034210847605466f,-0.0644734322210761f,-0.5375820153296278f,-0.8407429769743963f,-0.3451190543493939f,0f,0f,0f,1f],start_interpolation:0}
execute if entity @s[tag=aj.lexiel.bone.right_arm] run data modify entity @s {} merge value {transformation:[-0.8554566383554478f,0.498763160954797f,0.1393888416193197f,-0.24995793354593862f,0.5051042770707534f,0.8629746791128439f,0.012015510597367829f,1.3573161633248492f,-0.11429614682231429f,0.08068464838160477f,-0.9901648238233414f,-0.31633334714194505f,0f,0f,0f,1f],start_interpolation:0}
execute if entity @s[tag=aj.lexiel.bone.left_hand] run data modify entity @s {} merge value {transformation:[-0.8353535665528575f,-0.46731852706568255f,0.28947851925243356f,0.5219686797752184f,-0.4340119175396887f,0.8838612578092175f,0.17442170844659968f,1.0784396713587412f,-0.3373693440147505f,0.020066669007811344f,-0.9411584640824243f,-0.22589155845377162f,0f,0f,0f,1f],start_interpolation:0}
execute if entity @s[tag=aj.lexiel.bone.left_arm] run data modify entity @s {} merge value {transformation:[-0.9061338874166291f,-0.4199435476758425f,0.05068327969513392f,0.3907363211265176f,-0.4021309380567707f,0.8924047742915456f,0.2047057094446494f,1.3573161633248492f,-0.1311948426303775f,0.1651094654678612f,-0.9775105000357325f,-0.174294850495065f,0f,0f,0f,1f],start_interpolation:0}
execute if entity @s[tag=aj.lexiel.bone.skirt_right] run data modify entity @s {} merge value {transformation:[-0.9863144867719759f,0.16485919656809767f,-0.002275629727186915f,-0.21875f,0.16474295492644161f,0.9848792060622185f,-0.05359765170563601f,0.7159661692483769f,-0.006594845399124452f,-0.05323903429980272f,-0.9985600198490755f,0.10693122670769108f,0f,0f,0f,1f],start_interpolation:0}
execute if entity @s[tag=aj.lexiel.bone.skirt_left] run data modify entity @s {} merge value {transformation:[-0.97864352970565f,-0.2055646895977267f,0.000012484260857848615f,0.21875f,-0.20556347608960696f,0.9786379575890322f,0.003377168033336049f,0.7159661692483769f,-0.0007064440700400212f,0.003302477336494726f,-0.9999942972738484f,0.10693122670769113f,0f,0f,0f,1f],start_interpolation:0}
execute if entity @s[tag=aj.lexiel.bone.skirt_back_middle] run data modify entity @s {} merge value {transformation:[-1f,-1.6424693408626233e-17f,1.2135826001163334e-16f,2.1626483156116278e-17f,0f,0.9909653958686513f,0.1341177996795627f,0.7671664085299631f,-1.2246467991473532e-16f,0.1341177996795627f,-0.9909653958686513f,-0.17659363639519154f,0f,0f,0f,1f],start_interpolation:0}
execute if entity @s[tag=aj.lexiel.bone.skirt_front_middle] run data modify entity @s {} merge value {transformation:[-1f,1.3838701808425313e-17f,1.2168027021204407e-16f,-2.426101938038644e-17f,0f,0.9935948086971903f,-0.11300157578544569f,0.7821660658482911f,-1.2246467991473532e-16f,-0.11300157578544569f,-0.9935948086971903f,0.1981062572268013f,0f,0f,0f,1f],start_interpolation:0}
execute if entity @s[tag=aj.lexiel.bone.skirt] run data modify entity @s {} merge value {transformation:[-1f,4.898475286186009e-18f,1.2236667343067392e-16f,-1.3003452040031399e-17f,0f,0.9991997163253142f,-0.03999908618220793f,0.7347011639294766f,-1.2246467991473532e-16f,-0.03999908618220793f,-0.9991997163253142f,0.1061812438417747f,0f,0f,0f,1f],start_interpolation:0}
execute if entity @s[tag=aj.lexiel.bone.rightupper] run data modify entity @s {} merge value {transformation:[-0.9846987117992212f,0.16575954337492113f,-0.05377937114816249f,-0.1351285804986203f,0.16292492650885376f,0.9851912446910113f,0.05341984374986976f,0.66925765394075f,0.06183781450729611f,0.0438404512330057f,-0.9971229109456103f,0.01095593522212937f,0f,0f,0f,1f],start_interpolation:0}
execute if entity @s[tag=aj.lexiel.bone.rightfoot] run data modify entity @s {} merge value {transformation:[-0.9763531502456073f,0.2154815445171074f,0.01738476281116018f,-0.1540377184678788f,0.20543251904064957f,0.8997587366678916f,0.3850086958893433f,0.350110969850791f,0.06732017621851258f,0.37947584872073414f,-0.9227491935036232f,0.078717728009919f,0f,0f,0f,1f],start_interpolation:0}
execute if entity @s[tag=aj.lexiel.bone.leftupper] run data modify entity @s {} merge value {transformation:[-0.9774318978221287f,-0.2112180183422201f,-0.00371938804340307f,0.13307067801979705f,-0.2002867909637172f,0.9209608728198879f,0.3342398421796638f,0.6759345650480614f,-0.06717206625739659f,0.32744162756499945f,-0.9424807128277459f,0.015803910288588005f,0f,0f,0f,1f],start_interpolation:0}
execute if entity @s[tag=aj.lexiel.bone.leftfoot] run data modify entity @s {} merge value {transformation:[-0.967325300959945f,-0.2532899610923739f,-0.011223089261677748f,0.20122580151238226f,-0.23894113574468745f,0.8959352508664877f,0.3744424654120345f,0.367077616590504f,-0.0847873562023885f,0.36488932824162923f,-0.9271822271611886f,0.033316305640503904f,0f,0f,0f,1f],start_interpolation:0}
execute if entity @s[tag=aj.lexiel.bone.lower] run data modify entity @s {} merge value {transformation:[-1f,-1.3188252517690787e-17f,1.217524858972013e-16f,0f,0f,0.994184494516869f,0.10769025425839485f,0.625f,-1.2246467991473532e-16f,0.10769025425839485f,-0.994184494516869f,0f,0f,0f,0f,1f],start_interpolation:0}