execute if entity @s[tag=aj.lexiel.bone.backhair] run data modify entity @s {} merge value {transformation:[-0.9746141427497673f,0.22367495774480786f,0.009837989123516126f,0.05345487882715271f,0.21046545208445266f,0.9302733366054152f,-0.30049261668120064f,1.2554374707407785f,-0.07636469230621543f,-0.2907937971809f,-0.9537334015803843f,-0.5371624934769444f,0f,0f,0f,1f],start_interpolation:0}
execute if entity @s[tag=aj.lexiel.bone.head] run data modify entity @s {} merge value {transformation:[-0.9746141427497673f,0.2150108369149565f,-0.062430863851671764f,0.07339762136454922f,0.21046545208445266f,0.7847239108154055f,-0.5830203060558548f,1.4225635506433556f,-0.07636469230621543f,-0.5813593757768989f,-0.8100553746289642f,-0.3310752748376399f,0f,0f,0f,1f],start_interpolation:0}
execute if entity @s[tag=aj.lexiel.bone.ring] run data modify entity @s {} merge value {transformation:[-0.9451498121569193f,0.2620536821126289f,0.19498641047763637f,0.02055133398207387f,0.15643640382273344f,0.8871949329262426f,-0.43406543579166773f,0.9158177941801396f,-0.2867394010922648f,-0.3797538922528813f,-0.8795268598400143f,-0.09270107695453922f,0f,0f,0f,1f],start_interpolation:0}
execute if entity @s[tag=aj.lexiel.bone.bust] run data modify entity @s {} merge value {transformation:[-0.9762960071199334f,0.17885538722800354f,0.12188870719306187f,0.04910730612043229f,0f,0.5631534125168018f,-0.826352366712095f,1.355228106750812f,-0.21643961393810296f,-0.8067645160951253f,-0.5498044280361183f,-0.22150874330936932f,0f,0f,0f,1f],start_interpolation:0}
execute if entity @s[tag=aj.lexiel.bone.left_wing] run data modify entity @s {} merge value {transformation:[-0.9004387195180403f,0.093948955346623f,-0.42471603005065683f,0.18751297016384386f,0.2584763338374885f,0.9008813448234954f,-0.34871591216195114f,1.0586274088863208f,0.3498572526597717f,-0.42377635179217904f,-0.8354720261164152f,-0.26828805964681746f,0f,0f,0f,1f],start_interpolation:0}
execute if entity @s[tag=aj.lexiel.bone.right_wing] run data modify entity @s {} merge value {transformation:[-0.865589338784018f,0.093948955346623f,0.49186247099440816f,-0.05656103161613957f,-0.1363826877887703f,0.9008813448234954f,-0.4120832015752659f,1.0586274088863208f,-0.481824510641538f,-0.42377635179217904f,-0.7669802765435065f,-0.32239796313134306f,0f,0f,0f,1f],start_interpolation:0}
execute if entity @s[tag=aj.lexiel.bone.body] run data modify entity @s {} merge value {transformation:[-0.9762960071199334f,0.093948955346623f,0.19498641047763637f,0.34368032064783705f,0f,0.9008813448234954f,-0.43406543579166773f,0.4853420454840862f,-0.21643961393810296f,-0.42377635179217904f,-0.8795268598400143f,0.7598714127851481f,0f,0f,0f,1f],start_interpolation:0}
execute if entity @s[tag=aj.lexiel.bone.sword] run data modify entity @s {} merge value {transformation:[-0.5006576224991526f,0.8947907674354191f,0.5344207051058464f,-0.7646917139319979f,0.9815699048458472f,0.6041345472350588f,-0.09195669218716591f,0.9512040519571968f,-0.3503948193601196f,0.4138659128865583f,-1.0212015174372613f,-0.14601726885741728f,0f,0f,0f,1f],start_interpolation:0}
execute if entity @s[tag=aj.lexiel.bone.rod] run data modify entity @s {} merge value {transformation:[-0.000004485409346888913f,0.00000890274489388353f,7.888195898127592e-7f,-0.6992569645811644f,0.000008925707410444887f,0.000004507507674226713f,-1.1883513755000762e-7f,0.9883199024196833f,-4.61356926869867e-7f,6.507748621590197e-7f,-0.000009968131312578658f,-0.06412062231790344f,0f,0f,0f,1f],start_interpolation:0}
execute if entity @s[tag=aj.lexiel.bone.right_hand] run data modify entity @s {} merge value {transformation:[-0.4485409346888912f,0.6852970966728346f,-0.573741160454956f,-0.4556963364813337f,0.8925707410444887f,0.31032601110912644f,-0.3271318374300958f,1.1114035606022155f,-0.046135692686986696f,-0.6588365928823946f,-0.7508700564940712f,-0.3894877927797521f,0f,0f,0f,1f],start_interpolation:0}
execute if entity @s[tag=aj.lexiel.bone.right_arm] run data modify entity @s {} merge value {transformation:[-0.7791853321234264f,0.6107014381705623f,0.14111687220213115f,-0.24050259542417587f,0.6167909447985539f,0.787126659164456f,-0.0007435368918163876f,1.338105924566153f,-0.11153093121736612f,0.0864602558925732f,-0.9899926643833166f,-0.35898362121278027f,0f,0f,0f,1f],start_interpolation:0}
execute if entity @s[tag=aj.lexiel.bone.left_hand] run data modify entity @s {} merge value {transformation:[-0.7923139785412792f,-0.5178385163288609f,0.32261715765658455f,0.5471645168247119f,-0.5043428359063317f,0.8534633480554622f,0.13129591538170643f,1.0662694714607759f,-0.34333200153502796f,-0.05868206312226293f,-0.9373790867038085f,-0.26342277402137537f,0f,0f,0f,1f],start_interpolation:0}
execute if entity @s[tag=aj.lexiel.bone.left_arm] run data modify entity @s {} merge value {transformation:[-0.8824206128541001f,-0.4703131442445811f,0.011807131784233788f,0.4001916592482804f,-0.4612896559693007f,0.869876649937207f,0.17471825087765175f,1.338105924566153f,-0.0924430381690183f,0.1487284782575205f,-0.9845476750514845f,-0.2169451245659002f,0f,0f,0f,1f],start_interpolation:0}
execute if entity @s[tag=aj.lexiel.bone.skirt_right] run data modify entity @s {} merge value {transformation:[-0.980867520000101f,0.19465047134188562f,-0.003178398218144014f,-0.21875000000000003f,0.1946670536428969f,0.9808497468747017f,-0.006205826441901475f,0.7161207071541961f,0.0019095640457515f,-0.006705823008048879f,-0.9999756924560415f,0.11654633665135294f,0f,0f,0f,1f],start_interpolation:0}
execute if entity @s[tag=aj.lexiel.bone.skirt_left] run data modify entity @s {} merge value {transformation:[-0.9701591130000183f,-0.24246916384579473f,0.00000685118672445923f,0.21874999999999997f,-0.24212379646379104f,0.9687787479583626f,0.05332733529989754f,0.7161207071541961f,-0.012936871684387442f,0.051734341477863155f,-0.9985770852882984f,0.116546336651353f,0f,0f,0f,1f],start_interpolation:0}
execute if entity @s[tag=aj.lexiel.bone.skirt_back_middle] run data modify entity @s {} merge value {transformation:[-1f,-2.2447741196277124e-17f,1.2038977008784234e-16f,2.0093646564619866e-17f,0f,0.9830570754903567f,0.18329971720749297f,0.7813764571316126f,-1.2246467991473532e-16f,0.18329971720749297f,-0.9830570754903567f,-0.1640770757626594f,0f,0f,0f,1f],start_interpolation:0}
execute if entity @s[tag=aj.lexiel.bone.skirt_front_middle] run data modify entity @s {} merge value {transformation:[-1f,8.615333185176891e-18f,1.2216126170241926e-16f,-2.5828399054381417e-17f,0f,0.9975224022752738f,-0.07034953417732541f,0.7776981147830869f,-1.2246467991473532e-16f,-0.07034953417732541f,-0.9975224022752738f,0.21090488353347392f,0f,0f,0f,1f],start_interpolation:0}
execute if entity @s[tag=aj.lexiel.bone.skirt] run data modify entity @s {} merge value {transformation:[-1f,-1.2012453822107081e-18f,1.2245878831733676e-16f,-1.4295333164159377e-17f,0f,0.9999518914563557f,0.009808912929401892f,0.7348698051190028f,-1.2246467991473532e-16f,0.009808912929401892f,-0.9999518914563557f,0.11673025376877925f,0f,0f,0f,1f],start_interpolation:0}
execute if entity @s[tag=aj.lexiel.bone.rightupper] run data modify entity @s {} merge value {transformation:[-0.97761660163929f,0.203572056996146f,-0.05314318215541735f,-0.13449383271931306f,0.19385319674917192f,0.9697201520948885f,0.14853876507899688f,0.6689003909775701f,0.08177235663335636f,0.13491198698197454f,-0.9874776136496478f,0.014857821434980774f,0f,0f,0f,1f],start_interpolation:0}
execute if entity @s[tag=aj.lexiel.bone.rightfoot] run data modify entity @s {} merge value {transformation:[-0.9676351972310692f,0.2504636603194447f,0.030823366768989093f,-0.1655580787716733f,0.23531160877998702f,0.8514099051113586f,0.46875326159040387f,0.3457661510842486f,0.09116233790861314f,0.46083525075416387f,-0.8827911983076082f,0.05258178798060804f,0f,0f,0f,1f],start_interpolation:0}
execute if entity @s[tag=aj.lexiel.bone.leftupper] run data modify entity @s {} merge value {transformation:[-0.9702899384577871f,-0.2415065108067633f,-0.014561612737825858f,0.13227257471359677f,-0.2213532357339984f,0.8618025503943278f,0.45639797234860835f,0.6759652540160567f,-0.09767384684588121f,0.4460616205994131f,-0.8896565912027812f,0.021378318737935956f,0f,0f,0f,1f],start_interpolation:0}
execute if entity @s[tag=aj.lexiel.bone.leftfoot] run data modify entity @s {} merge value {transformation:[-0.9589120618771989f,-0.2827377418522652f,-0.023388606600240756f,0.210564043536868f,-0.25696877887636377f,0.8306562853962636f,0.49394046424085525f,0.3699151249535598f,-0.12022771838976846f,0.4796556106874629f,-0.8691811036066233f,-0.0020350080246027066f,0f,0f,0f,1f],start_interpolation:0}
execute if entity @s[tag=aj.lexiel.bone.lower] run data modify entity @s {} merge value {transformation:[-1f,-2.3248542324322592e-17f,1.2023769419950118e-16f,0f,0f,0.9818152816241821f,0.18983875465570263f,0.625f,-1.2246467991473532e-16f,0.18983875465570263f,-0.9818152816241821f,0f,0f,0f,0f,1f],start_interpolation:0}