execute if entity @s[tag=aj.lexiel.bone.backhair] run data modify entity @s {} merge value {transformation:[-0.9737289370036054f,0.2273102094686456f,0.013491697934248273f,0.05611609822379853f,0.21306011776741832f,0.9303905961234846f,-0.2982930184599041f,1.2465013236414644f,-0.08035759739291856f,-0.28758200102980586f,-0.9543789861605976f,-0.5484938539934456f,0f,0f,0f,1f],start_interpolation:0}
execute if entity @s[tag=aj.lexiel.bone.head] run data modify entity @s {} merge value {transformation:[-0.9737289370036054f,0.21875971069784103f,-0.0632150790336091f,0.07632572407175471f,0.21306011776741832f,0.7773031688295285f,-0.5919503103677768f,1.4158834868458665f,-0.08035759739291856f,-0.589867758656947f,-0.8034915580379592f,-0.34428309261862755f,0f,0f,0f,1f],start_interpolation:0}
execute if entity @s[tag=aj.lexiel.bone.ring] run data modify entity @s {} merge value {transformation:[-0.9444989837420357f,0.2657447134696491f,0.19313574752799098f,0.0213712027400913f,0.15495162826416342f,0.8787743522947117f,-0.45138191218445445f,0.9139473763168426f,-0.28967509835770533f,-0.3964030587822754f,-0.8711790587356365f,-0.09639926593321568f,0f,0f,0f,1f],start_interpolation:0}
execute if entity @s[tag=aj.lexiel.bone.bust] run data modify entity @s {} merge value {transformation:[-0.9762960071199334f,0.1811758942547232f,0.1184120003322148f,0.051758490848134664f,0f,0.5470902399875747f,-0.8370736343418888f,1.350727873625703f,-0.216439613938103f,-0.817231646873357f,-0.5341220168341553f,-0.23346746480539593f,0f,0f,0f,1f],start_interpolation:0}
execute if entity @s[tag=aj.lexiel.bone.left_wing] run data modify entity @s {} merge value {transformation:[-0.9080165482816774f,0.09769692681184602f,-0.4073834293858173f,0.18892137481117321f,0.2611786104773272f,0.8923308631627092f,-0.3681458462028699f,1.0527220136106283f,0.32755408938946395f,-0.44068235855184323f,-0.835767537886836f,-0.27464096246612313f,0f,0f,0f,1f],start_interpolation:0}
execute if entity @s[tag=aj.lexiel.bone.right_wing] run data modify entity @s {} merge value {transformation:[-0.8799430421928677f,0.09769692681184602f,0.46492531979650475f,-0.05515262696881018f,-0.129407884960317f,0.8923308631627092f,-0.4324340758513278f,1.0527220136106283f,-0.45711469217960904f,-0.44068235855184323f,-0.7725575817081378f,-0.32875086595064895f,0f,0f,0f,1f],start_interpolation:0}
execute if entity @s[tag=aj.lexiel.bone.body] run data modify entity @s {} merge value {transformation:[-0.9762960071199334f,0.09769692681184602f,0.19313574752799098f,0.34273166639004815f,0f,0.8923308631627092f,-0.45138191218445445f,0.49827552451087265f,-0.216439613938103f,-0.44068235855184323f,-0.8711790587356365f,0.7641505156127913f,0f,0f,0f,1f],start_interpolation:0}
execute if entity @s[tag=aj.lexiel.bone.sword] run data modify entity @s {} merge value {transformation:[-0.4357391489463263f,0.9614533371039452f,0.4718611418068015f,-0.7701372744574349f,1.0149846030606733f,0.5333028003824378f,-0.14936010563070984f,0.989935835343379f,-0.34183579702146233f,0.35792410672646346f,-1.0449653985653136f,-0.1312657652460264f,0f,0f,0f,1f],start_interpolation:0}
execute if entity @s[tag=aj.lexiel.bone.rod] run data modify entity @s {} merge value {transformation:[-0.0000037132634274517647f,0.000009284406452565482f,1.0710528422826554e-7f,-0.6963938165709643f,0.000009276639393936501f,0.0000037145645139740543f,-3.8206285659576576e-7f,1.0227078199342243f,-3.9450763391167574e-7f,-4.251229334141318e-8f,-0.00000999212472058372f,-0.05475267527116101f,0f,0f,0f,1f],start_interpolation:0}
execute if entity @s[tag=aj.lexiel.bone.right_hand] run data modify entity @s {} merge value {transformation:[-0.37132634274517645f,0.6640801634679908f,-0.648933188912247f,-0.46536168636950814f,0.92766393939365f,0.23564345202475961f,-0.2896752993724335f,1.1174211953774331f,-0.03945076339116757f,-0.7095559879291989f,-0.7035438417480979f,-0.39824749824970207f,0f,0f,0f,1f],start_interpolation:0}
execute if entity @s[tag=aj.lexiel.bone.right_arm] run data modify entity @s {} merge value {transformation:[-0.7457871651335193f,0.653215911735202f,0.1308070218988932f,-0.23792586504183505f,0.6577519460057459f,0.7531552683507485f,-0.010932487418980286f,1.3322274684243625f,-0.1056592724173459f,0.077885264405154f,-0.9913475695944265f,-0.37060650086004937f,0f,0f,0f,1f],start_interpolation:0}
execute if entity @s[tag=aj.lexiel.bone.left_hand] run data modify entity @s {} merge value {transformation:[-0.769400765484861f,-0.5352447943122188f,0.34861938017410987f,0.5569060688431988f,-0.5388584024273411f,0.83694041413927f,0.09572024505736129f,1.0633261409162316f,-0.3430074112971376f,-0.11420925243629844f,-0.9323637500746039f,-0.26844157831087806f,0f,0f,0f,1f],start_interpolation:0}
execute if entity @s[tag=aj.lexiel.bone.left_arm] run data modify entity @s {} merge value {transformation:[-0.8698795933549163f,-0.4932405734802485f,0.0048197238054777936f,0.4027683896306212f,-0.4870855396735732f,0.8604842480260187f,0.14938050722902657f,1.3322274684243625f,-0.0778278234668651f,0.12759543711266808f,-0.9887680386837137f,-0.2285680042131693f,0f,0f,0f,1f],start_interpolation:0}
execute if entity @s[tag=aj.lexiel.bone.skirt_right] run data modify entity @s {} merge value {transformation:[-0.9791920952774176f,0.20290613201311433f,-0.0034557398191264336f,-0.21875000000000003f,0.2028648451580819f,0.9791584639755102f,0.009724043608863968f,0.7165426321537974f,0.005356784969396279f,0.008820658512618786f,-0.9999467490012633f,0.12055968786575463f,0f,0f,0f,1f],start_interpolation:0}
execute if entity @s[tag=aj.lexiel.bone.skirt_left] run data modify entity @s {} merge value {transformation:[-0.9675512031571659f,-0.2526750269819325f,0.0000029665400002640686f,0.21874999999999997f,-0.2520560666450352f,0.9651818818019253f,0.06994050549379938f,0.7165426321537974f,-0.01767508236343565f,0.06767027250554195f,-0.9975511644434442f,0.12055968786575469f,0f,0f,0f,1f],start_interpolation:0}
execute if entity @s[tag=aj.lexiel.bone.skirt_back_middle] run data modify entity @s {} merge value {transformation:[-1f,-2.4441884292068023e-17f,1.2000080049262892e-16f,1.9464846183025132e-17f,0f,0.979880897710084f,0.19958313130843452f,0.7864448649682199f,-1.2246467991473532e-16f,0.19958313130843452f,-0.979880897710084f,-0.15894253099405742f,0f,0f,0f,1f],start_interpolation:0}
execute if entity @s[tag=aj.lexiel.bone.skirt_front_middle] run data modify entity @s {} merge value {transformation:[-1f,6.909986563688245e-18f,1.2226957885062097e-16f,-2.6443406576553274e-17f,0f,0.9984068789119429f,-0.056424322249478395f,0.7765461838938419f,-1.2246467991473532e-16f,-0.056424322249478395f,-0.9984068789119429f,0.21592680105777604f,0f,0f,0f,1f],start_interpolation:0}
execute if entity @s[tag=aj.lexiel.bone.skirt] run data modify entity @s {} merge value {transformation:[-1f,-3.2326368249380044e-18f,1.2242200735887575e-16f,-1.4824915525567635e-17f,0f,0.9996515521382225f,0.02639648286500801f,0.7352860987563892f,-1.2246467991473532e-16f,0.02639648286500801f,-0.9996515521382225f,0.12105462191947357f,0f,0f,0f,1f],start_interpolation:0}
execute if entity @s[tag=aj.lexiel.bone.rightupper] run data modify entity @s {} merge value {transformation:[-0.9753959494401034f,0.2140420385848624f,-0.05280859337527745f,-0.13430985352818375f,0.20126851133430293f,0.9623102141898257f,0.18289351549796865f,0.6686009501787422f,0.08996514970316398f,0.16776488722127875f,-0.981713407494529f,0.016307657358492853f,0f,0f,0f,1f],start_interpolation:0}
execute if entity @s[tag=aj.lexiel.bone.rightfoot] run data modify entity @s {} merge value {transformation:[-0.9649624182533189f,0.2600848191775303f,0.03469031842024951f,-0.16876057531381805f,0.2422722972716849f,0.8323950161800158f,0.49842017516686854f,0.34470931764813706f,0.10075547296999449f,0.4893612406720243f,-0.8662412543827095f,0.04297561887189192f,0f,0f,0f,1f],start_interpolation:0}
execute if entity @s[tag=aj.lexiel.bone.leftupper] run data modify entity @s {} merge value {transformation:[-0.968127086745052f,-0.24980224409653154f,-0.018132367602595942f,0.13203104604975083f,-0.22562658355471873f,0.838420026580716f,0.49612952323140064f,0.6756619535508951f,-0.10873172813840634f,0.4844075741281595f,-0.8680591647020999f,0.02337965768143916f,0f,0f,0f,1f],start_interpolation:0}
execute if entity @s[tag=aj.lexiel.bone.leftfoot] run data modify entity @s {} merge value {transformation:[-0.9564034067495374f,-0.29076804236943643f,-0.027321586603356242f,0.21316967300541753f,-0.26007606278269263f,0.8054033776626568f,0.5326216676188049f,0.371723324727988f,-0.13286446148361863f,0.5165068680920221f,-0.8459123418466233f,-0.01379899997003977f,0f,0f,0f,1f],start_interpolation:0}
execute if entity @s[tag=aj.lexiel.bone.lower] run data modify entity @s {} merge value {transformation:[-1f,-2.7009704251621693e-17f,1.1944904228522934e-16f,0f,0f,0.9753754500350176f,0.22055097249612624f,0.625f,-1.2246467991473532e-16f,0.22055097249612624f,-0.9753754500350176f,0f,0f,0f,0f,1f],start_interpolation:0}