execute if entity @s[tag=aj.lexiel.bone.backhair] run data modify entity @s {} merge value {transformation:[-0.9917284623506152f,0.08996261460699537f,0.09154990407836436f,0.021473346750171284f,0.12835093715411788f,0.6904553354735924f,0.711897089927827f,1.6796199587400713f,0.0008330038080163749f,0.7177591223308293f,-0.6962909940646467f,-0.1876331416523629f,0f,0f,0f,1f],start_interpolation:0}
execute if entity @s[tag=aj.lexiel.bone.head] run data modify entity @s {} merge value {transformation:[-0.9917284623506152f,0.08932483210919001f,0.0921722915650333f,-0.0016142176950845937f,0.12835093715411788f,0.6854961229872193f,0.7166736372304696f,1.4999644007724031f,0.0008330038080163749f,0.722576044259811f,-0.691290941909772f,0.007281265483979837f,0f,0f,0f,1f],start_interpolation:0}
execute if entity @s[tag=aj.lexiel.bone.ring] run data modify entity @s {} merge value {transformation:[-0.9618226686767919f,0.1674972140503808f,0.21642975143176366f,-0.0004519809546236764f,0.17364026503845215f,0.9847628782661744f,0.009546305374113112f,0.9374900322162728f,-0.21153300540773814f,0.046762772311750835f,-0.9762515202287212f,0.00203875433551437f,0f,0f,0f,1f],start_interpolation:0}
execute if entity @s[tag=aj.lexiel.bone.bust] run data modify entity @s {} merge value {transformation:[-0.9762960071199334f,0.10642549519596933f,0.18846676219951297f,-0.01694411560193082f,2.168404344971009e-19f,0.870759094282114f,-0.491709873528072f,1.3899082439655022f,-0.216439613938103f,-0.4800543861869041f,-0.8501186269109975f,0.07642996633266208f,0f,0f,0f,1f],start_interpolation:0}
execute if entity @s[tag=aj.lexiel.bone.left_wing] run data modify entity @s {} merge value {transformation:[-0.06637922922122211f,-0.00206619864970828f,-0.9977923274665608f,0.14818675790971472f,-0.009436630978522324f,0.9999544329886758f,-0.0014428936450805096f,1.1574233526043098f,0.9977498423571771f,0.009320019819494192f,-0.06639570247231813f,-0.09089897961529858f,0f,0f,0f,1f],start_interpolation:0}
execute if entity @s[tag=aj.lexiel.bone.right_wing] run data modify entity @s {} merge value {transformation:[-0.24370772207022584f,-0.00206619864970828f,0.9698465224077888f,-0.09588724387026865f,0.008535499629203856f,0.9999544329886758f,0.004275183314862852f,1.1574233526043098f,-0.9698111627783119f,0.009320019819494192f,-0.24367898099988605f,-0.1450088830998243f,0f,0f,0f,1f],start_interpolation:0}
execute if entity @s[tag=aj.lexiel.bone.body] run data modify entity @s {} merge value {transformation:[-0.9762960071199334f,-0.00206619864970828f,0.21642975143176366f,0.38096622716893896f,2.168404344971009e-19f,0.9999544329886758f,0.009546305374113112f,0.2139996308186055f,-0.216439613938103f,0.009320019819494192f,-0.9762515202287212f,0.591685557173665f,0f,0f,0f,1f],start_interpolation:0}
execute if entity @s[tag=aj.lexiel.locator_origin.locator_right_hand] at @s on origin run tp @s ^0.08771 ^1.28398 ^0.51656 ~-139.01568 ~-23.25906
execute if entity @s[tag=aj.lexiel.bone.sword] run data modify entity @s {} merge value {transformation:[-0.741192487259887f,-0.1589358502930939f,-0.8730905765274951f,-0.03206507186344948f,0.8687353812316703f,0.10236994337918309f,-0.7561304745801531f,1.2787936341090809f,0.18123630079475506f,-1.1406900774023394f,0.053792314414598946f,0.5221913888862358f,0f,0f,0f,1f],start_interpolation:0}
execute if entity @s[tag=aj.lexiel.bone.rod] run data modify entity @s {} merge value {transformation:[-0.000004234516855651907f,-5.227414701421008e-7f,-0.000009044092456106009f,0.033299071455572204f,0.000008947871131512728f,0.000001318879919613077f,-0.000004265695485085939f,1.3221956778341046f,0.0000014157927860534693f,-0.000009898853323139765f,-9.073959402533824e-8f,0.4433872527476759f,0f,0f,0f,1f],start_interpolation:0}
execute if entity @s[tag=aj.lexiel.bone.right_hand] run data modify entity @s {} merge value {transformation:[-0.42345168556519064f,-0.6764773143735561f,-0.6025505067045751f,-0.2958258164499726f,0.8947871131512727f,-0.20837132692519314f,-0.3948891138710282f,1.2233784564182082f,0.14157927860534691f,-0.7063708893020548f,0.6935383728505687f,0.19389373496276963f,0f,0f,0f,1f],start_interpolation:0}
execute if entity @s[tag=aj.lexiel.bone.right_arm] run data modify entity @s {} merge value {transformation:[-0.46691334652120015f,-0.08089036616149942f,-0.880595636772425f,-0.30651301379665363f,0.6453639398498794f,0.6496250860218081f,-0.40186145965071046f,1.4062186726797146f,0.6045637369060564f,-0.755939148525473f,-0.2511148974966804f,-0.061229865729754925f,0f,0f,0f,1f],start_interpolation:0}
execute if entity @s[tag=aj.lexiel.locator_origin.locator_left_hand] at @s on origin run tp @s ^-0.12688 ^1.38156 ^0.40907 ~171.74202 ~-6.00397
execute if entity @s[tag=aj.lexiel.bone.left_hand] run data modify entity @s {} merge value {transformation:[-0.21420168268625722f,0.966288583778393f,0.1428426126683614f,0.30033658937843505f,-0.9740999612309408f,-0.20047103953697393f,-0.10459745616813547f,1.2905852126608688f,-0.07243552073572661f,-0.1615479345782937f,0.9842029059951161f,0.36914817466562266f,0f,0f,0f,1f],start_interpolation:0}
execute if entity @s[tag=aj.lexiel.bone.left_arm] run data modify entity @s {} merge value {transformation:[-0.40934867943951636f,0.10830288479157636f,0.9059272287479535f,0.33418124087580264f,-0.8292084246504744f,0.3700270720603066f,-0.41891926958682085f,1.4062186726797146f,-0.3805877653443457f,-0.9226865399951921f,-0.06166442882163237f,0.08080863091712515f,0f,0f,0f,1f],start_interpolation:0}
execute if entity @s[tag=aj.lexiel.bone.skirt_right] run data modify entity @s {} merge value {transformation:[-0.9999913233851572f,-0.004165711501136249f,-0.0000014461003534133893f,-0.21875000000000003f,-0.004144644101683175f,0.9948990432873787f,0.10079045386904902f,0.7056837157290815f,-0.0004184252290289315f,0.10078958534267227f,-0.9949076763231751f,0.12494081201678747f,0f,0f,0f,1f],start_interpolation:0}
execute if entity @s[tag=aj.lexiel.bone.skirt_left] run data modify entity @s {} merge value {transformation:[-0.9999864422229721f,0.0052072413726505055f,0.000002744015462721996f,0.21874999999999997f,0.005153532440916091f,0.9895965392186756f,0.1437780604605608f,0.7056837157290815f,0.0007459715967042058f,0.14377612529104827f,-0.9896099581767909f,0.12494081201678753f,0f,0f,0f,1f],start_interpolation:0}
execute if entity @s[tag=aj.lexiel.bone.skirt_back_middle] run data modify entity @s {} merge value {transformation:[-1f,-3.32723136154615e-17f,1.1785818161372147e-16f,1.819935097367741e-17f,0f,0.9623850868330274f,0.27168905874434146f,0.7961178058521333f,-1.2246467991473532e-16f,0.27168905874434146f,-0.9623850868330274f,-0.14860897841196735f,0f,0f,0f,1f],start_interpolation:0}
execute if entity @s[tag=aj.lexiel.bone.skirt_front_middle] run data modify entity @s {} merge value {transformation:[-1f,-1.5283717749267271e-18f,1.2245514242503737e-16f,-2.7492646889523073e-17f,0f,0.9999221204864569f,0.012480102638498247f,0.7584509027580217f,-1.2246467991473532e-16f,0.012480102638498247f,-0.9999221204864569f,0.22449449840284172f,0f,0f,0f,1f],start_interpolation:0}
execute if entity @s[tag=aj.lexiel.bone.skirt] run data modify entity @s {} merge value {transformation:[-1f,-1.2300973948799285e-17f,1.2184532763520127e-16f,-1.5531479813462984e-17f,0f,0.9949426048394909f,0.10044507491763097f,0.724338889569822f,-1.2246467991473532e-16f,0.10044507491763097f,-0.9949426048394909f,0.1268241571714931f,0f,0f,0f,1f],start_interpolation:0}
execute if entity @s[tag=aj.lexiel.bone.rightupper] run data modify entity @s {} merge value {transformation:[-0.9980050808562312f,-0.04820952213864221f,-0.04076396153848822f,-0.13786283381303635f,-0.054103636094555506f,0.9858461459371524f,0.1586826175175178f,0.6623836162014771f,0.03253698121362046f,0.16057153706689956f,-0.9864877730298931f,0.016681146270292577f,0f,0f,0f,1f],start_interpolation:0}
execute if entity @s[tag=aj.lexiel.bone.rightfoot] run data modify entity @s {} merge value {transformation:[-0.9990023134854249f,0.01072021947645025f,-0.043352676331982455f,-0.09016064903244798f,-0.011744307700504263f,0.8735258100434765f,0.4866361376064502f,0.3405656415765695f,0.04308652791076082f,0.4866597744649385f,-0.8725284035665146f,0.04768751250034772f,0f,0f,0f,1f],start_interpolation:0}
execute if entity @s[tag=aj.lexiel.bone.leftupper] run data modify entity @s {} merge value {transformation:[-0.9992142455402516f,-0.03962377501112023f,-0.0009208492242375298f,0.1353717737327202f,-0.03875179049840606f,0.9718214231833157f,0.23251111839033115f,0.6631251113025329f,-0.008318067239046656f,0.2323641062983332f,-0.9725933023939574f,0.01706014190028662f,0f,0f,0f,1f],start_interpolation:0}
execute if entity @s[tag=aj.lexiel.bone.leftfoot] run data modify entity @s {} merge value {transformation:[-0.99654134464804f,-0.08309350462036337f,-0.0009043765709092554f,0.15302478619358967f,-0.08014341925465733f,0.9581706312651106f,0.2747472906712489f,0.3506089544611114f,-0.021963168196974248f,0.2738695143146188f,-0.9615160468613232f,0.0657043483296881f,0f,0f,0f,1f],start_interpolation:0}
execute if entity @s[tag=aj.lexiel.bone.lower] run data modify entity @s {} merge value {transformation:[-1f,-3.4457345307516686e-17f,1.1751718674720364e-16f,0f,0f,0.9596006524413707f,0.28136557684637914f,0.625f,-1.2246467991473532e-16f,0.28136557684637914f,-0.9596006524413707f,0f,0f,0f,0f,1f],start_interpolation:0}