execute if entity @s[tag=aj.lexiel.bone.backhair] run data modify entity @s {} merge value {transformation:[-0.9793831498182394f,0.20196570998851662f,0.0043009116403828485f,0.04132397321704238f,0.19442166596727062f,0.9481538910823316f,-0.251404881869754f,1.315369368534788f,-0.05485309156843429f,-0.2453855146789807f,-0.967872454164864f,-0.48042525054339114f,0f,0f,0f,1f],start_interpolation:0}
execute if entity @s[tag=aj.lexiel.bone.head] run data modify entity @s {} merge value {transformation:[-0.9793831498182394f,0.19686649209346885f,-0.04530154680489565f,0.056433235526053234f,0.19442166596727062f,0.8576875929917096f,-0.47599601745245573f,1.4552071793110921f,-0.05485309156843429f,-0.4749900810742258f,-0.8782798877501895f,-0.25455387537653185f,0f,0f,0f,1f],start_interpolation:0}
execute if entity @s[tag=aj.lexiel.bone.ring] run data modify entity @s {} merge value {transformation:[-0.948920480555119f,0.240669158978112f,0.20403008969220748f,0.015801305947294897f,0.16369209230988657f,0.9283439871322436f,-0.3337399293920642f,0.9249580102071058f,-0.26973101508401576f,-0.28329454190325776f,-0.9203202605775719f,-0.0712750851054289f,0f,0f,0f,1f],start_interpolation:0}
execute if entity @s[tag=aj.lexiel.bone.bust] run data modify entity @s {} merge value {transformation:[-0.9762960071199334f,0.16457199279274382f,0.14057797007319517f,0.03386791985577836f,6.938893903907228e-18f,0.6495020366899996f,-0.7603598518698513f,1.3760907316325937f,-0.21643961393810301f,-0.7423362873548398f,-0.6341062450367112f,-0.1527683140948044f,0f,0f,0f,1f],start_interpolation:0}
execute if entity @s[tag=aj.lexiel.bone.left_wing] run data modify entity @s {} merge value {transformation:[-0.8293923560592474f,0.07223454147334814f,-0.5539769767134964f,0.1791433739961074f,0.23822054001387644f,0.9426651895181979f,-0.23373770510150285f,1.0894485292402036f,0.5053308757893068f,-0.32582896048196075f,-0.799047053986971f,-0.23053525104079142f,0f,0f,0f,1f],start_interpolation:0}
execute if entity @s[tag=aj.lexiel.bone.right_wing] run data modify entity @s {} merge value {transformation:[-0.77174575029917f,0.07223454147334814f,0.6318153748630261f,-0.06493062778387593f,-0.1541174313037553f,0.9426651895181979f,-0.2960239143024635f,1.0894485292402036f,-0.6169735118005498f,-0.32582896048196075f,-0.716365251982354f,-0.28464515452531725f,0f,0f,0f,1f],start_interpolation:0}
execute if entity @s[tag=aj.lexiel.bone.body] run data modify entity @s {} merge value {transformation:[-0.9762960071199334f,0.07223454147334814f,0.20403008969220748f,0.35001568797718885f,6.938893903907228e-18f,0.9426651895181979f,-0.3337399293920642f,0.41428736993693316f,-0.21643961393810301f,-0.32582896048196075f,-0.9203202605775719f,0.7312944174988179f,0f,0f,0f,1f],start_interpolation:0}
execute if entity @s[tag=aj.lexiel.bone.sword] run data modify entity @s {} merge value {transformation:[-0.7341395559397542f,0.620888523808532f,0.6422231823186096f,-0.6953570748394389f,0.8106134933495148f,0.8123137976106524f,0.14130152550859706f,0.8204763787747201f,-0.3753117894554825f,0.5399609223955216f,-0.9510506429636129f,-0.15502647713880652f,0f,0f,0f,1f],start_interpolation:0}
execute if entity @s[tag=aj.lexiel.bone.rod] run data modify entity @s {} merge value {transformation:[-0.000007079214578278408f,0.000006615401784575851f,0.0000024741018942883318f,-0.6612553759048256f,0.000007024084404006564f,0.000006961019148987907f,0.0000014854126338548119f,0.8649583999294804f,-7.395669273853689e-7f,0.0000027893855301937674f,-0.000009574568874046677f,-0.05898077230856136f,0f,0f,0f,1f],start_interpolation:0}
execute if entity @s[tag=aj.lexiel.bone.right_hand] run data modify entity @s {} merge value {transformation:[-0.7079214578278408f,0.6427249688944934f,-0.292834123534941f,-0.42154215182493415f,0.7024084404006563f,0.5972529190477666f,-0.3871838497959851f,1.1015668288384437f,-0.07395669273853689f,-0.4797849154032406f,-0.8742636001519697f,-0.31761020539146473f,0f,0f,0f,1f],start_interpolation:0}
execute if entity @s[tag=aj.lexiel.bone.right_arm] run data modify entity @s {} merge value {transformation:[-0.886402054920677f,0.44291466446915406f,0.1346031092901559f,-0.2554312549620523f,0.4484885054525878f,0.8936984152022747f,0.012696579927161333f,1.3668323177937611f,-0.11467108401556642f,0.07162222185271377f,-0.9908182476254541f,-0.29164478968700525f,0f,0f,0f,1f],start_interpolation:0}
execute if entity @s[tag=aj.lexiel.bone.left_hand] run data modify entity @s {} merge value {transformation:[-0.8523248418803141f,-0.4410179437096667f,0.2811503818951606f,0.5093005599695248f,-0.4046526085641826f,0.8966316248036861f,0.1797442510460457f,1.084525433487272f,-0.33135876372279605f,0.03943225491902358f,-0.9426804691814196f,-0.20033849896621786f,0f,0f,0f,1f],start_interpolation:0}
execute if entity @s[tag=aj.lexiel.bone.left_arm] run data modify entity @s {} merge value {transformation:[-0.9149306355117691f,-0.396920192829187f,0.07318669774263128f,0.38526299971040395f,-0.3753151047934952f,0.9033820297807652f,0.20745958734903513f,1.3668323177937611f,-0.14846044697453226f,0.1623430589634967f,-0.9755020383835683f,-0.14960629304012513f,0f,0f,0f,1f],start_interpolation:0}
execute if entity @s[tag=aj.lexiel.bone.skirt_right] run data modify entity @s {} merge value {transformation:[-0.9889969824320279f,0.147924366843288f,-0.0018304191747507284f,-0.21875f,0.1476157787307088f,0.9859694487328083f,-0.07793476782058474f,0.715979122739603f,-0.009723713800259715f,-0.07734744895298347f,-0.9969567801717366f,0.10259318856246645f,0f,0f,0f,1f],start_interpolation:0}
execute if entity @s[tag=aj.lexiel.bone.skirt_left] run data modify entity @s {} merge value {transformation:[-0.9828251777308051f,-0.18453907416481818f,0.000011171530853583373f,0.21875f,-0.1844928144584521f,0.9825774470259072f,-0.02244909818344537f,0.715979122739603f,0.004131758900342628f,-0.02206559997920999f,-0.9997479871777423f,0.1025931885624665f,0f,0f,0f,1f],start_interpolation:0}
execute if entity @s[tag=aj.lexiel.bone.skirt_back_middle] run data modify entity @s {} merge value {transformation:[-1f,-1.3292550058026295e-17f,1.2174114316685812e-16f,2.230776054238599e-17f,0f,0.9940918740947924f,0.10854190830597922f,0.7598575918925173f,-1.2246467991473532e-16f,0.10854190830597922f,-0.9940918740947924f,-0.18215668842573654f,0f,0f,0f,1f],start_interpolation:0}
execute if entity @s[tag=aj.lexiel.bone.skirt_front_middle] run data modify entity @s {} merge value {transformation:[-1f,1.6555636469706274e-17f,1.2134046615907452e-16f,-2.3517182737144173e-17f,0f,0.9908200980360745f,-0.13518703091563178f,0.7845060904713658f,-1.2246467991473532e-16f,-0.13518703091563178f,-0.9908200980360745f,0.19203237009656784f,0f,0f,0f,1f],start_interpolation:0}
execute if entity @s[tag=aj.lexiel.bone.skirt] run data modify entity @s {} merge value {transformation:[-1f,8.04952130356661e-18f,1.2219984874541378e-16f,-1.241311347429267e-17f,0f,0.9978374893928117f,-0.06572932954359574f,0.7346885756657182f,-1.2246467991473532e-16f,-0.06572932954359574f,-0.9978374893928117f,0.10136076363352406f,0f,0f,0f,1f],start_interpolation:0}
execute if entity @s[tag=aj.lexiel.bone.rightupper] run data modify entity @s {} merge value {transformation:[-0.988080246128054f,0.14425311465536733f,-0.05374445202762528f,-0.13546905173477125f,0.14415418875066513f,0.9895386304928827f,0.0057331167708156855f,0.6692383559890958f,0.05400923140687985f,-0.0020827084519029412f,-0.9985382642885262f,0.009053102695228007f,0f,0f,0f,1f],start_interpolation:0}
execute if entity @s[tag=aj.lexiel.bone.rightfoot] run data modify entity @s {} merge value {transformation:[-0.9806671568809039f,0.19542205608959465f,0.010106800128623354f,-0.1475168301005011f,0.18704259643307328f,0.9209351898255705f,0.34189683131101833f,0.3532584602903963f,0.05750647385033365f,0.3371773956460542f,-0.9396831430491053f,0.09160840886546251f,0f,0f,0f,1f],start_interpolation:0}
execute if entity @s[tag=aj.lexiel.bone.leftupper] run data modify entity @s {} merge value {transformation:[-0.9810356917401756f,-0.1938244559310944f,0.0010255802702000714f,0.133472613119841f,-0.18644380362449678f,0.9450988442761232f,0.26837824546331296f,0.6755464888248088f,-0.05298754213874679f,0.2630974245996175f,-0.9633130672565089f,0.013076592709735692f,0f,0f,0f,1f],start_interpolation:0}
execute if entity @s[tag=aj.lexiel.bone.leftfoot] run data modify entity @s {} merge value {transformation:[-0.9716650171028446f,-0.2362930445706454f,-0.005717659141966505f,0.19598160064902562f,-0.226401433495798f,0.9234962969607976f,0.30967237592452795f,0.36743520074159913f,-0.067893191481742f,0.30219230067496655f,-0.9508261291967076f,0.05186422080874708f,0f,0f,0f,1f],start_interpolation:0}
execute if entity @s[tag=aj.lexiel.bone.lower] run data modify entity @s {} merge value {transformation:[-1f,-8.240733530469005e-18f,1.2218710299167578e-16f,0f,0f,0.9977334124152955f,0.06729069586599601f,0.625f,-1.2246467991473532e-16f,0.06729069586599601f,-0.9977334124152955f,0f,0f,0f,0f,1f],start_interpolation:0}