execute if entity @s[tag=aj.lexiel.bone.backhair] run data modify entity @s {} merge value {transformation:[-0.9918920255173451f,0.08842510902774119f,0.09127546115210972f,0.020527440508310922f,0.12707376716357546f,0.6812314531650109f,0.7209548979773597f,1.6829162455906714f,0.00157080041877386f,0.7267081307596053f,-0.686944557641972f,-0.17996790993055145f,0f,0f,0f,1f],start_interpolation:0}
execute if entity @s[tag=aj.lexiel.bone.head] run data modify entity @s {} merge value {transformation:[-0.9918920255173451f,0.0873930269189992f,0.09226412391083161f,-0.0026147013598943596f,0.12707376716357546f,0.6730804637741018f,0.7285704818234797f,1.49990659360278f,0.00157080041877386f,0.7343876007474357f,-0.6787285057034729f,0.01179415565861223f,0f,0f,0f,1f],start_interpolation:0}
execute if entity @s[tag=aj.lexiel.bone.ring] run data modify entity @s {} merge value {transformation:[-0.962045045848222f,0.16623605044095138f,0.21641373637707437f,-0.0007321163807704201f,0.17362741625808598f,0.9846900092116794f,0.015463055398083911f,0.9374738462087785f,-0.21052992680954816f,0.0524515137293132f,-0.9761792809853475f,0.003302363584411383f,0f,0f,0f,1f],start_interpolation:0}
execute if entity @s[tag=aj.lexiel.bone.bust] run data modify entity @s {} merge value {transformation:[-0.9762960071199334f,0.10530843900328503f,0.18909320230078727f,-0.01780338047161134f,-2.168404344971009e-19f,0.8736533893230092f,-0.48654882111091247f,1.3894332633916537f,-0.216439613938103f,-0.47501567131949457f,-0.8529443156028504f,0.08030585968722836f,0f,0f,0f,1f],start_interpolation:0}
execute if entity @s[tag=aj.lexiel.bone.left_wing] run data modify entity @s {} merge value {transformation:[-0.05347645742420007f,-0.0033468177406647806f,-0.9985635018927783f,0.14762448517558513f,-0.015253958542194022f,0.9998804398115586f,-0.002534330490926167f,1.1581305743423174f,0.9984525953945691f,0.015096519243023654f,-0.053521115987937656f,-0.08836273121208271f,0f,0f,0f,1f],start_interpolation:0}
execute if entity @s[tag=aj.lexiel.bone.right_wing] run data modify entity @s {} merge value {transformation:[-0.23432007462834178f,-0.0033468177406647806f,0.9721537437243037f,-0.09644951660439827f,0.013892160487544512f,0.9998804398115586f,0.006790725972421433f,1.1581305743423174f,-0.9720602401616665f,0.015096519243023654f,-0.2342455647468877f,-0.14247263469660854f,0f,0f,0f,1f],start_interpolation:0}
execute if entity @s[tag=aj.lexiel.bone.body] run data modify entity @s {} merge value {transformation:[-0.9762960071199334f,-0.0033468177406647806f,0.21641373637707437f,0.3816145442417619f,-2.168404344971009e-19f,0.9998804398115586f,0.015463055398083911f,0.21107825239517874f,-0.216439613938103f,0.015096519243023654f,-0.9761792809853475f,0.5887611878402134f,0f,0f,0f,1f],start_interpolation:0}
execute if entity @s[tag=aj.lexiel.bone.sword] run data modify entity @s {} merge value {transformation:[-0.7854990910148677f,-0.012703745730012444f,-0.8483771893204364f,-0.11135632988079028f,0.838982155786189f,0.16080263310692983f,-0.7792082635330799f,1.2487105749370229f,0.12654715637728095f,-1.144943313238828f,-0.10002344316468346f,0.5477252917077619f,0f,0f,0f,1f],start_interpolation:0}
execute if entity @s[tag=aj.lexiel.bone.rod] run data modify entity @s {} merge value {transformation:[-0.00000466277287690417f,7.643230561455739e-7f,-0.000008813305813612228f,-0.037430078202936146f,0.000008747792475412177f,0.0000018816275375204085f,-0.0000044649305276977185f,1.2981648320549044f,0.0000013170709569073876f,-0.000009791592724163376f,-0.0000015459741325720436f,0.4809754658026768f,0f,0f,0f,1f],start_interpolation:0}
execute if entity @s[tag=aj.lexiel.bone.right_hand] run data modify entity @s {} merge value {transformation:[-0.466277287690417f,-0.5691490289458268f,-0.6772406321493789f,-0.32700600445547157f,0.8747792475412176f,-0.18266710622138613f,-0.4487694245109912f,1.20635238201666f,0.13170709569073874f,-0.8016870406553465f,0.58305328211921f,0.1842408722021174f,0f,0f,0f,1f],start_interpolation:0}
execute if entity @s[tag=aj.lexiel.bone.right_arm] run data modify entity @s {} merge value {transformation:[-0.5688937478261603f,0.0058708333254969824f,-0.8223900759374283f,-0.30739343942168623f,0.5908486975481297f,0.69849421488693f,-0.4037371030450012f,1.4061678023704465f,0.5720644371834205f,-0.7155916189318846f,-0.400837765965809f,-0.05725852237607842f,0f,0f,0f,1f],start_interpolation:0}
execute if entity @s[tag=aj.lexiel.bone.left_hand] run data modify entity @s {} merge value {transformation:[-0.319974301484297f,0.9134887797784722f,0.25130598004917004f,0.32706702732227616f,-0.9426574992017733f,-0.2803798421559836f,-0.18106347867873387f,1.274059958794552f,-0.09493832518164094f,-0.294831126802146f,0.9508213928389923f,0.3679140547941282f,0f,0f,0f,1f],start_interpolation:0}
execute if entity @s[tag=aj.lexiel.bone.left_arm] run data modify entity @s {} merge value {transformation:[-0.5388858996816406f,0.01994812137118049f,0.8421425411283233f,0.33330081525077004f,-0.7587631367961162f,0.422745099442862f,-0.495545238233971f,1.4061678023704465f,-0.3658968288515592f,-0.906029057674645f,-0.21267547410448462f,0.08477997427080165f,0f,0f,0f,1f],start_interpolation:0}
execute if entity @s[tag=aj.lexiel.bone.skirt_right] run data modify entity @s {} merge value {transformation:[-0.999977233791881f,-0.006747731733011996f,-0.00000379435342246235f,-0.21875000000000003f,-0.006565581171220799f,0.9728534289225376f,0.23132898430059531f,0.6707458274772088f,-0.0015572545783929742f,0.23132374272893017f,-0.9728755835193202f,0.112763620259886f,0f,0f,0f,1f],start_interpolation:0}
execute if entity @s[tag=aj.lexiel.bone.skirt_left] run data modify entity @s {} merge value {transformation:[-0.9999644263416025f,0.00843481061597046f,0.000004602440248646288f,0.21874999999999997f,0.008115539247851444f,0.9619651482470286f,0.2730516280500608f,0.6707458274772088f,0.002298711383868582f,0.2730419519560041f,-0.9619993806640568f,0.11276362025988605f,0f,0f,0f,1f],start_interpolation:0}
execute if entity @s[tag=aj.lexiel.bone.skirt_back_middle] run data modify entity @s {} merge value {transformation:[-1f,-4.852496816444927e-17f,1.1244076347685373e-16f,1.7937439616905876e-17f,0f,0.918148510698263f,0.39623643484990323f,0.7964660802703356f,-1.2246467991473532e-16f,0.39623643484990323f,-0.918148510698263f,-0.14647030988358947f,0f,0f,0f,1f],start_interpolation:0}
execute if entity @s[tag=aj.lexiel.bone.skirt_front_middle] run data modify entity @s {} merge value {transformation:[-1f,-1.7599353996543295e-17f,1.2119348400604272e-16f,-2.6747113352989084e-17f,0f,0.9896198976751691f,0.14370963128958203f,0.7099228687619323f,-1.2246467991473532e-16f,0.14370963128958203f,-0.9896198976751691f,0.21840675508735632f,0f,0f,0f,1f],start_interpolation:0}
execute if entity @s[tag=aj.lexiel.bone.skirt] run data modify entity @s {} merge value {transformation:[-1f,-2.826263118978624e-17f,1.191588079197199e-16f,-1.4339484995962196e-17f,0f,0.9730055065891887f,0.23078189735574192f,0.6889896807257562f,-1.2246467991473532e-16f,0.23078189735574192f,-0.9730055065891887f,0.11709078083530619f,0f,0f,0f,1f],start_interpolation:0}
execute if entity @s[tag=aj.lexiel.bone.rightupper] run data modify entity @s {} merge value {transformation:[-0.9978600139076568f,-0.05145231718260948f,-0.0403491226763539f,-0.13789335215286996f,-0.05740819961484619f,0.9847966116627632f,0.16395100571366733f,0.6622070781140398f,0.031300020146851036f,0.16591652333050239f,-0.9856429455054837f,0.016890511687486426f,0f,0f,0f,1f],start_interpolation:0}
execute if entity @s[tag=aj.lexiel.bone.rightfoot] run data modify entity @s {} merge value {transformation:[-0.9989999642409954f,0.007527971808070538f,-0.04407267959798784f,-0.08920968814540649f,-0.015110579100848637f,0.8708784229323305f,0.49126616296070513f,0.34037512207306153f,0.04208018352772471f,0.4914408429418071f,-0.8698937613541778f,0.04618069700301748f,0f,0f,0f,1f],start_interpolation:0}
execute if entity @s[tag=aj.lexiel.bone.leftupper] run data modify entity @s {} merge value {transformation:[-0.9993089495535866f,-0.03713491947414383f,-0.0016189804681508496f,0.13537715612656462f,-0.03647825273675854f,0.971410573787581f,0.2345865175387453f,0.6628610893925271f,-0.00713865669300383f,0.23448346399977066f,-0.9720938970548513f,0.017206543921885642f,0f,0f,0f,1f],start_interpolation:0}
execute if entity @s[tag=aj.lexiel.bone.leftfoot] run data modify entity @s {} merge value {transformation:[-0.9967467725598974f,-0.08058313719133524f,-0.0014931148082529256f,0.1523851722586797f,-0.0778466120415287f,0.9577694487542489f,0.2767988222999479f,0.35020256178847003f,-0.020875257724969513f,0.27601456670506513f,-0.9609267311202927f,0.06516269017529505f,0f,0f,0f,1f],start_interpolation:0}
execute if entity @s[tag=aj.lexiel.bone.lower] run data modify entity @s {} merge value {transformation:[-1f,-3.5208903722457455e-17f,1.1729420669956935e-16f,0f,0f,0.9577798821769195f,0.28750251702753205f,0.625f,-1.2246467991473532e-16f,0.28750251702753205f,-0.9577798821769195f,0f,0f,0f,0f,1f],start_interpolation:0}