# This file was generated by Animated Java via MC-Build. It is not recommended to edit this file directly.
$data merge entity $(bone_wing_right_1) { transformation: [-0.7510335186660886f,0.12898388568890073f,-0.2936941530181881f,0.04696137954888893f,0.02004842054146985f,0.7651469731679741f,0.2847676504277202f,1.3441405934794688f,0.32014240443632364f,0.2546717713625216f,-0.7068207511082631f,0.025762243980100075f,0f,0f,0f,1f], start_interpolation: 0, interpolation_duration: 1 }
$data merge entity $(bone_wing_right_2) { transformation: [-0.6313513469684746f,0.39827623518966904f,-0.2877003947933271f,0.04696137954888893f,0.3049776934071403f,0.6849614003133508f,0.27895606572511367f,1.3441405934794688f,0.3852065461608266f,0.11047135630523039f,-0.6923958378203394f,0.025762243980100075f,0f,0f,0f,1f], start_interpolation: 0, interpolation_duration: 1 }
$data merge entity $(bone_wing_left_1) { transformation: [-0.7153256610533327f,0.3875425724829677f,-0.07116458105224059f,-0.0011507883825801757f,0.3559611239050133f,0.6988463454781603f,0.22770574899317725f,1.3564777033748125f,0.16895360709773818f,0.1684309483721679f,-0.7810442616929975f,0.04180979206176533f,0f,0f,0f,1f], start_interpolation: 0, interpolation_duration: 1 }
$data merge entity $(bone_wing_left_2) { transformation: [-0.7926669640679107f,0.08257897612708848f,-0.06971224266341935f,-0.0011507883825801757f,0.060174640224170656f,0.7659137237310265f,0.2230586928912757f,1.3564777033748125f,0.08976690230398585f,0.21577043472699078f,-0.7651045828829364f,0.04180979206176533f,0f,0f,0f,1f], start_interpolation: 0, interpolation_duration: 1 }
$data merge entity $(bone_blade) { transformation: [0.37844173356890665f,1.5703978494488224f,1.1792507997622383f,0.39143208231170923f,-0.42042403437939596f,-1.1083194836517678f,1.610860500935457f,1.0408636043621062f,1.918339251959756f,-0.5527011096464302f,0.12039932635231484f,0.5768772318779332f,0f,0f,0f,1f], start_interpolation: 0, interpolation_duration: 1 }
$data merge entity $(bone_arm_right_2) { transformation: [0.8250359829806422f,0.04059790798253088f,-0.5636199399015335f,0.1019620109427114f,-0.5560822755065611f,-0.11895433781028603f,-0.8225705856542413f,1.2440992177260985f,-0.10043968167318734f,0.9920693904075253f,-0.07556583197338879f,0.6543109712340965f,0f,0f,0f,1f], start_interpolation: 0, interpolation_duration: 1 }
$data merge entity $(bone_arm_right_1) { transformation: [0.6581100623658898f,-0.4992231055932379f,-0.5636199399015335f,-0.14277266849960385f,-0.5024461115316765f,0.26631848719744655f,-0.8225705856542413f,1.4309463654519408f,0.560748652088851f,0.8245306266105017f,-0.07556583197338879f,0.44578256623855506f,0f,0f,0f,1f], start_interpolation: 0, interpolation_duration: 1 }
$data merge entity $(bone_arm_left_2) { transformation: [-0.08334287019424691f,0.6854512342525123f,-0.723332960295252f,0.5877061154654458f,0.7054077694406956f,-0.4721243212339479f,-0.5286761807686127f,1.0431353874536653f,-0.7038848235332877f,-0.5543060803933977f,-0.44417443019428837f,0.33166723517142405f,0f,0f,0f,1f], start_interpolation: 0, interpolation_duration: 1 }
$data merge entity $(bone_arm_left_1) { transformation: [-0.47907542605766346f,0.49726870472429263f,-0.723332960295252f,0.4183620436513338f,0.8474952030526465f,0.04746974500318099f,-0.5286761807686127f,1.3340168346436077f,-0.22855768845178226f,-0.8662969806083579f,-0.44417443019428837f,0.26122206395932723f,0f,0f,0f,1f], start_interpolation: 0, interpolation_duration: 1 }
$data merge entity $(bone_ear_edge_a1) { transformation: [-0.9942132631618227f,0.07734535193002698f,0.07454987517052139f,0.3060395279666627f,0.09656633537581162f,0.9475123426108835f,0.30478730858111885f,2.0597987657688406f,-0.04706304521815724f,0.31022259288268517f,-0.9494982952275046f,0.6466646048084504f,0f,0f,0f,1f], start_interpolation: 0, interpolation_duration: 1 }
$data merge entity $(bone_ear_edge_a2) { transformation: [-0.9940723268424999f,-0.07913611765810674f,0.07454987517052139f,0.1907398101559858f,-0.05284614289066057f,0.9509531963821658f,0.30478730858111885f,2.0632948015097994f,-0.09501312639587184f,0.2990409556775537f,-0.9494982952275046f,0.6387340668773763f,0f,0f,0f,1f], start_interpolation: 0, interpolation_duration: 1 }
$data merge entity $(bone_ear_edge_b1) { transformation: [-0.9895010524753078f,0.1270058748965122f,0.06897227625669189f,0.17358001513879254f,0.1369389970658008f,0.671316681787502f,0.7284103402865931f,2.077365875395118f,0.046210152919791664f,0.7302077926834178f,-0.6816606203027575f,0.5754868598188925f,0f,0f,0f,1f], start_interpolation: 0, interpolation_duration: 1 }
$data merge entity $(bone_ear_edge_b2) { transformation: [-0.980318397566035f,-0.1849828762386718f,0.06897227625669189f,0.20125901936936297f,-0.07721153778538412f,0.6807765819976375f,0.7284103402865931f,2.0850714088004634f,-0.18169815031083114f,0.7087486020459459f,-0.6816606203027575f,0.5865214918808672f,0f,0f,0f,1f], start_interpolation: 0, interpolation_duration: 1 }
$data merge entity $(bone_ear_right_2) { transformation: [-0.9971867486328815f,-0.029349845978350414f,0.06897227625669189f,0.2485054967354077f,0.030235984786672443f,0.6844736381976663f,0.7284103402865931f,2.1812339805991847f,-0.0685884361606417f,0.7284465835965582f,-0.6816606203027575f,0.6482156949538107f,0f,0f,0f,1f], start_interpolation: 0, interpolation_duration: 1 }
$data merge entity $(bone_ear_right_1) { transformation: [-0.9971867486328815f,0.007804131152280395f,0.07454987517052139f,0.2467495672261446f,0.030235984786672443f,0.9519403772042964f,0.30478730858111885f,1.9670473957282184f,-0.0685884361606417f,0.306183954160077f,-0.9494982952275046f,0.5793243052677934f,0f,0f,0f,1f], start_interpolation: 0, interpolation_duration: 1 }
$data merge entity $(bone_ear_edge_a3) { transformation: [-0.9290400220923062f,-0.3656965354369588f,0.05613093015559391f,-0.09320079769686115f,-0.31261536643061155f,0.8570516271772969f,0.4095535874878917f,2.01149127137936f,-0.19787943304492633f,0.36294428266905226f,-0.9105576190750729f,0.6105923835928107f,0f,0f,0f,1f], start_interpolation: 0, interpolation_duration: 1 }
$data merge entity $(bone_ear_edge_a4) { transformation: [-0.9748095396549665f,-0.21586032539014657f,0.05613093015559391f,0.01690734367308551f,-0.1746941397050518f,0.8954037170620356f,0.4095535874878917f,2.0406367439290873f,-0.13866621416330643f,0.3894309995287361f,-0.9105576190750729f,0.6304890983696003f,0f,0f,0f,1f], start_interpolation: 0, interpolation_duration: 1 }
$data merge entity $(bone_ear_edge_b3) { transformation: [-0.8938442692642544f,-0.4439371144105527f,-0.0629464911832496f,0.043169551974189715f,-0.35116439772741415f,0.6058257651961848f,0.7139038506642192f,2.058395343687775f,-0.2787938092429485f,0.6602234323873164f,-0.6974087978040693f,0.5862622568550446f,0f,0f,0f,1f], start_interpolation: 0, interpolation_duration: 1 }
$data merge entity $(bone_ear_edge_b4) { transformation: [-0.9872805296234851f,-0.14599621595811219f,-0.0629464911832496f,0.012653447287764408f,-0.1467667316736926f,0.6846903084465433f,0.7139038506642192f,2.059472170161623f,-0.06112840829101435f,0.7140618225653084f,-0.6974087978040693f,0.5901188647573786f,0f,0f,0f,1f], start_interpolation: 0, interpolation_duration: 1 }
$data merge entity $(bone_ear_left_2) { transformation: [-0.9522866280644035f,-0.2986434617691229f,-0.0629464911832496f,-0.0681041427395795f,-0.25206895178142696f,0.6533012594160622f,0.7139038506642192f,2.1410269008915987f,-0.1720796953668303f,0.6957079467621035f,-0.6974087978040693f,0.6360827862587757f,0f,0f,0f,1f], start_interpolation: 0, interpolation_duration: 1 }
$data merge entity $(bone_ear_left_1) { transformation: [-0.9522866280644035f,-0.2999991611481544f,0.05613093015559391f,-0.000604331481244863f,-0.25206895178142696f,0.8767708380891843f,0.4095535874878917f,1.9437534623215325f,-0.1720796953668303f,0.37586354011368717f,-0.9105576190750729f,0.5515134897331962f,0f,0f,0f,1f], start_interpolation: 0, interpolation_duration: 1 }
$data merge entity $(bone_head) { transformation: [-0.9894155948295579f,-0.12438684604108309f,0.07473080516108516f,0.18448553880722107f,-0.09317573362674403f,0.9393868388417338f,0.3299555268124062f,1.463653563905599f,-0.11124326213838853f,0.3195000462329957f,-0.9410338235610468f,0.4310824307923672f,0f,0f,0f,1f], start_interpolation: 0, interpolation_duration: 1 }
$data merge entity $(bone_body_1) { transformation: [-0.9217450637275347f,0.31523257043659425f,-0.22586381744285797f,0.06627332489349821f,0.23635746705271884f,0.9184179179724714f,0.31724387419701827f,1.1192468446659223f,0.3074429788795736f,0.239033375249249f,-0.9210547542109566f,0.3414449150738988f,0f,0f,0f,1f], start_interpolation: 0, interpolation_duration: 1 }
$data merge entity $(bone_leg_left_2) { transformation: [-0.8345038419965227f,0.5287486442110331f,-0.155010351067395f,-0.01580501860117492f,-0.0818138762685201f,0.15930153947722236f,0.9838340862005677f,0.6534885268178431f,0.5448943267670916f,0.8336953225040797f,-0.0896787705750734f,-0.06281932638077847f,0f,0f,0f,1f], start_interpolation: 0, interpolation_duration: 1 }
$data merge entity $(bone_leg_left_1) { transformation: [-0.8345038419965227f,0.4072840680440416f,-0.3711105301800788f,0.1269704898258894f,-0.0818138762685201f,0.574463751866346f,0.8144310206773563f,0.8632314322994623f,0.5448943267670916f,0.7100078067945013f,-0.446070719671108f,0.1873330127918182f,0f,0f,0f,1f], start_interpolation: 0, interpolation_duration: 1 }
$data merge entity $(bone_leg_right_2) { transformation: [-0.8286741652305365f,0.1875481048909604f,-0.5273754224755669f,-0.052377131608512095f,-0.004890706711005811f,0.9397318430862653f,0.3418773816407831f,0.4915223679350299f,0.5597099327931748f,0.2858841923602983f,-0.7778142578348378f,0.36252790741586993f,0f,0f,0f,1f], start_interpolation: 0, interpolation_duration: 1 }
$data merge entity $(bone_leg_right_1) { transformation: [-0.8286741652305365f,-0.09164340972335067f,-0.5521780630682022f,-0.09421840735389206f,-0.004890706711005811f,0.9876534329537541f,-0.15657834257179754f,0.8661080099665012f,0.5597099327931748f,-0.12705188636514747f,-0.8188910851289793f,0.3038532371750452f,0f,0f,0f,1f], start_interpolation: 0, interpolation_duration: 1 }
$data merge entity $(bone_coat_downer) { transformation: [-0.8870108331782218f,0.1987879019335237f,-0.41676750337489676f,0.02015868028249994f,0f,0.9025852843498605f,0.43051109680829514f,0.9193246968067204f,0.4617486132350338f,0.381868006672396f,-0.8006029250855721f,0.269778886439233f,0f,0f,0f,1f], start_interpolation: 0, interpolation_duration: 1 }
$data merge entity $(bone_body_2) { transformation: [-0.8870108331782218f,0.18041955672768198f,-0.4250418395577823f,0.06740094712304623f,0f,0.9205048534524403f,0.39073112848927377f,1.125f,0.4617486132350338f,0.3465827438299376f,-0.816497777005446f,0.3436110572228359f,0f,0f,0f,1f], start_interpolation: 0, interpolation_duration: 1 }