# This file was generated by Animated Java via MC-Build. It is not recommended to edit this file directly.
$data merge entity $(bone_wing_right_1) { transformation: [-0.6748097445471178f,0.11501018403326027f,-0.44536379587628516f,0.010883269244224822f,-0.002179327675905649f,0.7899181804639304f,0.20728956352860334f,1.30728008795383f,0.4599690246522899f,0.17247136047945302f,-0.6524006212590789f,-0.01487793419807075f,0f,0f,0f,1f], start_interpolation: 0, interpolation_duration: 1 }
$data merge entity $(bone_wing_right_2) { transformation: [-0.5676053087446172f,0.35705540992201085f,-0.4362747388175855f,0.010883269244224822f,0.2941470997744836f,0.7157125536827227f,0.20305916427291756f,1.30728008795383f,0.48093835070535573f,-0.016339361871887254f,-0.6390863228660365f,-0.01487793419807075f,0f,0f,0f,1f], start_interpolation: 0, interpolation_duration: 1 }
$data merge entity $(bone_wing_left_1) { transformation: [-0.6952740287738735f,0.3565929191006116f,-0.2374446449265512f,-0.03407004198666565f,0.3219947269629543f,0.733526096723573f,0.15875549022939764f,1.3177734325656953f,0.2825913395082091f,0.041537933473253984f,-0.7650890009418329f,0.009485938878768946f,0f,0f,0f,1f], start_interpolation: 0, interpolation_duration: 1 }
$data merge entity $(bone_wing_left_2) { transformation: [-0.762917531666306f,0.06208559767838506f,-0.23259883584641752f,-0.03407004198666565f,0.016433684957475825f,0.7845666559772541f,0.1555155822655324f,1.3177734325656953f,0.24018071087185466f,0.14352888520986581f,-0.7494749396981221f,0.009485938878768946f,0f,0f,0f,1f], start_interpolation: 0, interpolation_duration: 1 }
$data merge entity $(bone_blade) { transformation: [1.328761899787744f,1.2688358630076775f,0.7902198215800621f,0.5315103239073442f,-0.46520904071309915f,-0.6537643191544633f,1.8319860161691457f,1.1388018619124445f,1.4205535407408132f,-1.400945312189616f,-0.13921160204047361f,0.41016056014725594f,0f,0f,0f,1f], start_interpolation: 0, interpolation_duration: 1 }
$data merge entity $(bone_arm_right_2) { transformation: [0.8301657348789728f,0.4106502902012059f,-0.3770824734597461f,0.26155622544712087f,-0.35959503461038184f,-0.12246833026072876f,-0.9250367123345469f,1.2691921528466596f,-0.4260472552621519f,0.9035307671799638f,0.045998793927367373f,0.610335995102039f,0f,0f,0f,1f], start_interpolation: 0, interpolation_duration: 1 }
$data merge entity $(bone_arm_right_1) { transformation: [0.8862632955614845f,-0.26897245054089913f,-0.3770824734597461f,-0.06802293758980621f,-0.3459624532240032f,0.1568982529938496f,-0.9250367123345469f,1.3978469401393359f,0.3079729726773536f,0.9502824627748854f,0.045998793927367373f,0.4958085458876481f,0f,0f,0f,1f], start_interpolation: 0, interpolation_duration: 1 }
$data merge entity $(bone_arm_left_2) { transformation: [-0.3186835374331122f,0.7501749268690211f,-0.5793775816047569f,0.6102141370502094f,0.3121680072671503f,-0.4940812203298022f,-0.8114400057652265f,1.1748803922778484f,-0.8949815295345346f,-0.4394557165568251f,-0.07672506094851222f,0.17857925153468335f,0f,0f,0f,1f], start_interpolation: 0, interpolation_duration: 1 }
$data merge entity $(bone_arm_left_1) { transformation: [-0.703037706566201f,0.4123828331538052f,-0.5793775816047569f,0.36467883635726095f,0.5451566069497907f,-0.21064043045607714f,-0.8114400057652265f,1.3642527299523646f,-0.45666427169763096f,-0.8863244371996746f,-0.07672506094851222f,0.029910199737369636f,0f,0f,0f,1f], start_interpolation: 0, interpolation_duration: 1 }
$data merge entity $(bone_ear_edge_a1) { transformation: [-0.9921211697454826f,0.12366808070720631f,-0.020044708954010115f,0.365956057811861f,0.1158679817918401f,0.9665989401777938f,0.22860686700677124f,2.078324775547366f,0.04764656691033356f,0.22448317233450188f,-0.9733124421275511f,0.48669989416771653f,0f,0f,0f,1f], start_interpolation: 0, interpolation_duration: 1 }
$data merge entity $(bone_ear_edge_a2) { transformation: [-0.9992524618632066f,-0.03305642302593648f,-0.020044708954010115f,0.25052402880688507f,-0.036767933451077116f,0.9728242489921217f,0.22860686700677124f,2.083893183003439f,0.011943053632040797f,0.2291729771802181f,-0.9733124421275511f,0.4903850187514373f,0f,0f,0f,1f], start_interpolation: 0, interpolation_duration: 1 }
$data merge entity $(bone_ear_edge_b1) { transformation: [-0.9771347216883338f,0.21239878216011898f,0.009720751409260799f,0.2270797241288524f,0.1614124566324356f,0.7112627117941835f,0.684142802092565f,2.094441158589979f,0.1383970899800442f,0.6700687368830772f,-0.7292833011505016f,0.42643542813521446f,0f,0f,0f,1f], start_interpolation: 0, interpolation_duration: 1 }
$data merge entity $(bone_ear_edge_b2) { transformation: [-0.9949451776319603f,-0.09994798896899365f,0.009720751409260799f,0.2558693634036284f,-0.06627989671812629f,0.7263302290528518f,0.684142802092565f,2.1021836355862056f,-0.07543917283441826f,0.6800402913541858f,-0.7292833011505016f,0.4340824108991006f,0f,0f,0f,1f], start_interpolation: 0, interpolation_duration: 1 }
$data merge entity $(bone_ear_right_2) { transformation: [-0.9983310616646568f,0.05692625323660671f,0.009720751409260799f,0.3107561066323035f,0.04815919962008797f,0.7277563588433194f,0.684142802092565f,2.200828738668488f,0.031871347751098435f,0.6834691535508794f,-0.7292833011505016f,0.48450297800108105f,0f,0f,0f,1f], start_interpolation: 0, interpolation_duration: 1 }
$data merge entity $(bone_ear_right_1) { transformation: [-0.9983310616646568f,0.05415995714979793f,-0.020044708954010115f,0.29857011627359903f,0.04815919962008797f,0.9723268955702609f,0.22860686700677124f,1.9820551871651797f,0.031871347751098435f,0.2272599991028582f,-0.9733124421275511f,0.43336947820293803f,0f,0f,0f,1f], start_interpolation: 0, interpolation_duration: 1 }
$data merge entity $(bone_ear_edge_a3) { transformation: [-0.9490848897605564f,-0.3131593020751725f,-0.03419244875675213f,-0.0355286051066062f,-0.3078626890882465f,0.899034329962917f,0.31138053602542765f,2.0380809517306364f,-0.06677152608369792f,0.30605314092804176f,-0.9496699627936719f,0.49467493875325363f,0f,0f,0f,1f], start_interpolation: 0, interpolation_duration: 1 }
$data merge entity $(bone_ear_edge_a4) { transformation: [-0.9863889877440248f,-0.16083420440109947f,-0.03419244875675213f,0.07646783441278869f,-0.16343243405617566f,0.9361260605725018f,0.31138053602542765f,2.066339619222674f,-0.018072198421651947f,0.3127304868599705f,-0.9496699627936719f,0.4999080899600264f,0f,0f,0f,1f], start_interpolation: 0, interpolation_duration: 1 }
$data merge entity $(bone_ear_edge_b3) { transformation: [-0.9231582472172588f,-0.36325254788022954f,-0.12580316789842694f,0.09817919786081489f,-0.35547119841619795f,0.6820458116310466f,0.6391038553577182f,2.078747066856528f,-0.1463525800637293f,0.6347133977592316f,-0.758762034509912f,0.45157842100777335f,0f,0f,0f,1f], start_interpolation: 0, interpolation_duration: 1 }
$data merge entity $(bone_ear_edge_b4) { transformation: [-0.9902268771325766f,-0.06020211583478757f,-0.12580316789842694f,0.0682572389343982f,-0.127309452872725f,0.7585107548849577f,0.6391038553577182f,2.080989044959297f,0.056947651518850305f,0.6488737473290676f,-0.758762034509912f,0.45842791246280357f,0f,0f,0f,1f], start_interpolation: 0, interpolation_duration: 1 }
$data merge entity $(bone_ear_left_2) { transformation: [-0.9686178553028748f,-0.21436653968187064f,-0.12580316789842694f,-0.006037877706365248f,-0.24439928641762668f,0.72925664266118f,0.6391038553577182f,2.1688853952944385f,-0.04525968611262917f,0.6497936101558441f,-0.758762034509912f,0.5035955089490838f,0f,0f,0f,1f], start_interpolation: 0, interpolation_duration: 1 }
$data merge entity $(bone_ear_left_1) { transformation: [-0.9686178553028748f,-0.24619164656112055f,-0.03419244875675213f,0.04935524276988679f,-0.24439928641762668f,0.9183197431086149f,0.31138053602542765f,1.9622634530950003f,-0.04525968611262917f,0.3099653570650308f,-0.9496699627936719f,0.433853303609452f,0f,0f,0f,1f], start_interpolation: 0, interpolation_duration: 1 }
$data merge entity $(bone_head) { transformation: [-0.996859494014849f,-0.07661174084569623f,-0.020044708954010115f,0.21385259385997507f,-0.07916693628071812f,0.9702945411354602f,0.22860686700677124f,1.4677394032042048f,0.0019353016260558742f,0.22947580396921752f,-0.9733124421275511f,0.34642105518845695f,0f,0f,0f,1f], start_interpolation: 0, interpolation_duration: 1 }
$data merge entity $(bone_body_1) { transformation: [-0.8612268893037928f,0.2821743714169095f,-0.422688856318196f,0.108037204578634f,0.20103414611779735f,0.9530154914028188f,0.226598202201456f,1.1103585939281477f,0.4667692333849788f,0.1101775715003549f,-0.8774892509332998f,0.30510446587582385f,0f,0f,0f,1f], start_interpolation: 0, interpolation_duration: 1 }
$data merge entity $(bone_leg_left_2) { transformation: [-0.6777628109069825f,0.6852270000832873f,-0.2666487024313532f,-0.009436752450339897f,-0.05123239283502007f,0.31775758566400775f,0.9467868602158456f,0.5889650610662135f,0.7334935678490058f,0.6553579747815993f,-0.1802584555972248f,0.0023694558258947895f,0f,0f,0f,1f], start_interpolation: 0, interpolation_duration: 1 }
$data merge entity $(bone_leg_left_1) { transformation: [-0.6777628109069825f,0.5121290542766808f,-0.5275996625445644f,0.1718833804606825f,-0.05123239283502007f,0.6829123806291157f,0.7287015317040798f,0.8364928125786302f,0.7334935678490058f,0.520916991611088f,-0.4366150178074384f,0.18720199956098077f,0f,0f,0f,1f], start_interpolation: 0, interpolation_duration: 1 }
$data merge entity $(bone_leg_right_2) { transformation: [-0.6793400423254432f,0.20136400603200266f,-0.705655471152891f,0.11323574162416886f,0.010221538694123605f,0.964117840126573f,0.2652777987250282f,0.5186337412944217f,0.7337524289840474f,0.17300094631075175f,-0.657022104297561f,0.47573084468988946f,0f,0f,0f,1f], start_interpolation: 0, interpolation_duration: 1 }
$data merge entity $(bone_leg_right_1) { transformation: [-0.6793400423254432f,-0.3871816637404291f,-0.6233678417727836f,-0.018261369228953273f,0.010221538694123605f,0.8444040112210798f,-0.5356093594967093f,0.8395676918694202f,0.7337524289840474f,-0.370232663465751f,-0.5696798643651245f,0.34951430626571844f,0f,0f,0f,1f], start_interpolation: 0, interpolation_duration: 1 }
$data merge entity $(bone_coat_downer) { transformation: [-0.7620228870030112f,0.14319383400071278f,-0.6315193152927091f,0.07771617097237751f,0f,0.9752439611619518f,0.22113167167356537f,0.8964529587490333f,0.64755009048227f,0.1685073948564923f,-0.7431582188168832f,0.28148803559447616f,0f,0f,0f,1f], start_interpolation: 0, interpolation_duration: 1 }
$data merge entity $(bone_body_2) { transformation: [-0.7620228870030112f,0.11551105955745543f,-0.6371642761513783f,0.10947897714695748f,0f,0.9839613730527679f,0.17838165920327087f,1.116306828040511f,0.64755009048227f,0.13593090693446375f,-0.7498010861931171f,0.30680111253075265f,0f,0f,0f,1f], start_interpolation: 0, interpolation_duration: 1 }