# This file was generated by Animated Java via MC-Build. It is not recommended to edit this file directly.
$data merge entity $(bone_wing_right_1) { transformation: [-0.7697175349006466f,-0.24635698316620344f,0.11742060192386676f,-0.33621514195824564f,-0.13674131915661722f,0.6522313441950304f,0.47205987938957117f,1.2580269988032435f,-0.23618038137454261f,0.42526104328898406f,-0.6559849975106021f,0.20950104742260908f,0f,0f,0f,1f], start_interpolation: 0, interpolation_duration: 1 }
$data merge entity $(bone_wing_right_2) { transformation: [-0.7889662160472498f,0.06558756614095565f,0.11502426310909397f,-0.33621514195824564f,0.1207499985063755f,0.6415462792409117f,0.4624260042999881f,1.2580269988032435f,-0.054329989847179516f,0.4734095930162886f,-0.6425975485818144f,0.20950104742260908f,0f,0f,0f,1f], start_interpolation: 0, interpolation_duration: 1 }
$data merge entity $(bone_wing_left_1) { transformation: [-0.739288337114037f,0.019721466117490025f,0.3464220876702047f,-0.3857265747150108f,0.23142270620712202f,0.6355364610871254f,0.45769136120869636f,1.261133554725395f,-0.25853574240978433f,0.5124928437036697f,-0.5809085982265987f,0.1932690999194937f,0f,0f,0f,1f], start_interpolation: 0, interpolation_duration: 1 }
$data merge entity $(bone_wing_left_2) { transformation: [-0.6764673713917481f,-0.2592912386519661f,0.339352249146323f,-0.3857265747150108f,-0.028802520194792444f,0.6619305444260671f,0.44835072118402913f,1.261133554725395f,-0.42610129109493144f,0.3669005422647118f,-0.5690533207117702f,0.1932690999194937f,0f,0f,0f,1f], start_interpolation: 0, interpolation_duration: 1 }
$data merge entity $(bone_blade) { transformation: [-1.1052938598595097f,-1.6668225757375037f,-0.005290025393135389f,-1.37304654420779f,0.12593342669136398f,-0.0898366757072381f,1.9940085616013898f,1.13022798856284f,-1.6620668624933947f,1.1016496143101338f,0.1546023023492748f,0.7808670128777182f,0f,0f,0f,1f], start_interpolation: 0, interpolation_duration: 1 }
$data merge entity $(bone_arm_right_2) { transformation: [-0.7836832497465722f,-0.6199513253597075f,-0.03874168622289936f,-1.0938936013291898f,-0.11369288556688815f,0.20447682212302914f,-0.97224644868775f,1.175225501575407f,0.6106672513227855f,-0.7575286023637715f,-0.23072911555038916f,0.5571500189608376f,0f,0f,0f,1f], start_interpolation: 0, interpolation_duration: 1 }
$data merge entity $(bone_arm_right_1) { transformation: [-0.9242456838334592f,-0.37982758939264505f,-0.03874168622289936f,-0.7501897376536222f,-0.05290361836053231f,0.22789921056998327f,-0.97224644868775f,1.19489903465323f,0.3781152246069768f,-0.8965450084394819f,-0.23072911555038916f,0.4165384198101181f,0f,0f,0f,1f], start_interpolation: 0, interpolation_duration: 1 }
$data merge entity $(bone_arm_left_2) { transformation: [0.02533632150592574f,0.9868972856323253f,0.15934810455131623f,-0.11623042630244695f,0.7108256234188957f,0.09429446347950654f,-0.6970190006364605f,0.9504039729427896f,-0.7029118037874215f,0.13092861325417343f,-0.6991228034670676f,0.8955709487755699f,0f,0f,0f,1f], start_interpolation: 0, interpolation_duration: 1 }
$data merge entity $(bone_arm_left_1) { transformation: [-0.21390997563936973f,0.9637690096168621f,0.15934810455131623f,-0.1987973148936384f,0.6669697736601944f,0.26327900367370494f,-0.6970190006364605f,1.1772065919790404f,-0.7137183221311004f,-0.042818948220550435f,-0.6991228034670676f,0.6506317031825717f,0f,0f,0f,1f], start_interpolation: 0, interpolation_duration: 1 }
$data merge entity $(bone_ear_edge_a1) { transformation: [-0.7125277155676878f,-0.4100023133801111f,0.569387704091728f,-0.5258898958790308f,0.40492432022318897f,0.42244426079324215f,0.8109113030502408f,1.6625686740059187f,-0.5730100779564704f,0.8083557073131902f,-0.13498333606231283f,1.0836986105741984f,0f,0f,0f,1f], start_interpolation: 0, interpolation_duration: 1 }
$data merge entity $(bone_ear_edge_a2) { transformation: [-0.639616824458219f,-0.5164183965537387f,0.569387704091728f,-0.6047683133023521f,0.3338541879613491f,0.4805873903527107f,0.8109113030502408f,1.7058667357213384f,-0.6924100656768732f,0.7087649821589923f,-0.13498333606231283f,1.011085844881932f,0f,0f,0f,1f], start_interpolation: 0, interpolation_duration: 1 }
$data merge entity $(bone_ear_edge_b1) { transformation: [-0.7824484302456369f,-0.5793063145741265f,0.22842646059658187f,-0.577422764623764f,0.35991522072468074f,-0.12136491678349141f,0.9250576148893865f,1.7702305739186783f,-0.5081687592688505f,0.8060240386419496f,0.3034629487012834f,0.9849273447653053f,0f,0f,0f,1f], start_interpolation: 0, interpolation_duration: 1 }
$data merge entity $(bone_ear_edge_b2) { transformation: [-0.5651371820979025f,-0.7927429075745555f,0.22842646059658187f,-0.5669183224746338f,0.3798035377910163f,-0.004204975218421933f,0.9250576148893865f,1.758904018357743f,-0.7323723356953552f,0.6095416316164565f,0.3034629487012834f,1.0115474773581496f,0f,0f,0f,1f], start_interpolation: 0, interpolation_duration: 1 }
$data merge entity $(bone_ear_right_2) { transformation: [-0.6821917182557523f,-0.6945759941450484f,0.22842646059658187f,-0.6027055835875923f,0.37446972294417025f,-0.06356756825045157f,0.9250576148893865f,1.7627209888405349f,-0.6280022978790607f,0.7166054371996778f,0.3034629487012834f,1.1298282755022966f,0f,0f,0f,1f], start_interpolation: 0, interpolation_duration: 1 }
$data merge entity $(bone_ear_right_1) { transformation: [-0.6821917182557523f,-0.4587069892343204f,0.569387704091728f,-0.49949651100987036f,0.37446972294417025f,0.4496613005179308f,0.8109113030502408f,1.6615471962240005f,-0.6280022978790607f,0.7664154309799014f,-0.13498333606231283f,0.9573848035318191f,0f,0f,0f,1f], start_interpolation: 0, interpolation_duration: 1 }
$data merge entity $(bone_ear_edge_a3) { transformation: [-0.5705663603992084f,-0.5853881402708218f,0.575998918064148f,-0.7794545619317008f,0.07711249432601913f,0.6600809993868288f,0.747226028365785f,1.7840989553714117f,-0.8176231965885141f,0.4707587487012364f,-0.3314792737436624f,0.8024281271945056f,0f,0f,0f,1f], start_interpolation: 0, interpolation_duration: 1 }
$data merge entity $(bone_ear_edge_a4) { transformation: [-0.655116622266263f,-0.48892479750916f,0.575998918064148f,-0.7089220282792812f,0.17942252958231736f,0.6398912551449484f,0.747226028365785f,1.7698805982541483f,-0.7339140052545152f,0.5928673746881753f,-0.3314792737436624f,0.8929385721301939f,0f,0f,0f,1f], start_interpolation: 0, interpolation_duration: 1 }
$data merge entity $(bone_ear_edge_b3) { transformation: [-0.48937294108090024f,-0.8096882852371049f,0.3239120332553675f,-0.6624832695688329f,0.0717987579582284f,0.332757739480766f,0.9402750795226397f,1.797985170993333f,-0.8691139527665434f,0.4834016627665314f,-0.10470802042378247f,0.8891097810449916f,0f,0f,0f,1f], start_interpolation: 0, interpolation_duration: 1 }
$data merge entity $(bone_ear_edge_b4) { transformation: [-0.7156287647980897f,-0.6188347644613496f,0.3239120332553675f,-0.6886793928661356f,0.1711124731274197f,0.2942843800967215f,0.9402750795226397f,1.805411554532579f,-0.6771971592776939f,0.7283132828152692f,-0.10470802042378247f,0.8747613464014312f,0f,0f,0f,1f], start_interpolation: 0, interpolation_duration: 1 }
$data merge entity $(bone_ear_left_2) { transformation: [-0.6100111018587648f,-0.7231648846020036f,0.3239120332553675f,-0.7872007138265333f,0.12296957506822467f,0.31742913923619837f,0.9402750795226397f,1.875470301663988f,-0.7827930372816276f,0.6134095623988404f,-0.10470802042378247f,0.9006643539072323f,0f,0f,0f,1f], start_interpolation: 0, interpolation_duration: 1 }
$data merge entity $(bone_ear_left_1) { transformation: [-0.6100111018587648f,-0.5441614668441587f,0.575998918064148f,-0.6647643837865979f,0.12296957506822467f,0.6530939795620806f,0.747226028365785f,1.72852415626252f,-0.7827930372816276f,0.5266465150950667f,-0.3314792737436624f,0.7821688880108425f,0f,0f,0f,1f], start_interpolation: 0, interpolation_duration: 1 }
$data merge entity $(bone_head) { transformation: [-0.6610714911069098f,-0.20513725974586963f,0.7217362318116242f,-0.49955185902258914f,0.2679078401540781f,0.8339619018238018f,0.48242402043265264f,1.2525544509200413f,-0.7008636620839062f,0.5122755615587993f,-0.4963505577713728f,0.6227465754028014f,0f,0f,0f,1f], start_interpolation: 0, interpolation_duration: 1 }
$data merge entity $(bone_body_1) { transformation: [-0.9485525326281535f,-0.13341333033917885f,0.28713929743684513f,-0.4495218601453971f,0.05951618290232134f,0.8155926923316228f,0.575557455158034f,0.9467071912956826f,-0.31097574956490304f,0.5630359167078632f,-0.7656922617341007f,0.41160810663735264f,0f,0f,0f,1f], start_interpolation: 0, interpolation_duration: 1 }
$data merge entity $(bone_leg_left_2) { transformation: [-0.9987503479812976f,-0.048633915194798205f,0.011510199827203752f,-0.31878547159808346f,-0.048440455150634894f,0.9986893021508416f,0.016528765055631167f,0.6135050546279736f,-0.012298971991037161f,0.015950550532508212f,-0.9997971370361456f,0.6728398864251457f,0f,0f,0f,1f], start_interpolation: 0, interpolation_duration: 1 }
$data merge entity $(bone_leg_left_1) { transformation: [-0.9987503479812976f,-0.008749119178456333f,0.049205643180819755f,-0.31793392798522796f,-0.048440455150634894f,0.41175604129874194f,-0.9100057608382423f,0.6728992656867002f,-0.012298971991037161f,-0.9112521140538384f,-0.41166530084569153f,0.36976072668929916f,0f,0f,0f,1f], start_interpolation: 0, interpolation_duration: 1 }
$data merge entity $(bone_leg_right_2) { transformation: [-0.9947703977887953f,-0.08476388029967001f,0.05698192941332491f,-0.5622051683378769f,0.007860185445428896f,0.4927116634746586f,0.8701571318795235f,0.3179075754615695f,-0.10183355619777498f,0.8660544447507776f,-0.4894687176516356f,0.2743357354167755f,0f,0f,0f,1f], start_interpolation: 0, interpolation_duration: 1 }
$data merge entity $(bone_leg_right_1) { transformation: [-0.9947703977887953f,-0.005875162318279063f,0.10196733864750909f,-0.5658336713257864f,0.007860185445428896f,0.9909798085307817f,0.13378055377766485f,0.676010293980301f,-0.10183355619777498f,0.13388241688895924f,-0.9857511984674862f,0.33742182782675856f,0f,0f,0f,1f], start_interpolation: 0, interpolation_duration: 1 }
$data merge entity $(bone_coat_downer) { transformation: [-0.9914448613738103f,-0.017985241967960114f,0.12928115843702875f,-0.45036149458000324f,0f,0.9904614256966513f,0.13779029068463866f,0.7335643174119141f,-0.13052619222005293f,0.1366114756464886f,-0.9819878908959226f,0.3581318760382895f,0f,0f,0f,1f], start_interpolation: 0, interpolation_duration: 1 }
$data merge entity $(bone_body_2) { transformation: [-0.9914448613738103f,-0.012328959073905809f,0.12994261665681572f,-0.4453705833935962f,0f,0.9955290539522262f,0.09445582426185029f,0.9560028404043646f,-0.13052619222005293f,0.09364774159123915f,-0.9870121648892652f,0.38007602917680117f,0f,0f,0f,1f], start_interpolation: 0, interpolation_duration: 1 }