# This file was generated by Animated Java via MC-Build. It is not recommended to edit this file directly.
$data merge entity $(bone_wing_right_1) { transformation: [-0.7586577840421436f,-0.13425355867669092f,-0.27084828435741093f,0.03214100278165809f,-0.10334193612086895f,0.8028072181272832f,-0.10846870150401654f,1.6858894392801946f,0.2840831839364993f,-0.06649057790259848f,-0.7627713891456103f,0.08108370274967033f,0f,0f,0f,1f], start_interpolation: 0, interpolation_duration: 1 }
$data merge entity $(bone_wing_right_2) { transformation: [-0.7369322561618237f,0.16289794262159288f,-0.26532076835011686f,0.03214100278165809f,0.2074241849419674f,0.7653006408510455f,-0.10625505453454683f,1.6858894392801946f,0.2321767803407668f,-0.16667090148742597f,-0.7472046261018224f,0.08108370274967033f,0f,0f,0f,1f], start_interpolation: 0, interpolation_duration: 1 }
$data merge entity $(bone_wing_left_1) { transformation: [-0.7609682493172696f,0.13369751159155546f,0.26456897658206235f,-0.028909695581488162f,0.10333731275056696f,0.8028080333522092f,-0.1084670725293813f,1.6858892535371373f,-0.27783658464814437f,-0.06759202189480976f,-0.7649722839761388f,0.08133465873527271f,0f,0f,0f,1f], start_interpolation: 0, interpolation_duration: 1 }
$data merge entity $(bone_wing_left_2) { transformation: [-0.7388148372927666f,-0.16426731140812162f,0.2591696097130407f,-0.028909695581488162f,-0.20742867481324845f,0.7652996454705466f,-0.10625345880429189f,1.6858892535371373f,-0.22611055053066917f,-0.16532605071616183f,-0.7493606047113197f,0.08133465873527271f,0f,0f,0f,1f], start_interpolation: 0, interpolation_duration: 1 }
$data merge entity $(bone_blade) { transformation: [-0.8796563354954945f,0.18570967323064577f,1.7865376146869125f,-0.5609633627230822f,1.4784735849297805f,-1.0547604574537857f,0.8376134168318713f,1.2832770494672683f,1.0199610728295077f,1.6890803103051217f,0.32662993624594877f,0.6858742122635823f,0f,0f,0f,1f], start_interpolation: 0, interpolation_duration: 1 }
$data merge entity $(bone_arm_right_2) { transformation: [-0.3583523135196895f,-0.930192556739557f,-0.07953255170942153f,-0.47498366177720275f,-0.7243958401714131f,0.33078467488158025f,-0.6048406117365461f,1.535610107827755f,0.5889263843108392f,-0.15913298290993277f,-0.7923650721812192f,0.4569220142914048f,0f,0f,0f,1f], start_interpolation: 0, interpolation_duration: 1 }
$data merge entity $(bone_arm_right_1) { transformation: [-0.48217550474218324f,-0.8747395421688425f,0.04834786440851688f,-0.29567464595120335f,-0.837261262290651f,0.443866539115392f,-0.31933692884035436f,1.846966639742091f,0.25787663968278723f,-0.19445623883014862f,-0.9464071057879617f,0.3610241389093683f,0f,0f,0f,1f], start_interpolation: 0, interpolation_duration: 1 }
$data merge entity $(bone_arm_left_2) { transformation: [-0.20323333001869703f,0.971703964476095f,-0.12036452546723056f,0.3803114044658872f,-0.967517576967328f,-0.18042292987994568f,0.17707993853852194f,2.284123676335625f,0.15035275796865796f,0.15244333962156723f,0.9768086180906893f,0.3436476058635977f,0f,0f,0f,1f], start_interpolation: 0, interpolation_duration: 1 }
$data merge entity $(bone_arm_left_1) { transformation: [-0.20323333001869703f,0.971703964476095f,-0.12036452546723056f,0.30134022260499665f,-0.967517576967328f,-0.18042292987994568f,0.17707993853852194f,1.9532309742207303f,0.15035275796865796f,0.15244333962156723f,0.9768086180906893f,0.3939022101063717f,0f,0f,0f,1f], start_interpolation: 0, interpolation_duration: 1 }
$data merge entity $(bone_ear_edge_a1) { transformation: [-0.9981162998499121f,0.061065585929665024f,-0.005903066066625874f,0.18779298436709776f,0.06115774827515695f,0.9827519500359372f,-0.1745231632949476f,2.5988376159437374f,-0.0048561095367370384f,-0.1745554322146095f,-0.984635373772717f,0.29811804829952154f,0f,0f,0f,1f], start_interpolation: 0, interpolation_duration: 1 }
$data merge entity $(bone_ear_edge_a2) { transformation: [-0.9953805941869941f,-0.09582602218061506f,-0.005903066066625874f,0.07217438321066841f,-0.09333148066269063f,0.9802198223821198f,-0.1745231632949476f,2.5979652785610976f,0.022510162888270693f,-0.17316602808347092f,-0.984635373772717f,0.2989658213359884f,0f,0f,0f,1f], start_interpolation: 0, interpolation_duration: 1 }
$data merge entity $(bone_ear_edge_b1) { transformation: [-0.9664082065458371f,0.2569905162434782f,-0.0033245874584642613f,0.03710362777051113f,0.254571362271839f,0.9553723831065333f,-0.1498567019135388f,2.5994063561827128f,-0.03533553214426629f,-0.14566909129343036f,-0.9887021371524529f,0.29580010538794316f,0f,0f,0f,1f], start_interpolation: 0, interpolation_duration: 1 }
$data merge entity $(bone_ear_edge_b2) { transformation: [-0.9985232591489569f,-0.054224054226662544f,-0.0033245874584642613f,0.06636299829879412f,-0.05311454938564496f,0.9872800076650781f,-0.1498567019135388f,2.608830979951686f,0.011408136662264362f,-0.1494588184352711f,-0.9887021371524529f,0.2942732366634121f,0f,0f,0f,1f], start_interpolation: 0, interpolation_duration: 1 }
$data merge entity $(bone_ear_right_2) { transformation: [-0.9947122917897423f,0.10264698573572179f,-0.0033245874584642613f,0.12566749563912732f,0.10198399869983532f,0.983433898592472f,-0.1498567019135388f,2.706771190738416f,-0.012112826738232186f,-0.14940335812351005f,-0.9887021371524529f,0.24762201762777217f,0f,0f,0f,1f], start_interpolation: 0, interpolation_duration: 1 }
$data merge entity $(bone_ear_right_1) { transformation: [-0.9999446586501999f,-0.008708240232577925f,-0.005903066066625874f,0.12762684969145735f,-0.007544539525533455f,0.9846241645403958f,-0.1745231632949476f,2.4852307537168272f,0.007332091126200094f,-0.17446896903225806f,-0.984635373772717f,0.28687753566003016f,0f,0f,0f,1f], start_interpolation: 0, interpolation_duration: 1 }
$data merge entity $(bone_ear_edge_a3) { transformation: [-0.9855628781686798f,-0.168867333845363f,-0.01223260952645297f,-0.19352075464418433f,-0.16720118742502652f,0.9821120267405128f,-0.08660098068326366f,2.5905674838215704f,0.02663786965072656f,-0.08330540493629797f,-0.9961679744946986f,0.31151724510005563f,0f,0f,0f,1f], start_interpolation: 0, interpolation_duration: 1 }
$data merge entity $(bone_ear_edge_a4) { transformation: [-0.9998456347234608f,-0.012612295136624055f,-0.01223260952645297f,-0.07848062216906498f,-0.011506493840632015f,0.9961766262787901f,-0.08660098068326366f,2.6019317126070933f,0.013278076816146116f,-0.08644685805276096f,-0.9961679744946986f,0.3091166515865091f,0f,0f,0f,1f], start_interpolation: 0, interpolation_duration: 1 }
$data merge entity $(bone_ear_edge_b3) { transformation: [-0.9671335952344821f,-0.25387698580446244f,-0.014109750092257116f,-0.05606470485944083f,-0.2523894357760838f,0.9652404988743604f,-0.06789957320488718f,2.5971236674855764f,0.030857441200709018f,-0.06210680648380313f,-0.9975923831460063f,0.30694781171746566f,0f,0f,0f,1f], start_interpolation: 0, interpolation_duration: 1 }
$data merge entity $(bone_ear_edge_b4) { transformation: [-0.9982510109699799f,0.05740935507169043f,-0.014109750092257116f,-0.08529066868871574f,0.05823910027222795f,0.9959908911019595f,-0.06789957320488718f,2.6067698855310257f,0.010155111860277522f,-0.06860255674664784f,-0.9975923831460063f,0.30670462317012953f,0f,0f,0f,1f], start_interpolation: 0, interpolation_duration: 1 }
$data merge entity $(bone_ear_left_2) { transformation: [-0.9949416862713025f,-0.09945831223156346f,-0.014109750092257116f,-0.14480233920819224f,-0.09828522192884719f,0.9928391929758772f,-0.06789957320488718f,2.7084791201629312f,0.020761889846889443f,-0.06616933594239414f,-0.9975923831460063f,0.2692982441175762f,0f,0f,0f,1f], start_interpolation: 0, interpolation_duration: 1 }
$data merge entity $(bone_ear_left_1) { transformation: [-0.9949416862713025f,-0.09970659047320014f,-0.01223260952645297f,-0.12236835635172223f,-0.09828522192884719f,0.9913830164447512f,-0.08660098068326366f,2.4854179414628628f,0.020761889846889443f,-0.08496064101167851f,-0.9961679744946986f,0.28841438834520383f,0f,0f,0f,1f], start_interpolation: 0, interpolation_duration: 1 }
$data merge entity $(bone_head) { transformation: [-0.9999808241727183f,-0.00012825737598095254f,-0.006191513296163742f,0.0028884633655629115f,0.0007487509841430497f,0.9899470776677904f,-0.1414362852628888f,1.9823963541995675f,0.006147410740694878f,-0.1414382090067851f,-0.9899279985807747f,0.3910682940742436f,0f,0f,0f,1f], start_interpolation: 0, interpolation_duration: 1 }
$data merge entity $(bone_body_1) { transformation: [-0.9999915515199431f,-0.0005809025908589244f,-0.004069329295704399f,0.003106301837135008f,-0.000003042413817646664f,0.9900684630243337f,-0.1405860537726883f,1.6111206805654423f,0.004110581404213136f,-0.14058485365363307f,-0.990060100218015f,0.44378761419435603f,0f,0f,0f,1f], start_interpolation: 0, interpolation_duration: 1 }
$data merge entity $(bone_leg_left_2) { transformation: [-0.9910000741869612f,-0.13382470401425992f,-0.0031307438306245328f,0.17412694878321155f,-0.1338416811555488f,0.9909842597037704f,0.006049909489114782f,0.9262269009297499f,0.0022928905106197515f,0.0064144847700953f,-0.9999767982499596f,0.4374622753641109f,0f,0f,0f,1f], start_interpolation: 0, interpolation_duration: 1 }
$data merge entity $(bone_leg_left_1) { transformation: [-0.9910000741869612f,-0.1338043491085375f,-0.0039050123018865416f,0.12810115273828648f,-0.1338416811555488f,0.990932665823174f,0.011783725643192605f,1.2670931151560063f,0.0022928905106197515f,0.012200326398020264f,-0.9999229443756594f,0.4420590348195162f,0f,0f,0f,1f], start_interpolation: 0, interpolation_duration: 1 }
$data merge entity $(bone_leg_right_2) { transformation: [-0.9913623666885077f,0.12678492387626356f,0.033559514171850824f,-0.12767316675327126f,0.13109255407437947f,0.9502717546901321f,0.28248598992586f,1.2447352762176849f,0.003924306310228051f,0.2844453819555297f,-0.9586842152159156f,0.7786322461091295f,0f,0f,0f,1f], start_interpolation: 0, interpolation_duration: 1 }
$data merge entity $(bone_leg_right_1) { transformation: [-0.9913623666885077f,0.05463182974548998f,-0.11923095693829014f,-0.12189695256345272f,0.13109255407437947f,0.4399752440908663f,-0.8883898507150103f,1.2984628310708761f,0.003924306310228051f,-0.8963465556166557f,-0.44333672536136803f,0.44304146494979757f,0f,0f,0f,1f], start_interpolation: 0, interpolation_duration: 1 }
$data merge entity $(bone_coat_downer) { transformation: [-0.999994234573534f,0.00016255496147438687f,-0.0033918130220251088f,-0.004708839383899893f,0f,0.9988535389502308f,0.047870739774937915f,1.387644523438676f,0.0033957060667671227f,0.04787046377970787f,-0.9988477801336016f,0.4430230711621194f,0f,0f,0f,1f], start_interpolation: 0, interpolation_duration: 1 }
$data merge entity $(bone_body_2) { transformation: [-0.999994234573534f,0.000014451439091789463f,-0.00339567531542508f,0.0031068445671279124f,0f,0.9999909440506811f,0.004255798001252781f,1.61108f,0.0033957060667671227f,0.00425577346476235f,-0.9999851786764266f,0.44394744159200566f,0f,0f,0f,1f], start_interpolation: 0, interpolation_duration: 1 }