# This file was generated by Animated Java via MC-Build. It is not recommended to edit this file directly.
$data merge entity $(bone_wing_right_1) { transformation: [-0.770109479855391f,-0.1357910793978675f,-0.2354498168129794f,0.02924616409257308f,-0.10974534000979551f,0.8025608526940505f,-0.1039061235614976f,1.7059661377575317f,0.2486599964357715f,-0.06634233130818416f,-0.7750557048971395f,0.1072611314345479f,0f,0f,0f,1f], start_interpolation: 0, interpolation_duration: 1 }
$data merge entity $(bone_wing_right_2) { transformation: [-0.7478727013027057f,0.1657993862151675f,-0.23064471851067372f,0.02924616409257308f,0.20153658942099956f,0.7674781408651704f,-0.1017855904275895f,1.7059661377575317f,0.2001734891806246f,-0.15325751800422477f,-0.7592382415318918f,0.1072611314345479f,0f,0f,0f,1f], start_interpolation: 0, interpolation_duration: 1 }
$data merge entity $(bone_wing_left_1) { transformation: [-0.770109479855391f,0.1357910793978675f,0.23544981681297958f,-0.02924616409257308f,0.10974534000979551f,0.8025608526940505f,-0.1039061235614976f,1.7059661377575317f,-0.24865999643577166f,-0.06634233130818414f,-0.7750557048971395f,0.10726113143454792f,0f,0f,0f,1f], start_interpolation: 0, interpolation_duration: 1 }
$data merge entity $(bone_wing_left_2) { transformation: [-0.7478727013027057f,-0.1657993862151675f,0.2306447185106739f,-0.02924616409257308f,-0.20153658942099956f,0.7674781408651704f,-0.1017855904275895f,1.7059661377575317f,-0.20017348918062475f,-0.15325751800422482f,-0.7592382415318918f,0.10726113143454792f,0f,0f,0f,1f], start_interpolation: 0, interpolation_duration: 1 }
$data merge entity $(bone_blade) { transformation: [-0.9037687432180802f,0.05964271155047123f,1.783155855706651f,-0.5738252019026582f,1.527186430791399f,-1.0076030144658046f,0.807736201272451f,1.3008948703965557f,0.9224443963668699f,1.7266090791485866f,0.4097772851355121f,0.7165640785919789f,0f,0f,0f,1f], start_interpolation: 0, interpolation_duration: 1 }
$data merge entity $(bone_arm_right_2) { transformation: [-0.3687174672471665f,-0.9253933498097066f,-0.087718740727423f,-0.47599695171904255f,-0.7113896059298198f,0.3416654182684574f,-0.6141576104995002f,1.546447567738087f,0.5983078287318749f,-0.16404843823520598f,-0.7842932181210924f,0.4840293397969466f,0f,0f,0f,1f], start_interpolation: 0, interpolation_duration: 1 }
$data merge entity $(bone_arm_right_1) { transformation: [-0.47920326422963533f,-0.8760969316630359f,0.05308858523521008f,-0.2984375000000001f,-0.8414463988089891f,0.4413611857461982f,-0.3117182408010377f,1.8582291693590032f,0.2496641533801881f,-0.19404759737580837f,-0.9486903290693071f,0.3915211423426781f,0f,0f,0f,1f], start_interpolation: 0, interpolation_duration: 1 }
$data merge entity $(bone_arm_left_2) { transformation: [-0.2537318590913908f,0.9623518908484592f,-0.09746272037257381f,0.38100907213139856f,-0.9196558055778751f,-0.20878767951903096f,0.3326272751113001f,2.286116874986567f,0.2997554719249283f,0.17403029351654425f,0.9380085895073723f,0.3245491238069168f,0f,0f,0f,1f], start_interpolation: 0, interpolation_duration: 1 }
$data merge entity $(bone_arm_left_1) { transformation: [-0.22046851378635396f,0.9705125720805549f,-0.09746272037257381f,0.29574861111111106f,-0.9262953067930448f,-0.17702005667497342f,0.3326272751113001f,1.971596676360842f,0.305566096028364f,0.16361310145699107f,0.9380085895073723f,0.42722225627328636f,0f,0f,0f,1f], start_interpolation: 0, interpolation_duration: 1 }
$data merge entity $(bone_ear_edge_a1) { transformation: [-0.9983587354741421f,0.05726936460355989f,0.00023490503658556036f,0.18455687362808432f,0.0564269815329283f,0.9843583098885306f,-0.1668973142638257f,2.616570834085524f,-0.009789333866727618f,-0.16661013664030214f,-0.9859742548926649f,0.32884281675366456f,0f,0f,0f,1f], start_interpolation: 0, interpolation_duration: 1 }
$data merge entity $(bone_ear_edge_a2) { transformation: [-0.9950261851740674f,-0.09961343100991081f,0.00023490503658556036f,0.06894092790962683f,-0.09825529386026766f,0.9810663503147757f,-0.1668973142638257f,2.615139878006789f,0.016394756673245452f,-0.16609027859113093f,-0.9859742548926649f,0.32905749168798576f,0f,0f,0f,1f], start_interpolation: 0, interpolation_duration: 1 }
$data merge entity $(bone_ear_edge_b1) { transformation: [-0.9672290083249134f,0.2538547149252226f,0.005082240159477541f,0.03372679862594166f,0.25147173568552844f,0.9605303847925296f,-0.11892580057171286f,2.6154060437132216f,-0.035071521297377055f,-0.11375044439714972f,-0.9928901373230267f,0.32294734580611867f,0f,0f,0f,1f], start_interpolation: 0, interpolation_duration: 1 }
$data merge entity $(bone_ear_edge_b2) { transformation: [-0.9983348721312096f,-0.057460020202944176f,0.005082240159477541f,0.06295485339221918f,-0.057656379626624885f,0.9912277214882198f,-0.11892580057171286f,2.6249970850673883f,0.0017958215701670763f,-0.11902079747485121f,-0.9928901373230267f,0.32194816347934196f,0f,0f,0f,1f], start_interpolation: 0, interpolation_duration: 1 }
$data merge entity $(bone_ear_right_2) { transformation: [-0.9950324407351818f,0.09942138964804402f,0.005082240159477541f,0.12218477173806803f,0.09811564442591218f,0.9880435082916467f,-0.11892580057171286f,2.724595435992041f,-0.01684524275499673f,-0.11783638234088253f,-0.9928901373230267f,0.2788479338154085f,0f,0f,0f,1f], start_interpolation: 0, interpolation_duration: 1 }
$data merge entity $(bone_ear_right_1) { transformation: [-0.9999216927001727f,-0.012512125608586321f,0.00023490503658556036f,0.12499999999999996f,-0.012375836356626575f,0.9858966097750798f,-0.1668973142638257f,2.5027686987926483f,0.0018566480806158972f,-0.1668871521320894f,-0.9859742548926649f,0.31639754304512857f,0f,0f,0f,1f], start_interpolation: 0, interpolation_duration: 1 }
$data merge entity $(bone_ear_edge_a3) { transformation: [-0.9846336306719132f,-0.17425178673046796f,-0.011529447995715095f,-0.1967353519050436f,-0.17366446554211465f,0.9839804955135933f,-0.04028694399920603f,2.6063391516388474f,0.0183648239255939f,-0.03766562451444282f,-0.9991216312202027f,0.34432660703844553f,0f,0f,0f,1f], start_interpolation: 0, interpolation_duration: 1 }
$data merge entity $(bone_ear_edge_a4) { transformation: [-0.9997701418119929f,-0.018075822806772723f,-0.011529447995715095f,-0.08175897314136078f,-0.017597905365942412f,0.9990331705553808f,-0.04028694399920603f,2.6184338062238406f,0.012246520647068652f,-0.040074789580507884f,-0.9991216312202027f,0.34251214241772376f,0f,0f,0f,1f], start_interpolation: 0, interpolation_duration: 1 }
$data merge entity $(bone_ear_edge_b3) { transformation: [-0.9658507660467057f,-0.258451757618945f,-0.01830264217728582f,-0.059255527736723934f,-0.25884541988599585f,0.9656195977441994f,0.02403832474140711f,2.612437129615697f,0.011460642697255115f,0.0279549894653702f,-0.999543481912096f,0.334542879894285f,0f,0f,0f,1f], start_interpolation: 0, interpolation_duration: 1 }
$data merge entity $(bone_ear_edge_b4) { transformation: [-0.9984446501477142f,0.05266207250706029f,-0.01830264217728582f,-0.08852497299995742f,0.05221624250872672f,0.9983464443578175f,0.02403832474140711f,2.6219229811451625f,0.019538285740526958f,0.023045241534091737f,-0.999543481912096f,0.33530696087396755f,0f,0f,0f,1f], start_interpolation: 0, interpolation_duration: 1 }
$data merge entity $(bone_ear_left_2) { transformation: [-0.9943903028210405f,-0.10417743971133893f,-0.01830264217728582f,-0.14865711832931944f,-0.10460241803237419f,0.9942235629300923f,0.02403832474140711f,2.726350701365367f,0.015692666990026163f,0.025817977647043716f,-0.999543481912096f,0.30765518192668934f,0f,0f,0f,1f], start_interpolation: 0, interpolation_duration: 1 }
$data merge entity $(bone_ear_left_1) { transformation: [-0.9943903028210405f,-0.10514274813030863f,-0.011529447995715095f,-0.12500000000000003f,-0.10460241803237419f,0.9936977892120851f,-0.04028694399920603f,2.5027686987926483f,0.015692666990026163f,-0.03885493830417448f,-0.9991216312202027f,0.31639754304512857f,0f,0f,0f,1f], start_interpolation: 0, interpolation_duration: 1 }
$data merge entity $(bone_head) { transformation: [-1f,1.6471464049302866e-17f,1.0979363604576922e-16f,-4.699986017405109e-17f,0f,0.9889331567667562f,-0.14836175870937382f,2.0005767609093534f,-1.1102230246251565e-16f,-0.14836175870937382f,-0.9889331567667562f,0.4233371055326438f,0f,0f,0f,1f], start_interpolation: 0, interpolation_duration: 1 }
$data merge entity $(bone_body_1) { transformation: [-1f,1.4751981604296603e-17f,1.100378602246736e-16f,-5.253185327566232e-17f,0f,0.9911329326089735f,-0.13287403771217318f,1.6289019111809884f,-1.1102230246251565e-16f,-0.13287403771217318f,-0.9911329326089735f,0.4731648696747088f,0f,0f,0f,1f], start_interpolation: 0, interpolation_duration: 1 }
$data merge entity $(bone_leg_left_2) { transformation: [-0.9907672547133266f,-0.13509242299582364f,0.011414212059339016f,0.17203197550112498f,-0.13462164808061294f,0.9902767049573947f,0.035057944702801255f,0.9436039761930273f,-0.01603929100296222f,0.03319766359011618f,-0.999320097004098f,0.41495394211751646f,0f,0f,0f,1f], start_interpolation: 0, interpolation_duration: 1 }
$data merge entity $(bone_leg_left_1) { transformation: [-0.9907672547133266f,-0.13557126777864656f,0.0008236144174374193f,0.12499999999999994f,-0.13462164808061294f,0.984509754545892f,0.11232789089111872f,1.2845639129823416f,-0.01603929100296222f,0.1111799197556734f,-0.9936708542506639f,0.458419244344791f,0f,0f,0f,1f], start_interpolation: 0, interpolation_duration: 1 }
$data merge entity $(bone_leg_right_2) { transformation: [-0.9918653233095148f,0.12378952411109746f,0.02965356869686438f,-0.1274543021065545f,0.12679592006374346f,0.940278187358961f,0.31591094478054293f,1.2688005406251643f,0.011223861692858533f,0.3171010629078599f,-0.9483253349095999f,0.7966046964242728f,0f,0f,0f,1f], start_interpolation: 0, interpolation_duration: 1 }
$data merge entity $(bone_leg_right_1) { transformation: [-0.9918653233095148f,0.04590934950187886f,-0.11872452166433846f,-0.12500000000000006f,0.12679592006374346f,0.43857518852604427f,-0.8897047817475937f,1.317790163242297f,0.011223861692858533f,-0.897521105956656f,-0.4408286393725351f,0.4600585749319264f,0f,0f,0f,1f], start_interpolation: 0, interpolation_duration: 1 }
$data merge entity $(bone_coat_downer) { transformation: [-1f,-1.0648445491882838e-17f,1.1051046218654914e-16f,-0.007812500000000052f,0f,0.995389752647768f,0.09591267029863718f,1.408982477663043f,-1.1102230246251565e-16f,0.09591267029863718f,-0.995389752647768f,0.4645578593583058f,0f,0f,0f,1f], start_interpolation: 0, interpolation_duration: 1 }
$data merge entity $(bone_body_2) { transformation: [-1f,-5.471009707845815e-18f,1.1088741901972002e-16f,-5.279871190461343e-17f,0f,0.9987850779545743f,0.04927847456318956f,1.6321485185185183f,-1.1102230246251565e-16f,0.04927847456318956f,-0.9987850779545743f,0.47556851851851845f,0f,0f,0f,1f], start_interpolation: 0, interpolation_duration: 1 }