# This file was generated by Animated Java via MC-Build. It is not recommended to edit this file directly.
$data merge entity $(bone_wing_right_1) { transformation: [-0.7133870355077803f,-0.12578938204764936f,-0.3770947008086109f,0.03629891668217783f,-0.09212648947134448f,0.8059262030409255f,-0.09455215298536242f,1.6426945257126775f,0.386698968128377f,-0.04005534996166717f,-0.7181949049055841f,0.09522570155756407f,0f,0f,0f,1f], start_interpolation: 0, interpolation_duration: 1 }
$data merge entity $(bone_wing_right_2) { transformation: [-0.6927881077632185f,0.15358742583360743f,-0.36939889058802705f,0.03629891668217783f,0.21874366784128058f,0.763919025214714f,-0.09262251721015094f,1.6426945257126775f,0.33495648302608294f,-0.18121430832251445f,-0.70353786602996f,0.09522570155756407f,0f,0f,0f,1f], start_interpolation: 0, interpolation_duration: 1 }
$data merge entity $(bone_wing_left_1) { transformation: [-0.7133870355077803f,0.1257893820476494f,0.3770947008086111f,-0.03629891668217783f,0.09212648947134448f,0.8059262030409255f,-0.09455215298536242f,1.6426945257126775f,-0.38669896812837723f,-0.040055349961667125f,-0.7181949049055841f,0.0952257015575641f,0f,0f,0f,1f], start_interpolation: 0, interpolation_duration: 1 }
$data merge entity $(bone_wing_left_2) { transformation: [-0.6927881077632185f,-0.15358742583360743f,0.3693988905880273f,-0.03629891668217783f,-0.21874366784128058f,0.763919025214714f,-0.09262251721015094f,1.6426945257126775f,-0.33495648302608316f,-0.1812143083225145f,-0.70353786602996f,0.0952257015575641f,0f,0f,0f,1f], start_interpolation: 0, interpolation_duration: 1 }
$data merge entity $(bone_blade) { transformation: [-0.8722569708709423f,0.15644565230251592f,1.792956367188752f,-0.5736708231747035f,1.477509962522408f,-1.0754487367638543f,0.8126341890666805f,1.235708918907788f,1.0276828729788585f,1.6789683655354168f,0.35345882379316845f,0.6793405113892665f,0f,0f,0f,1f], start_interpolation: 0, interpolation_duration: 1 }
$data merge entity $(bone_arm_right_2) { transformation: [-0.37202232678076985f,-0.924546447009222f,-0.08254244786317982f,-0.4826134499046939f,-0.7261015783353889f,0.34525837451923574f,-0.5946201752069906f,1.48940002940213f,0.5782524416857044f,-0.16127777945817223f,-0.7997584582469648f,0.45382021947934215f,0f,0f,0f,1f], start_interpolation: 0, interpolation_duration: 1 }
$data merge entity $(bone_arm_right_1) { transformation: [-0.49526305856724395f,-0.8673217032318344f,0.049674600367271976f,-0.2984375000000001f,-0.8330419591062325f,0.4579096499343626f,-0.3104188249211691f,1.7991875079447601f,0.2464865050810462f,-0.19512000307507943f,-0.9493011046095503f,0.36215805040232807f,0f,0f,0f,1f], start_interpolation: 0, interpolation_duration: 1 }
$data merge entity $(bone_arm_left_2) { transformation: [-0.17777036293432716f,0.9756117119830992f,-0.12876135096994046f,0.3686924220585165f,-0.975121044252631f,-0.15703116504022208f,0.1564613762619047f,2.238583995482734f,0.13242600619914602f,0.15337209866047102f,0.9792549985752573f,0.3545940980429989f,0f,0f,0f,1f], start_interpolation: 0, interpolation_duration: 1 }
$data merge entity $(bone_arm_left_1) { transformation: [-0.17777036293432716f,0.9756117119830992f,-0.12876135096994046f,0.29843749999999997f,-0.975121044252631f,-0.15703116504022208f,0.1564613762619047f,1.904858303693144f,0.13242600619914602f,0.15337209866047102f,0.9792549985752573f,0.39867767424901346f,0f,0f,0f,1f], start_interpolation: 0, interpolation_duration: 1 }
$data merge entity $(bone_ear_edge_a1) { transformation: [-0.9975640502598242f,0.06975647374412532f,1.2141697760125282e-16f,0.18593749999999995f,0.06915969744117015f,0.9890297515213482f,-0.13052619222005157f,2.5508465961820175f,-0.0091050469005188f,-0.13020823697602701f,-0.9914448613738104f,0.31363170213063607f,0f,0f,0f,1f], start_interpolation: 0, interpolation_duration: 1 }
$data merge entity $(bone_ear_edge_a2) { transformation: [-0.9961946980917455f,-0.08715574274765817f,1.2141697760125282e-16f,0.07031249999999994f,-0.08641011328638344f,0.9876721143508955f,-0.13052619222005157f,2.5508465961820175f,0.011376107230962076f,-0.13002950065171942f,-0.9914448613738104f,0.31363170213063607f,0f,0f,0f,1f], start_interpolation: 0, interpolation_duration: 1 }
$data merge entity $(bone_ear_edge_b1) { transformation: [-0.9659258262890683f,0.25881904510252074f,1.2141697760125282e-16f,0.03611751092512129f,0.25660481229257065f,0.9576621969425485f,-0.13052619222005157f,2.5532464920461306f,-0.03378266443126194f,-0.12607862007251905f,-0.9914448613738104f,0.3133157498461759f,0f,0f,0f,1f], start_interpolation: 0, interpolation_duration: 1 }
$data merge entity $(bone_ear_edge_b2) { transformation: [-0.9986295347545738f,-0.05233595624294382f,1.2141697760125282e-16f,0.06539504502319962f,-0.05188821488215127f,0.9900861206485412f,-0.13052619222005157f,2.562656950236069f,0.006831213084586575f,-0.1303473106099962f,-0.9914448613738104f,0.31207683952202875f,0f,0f,0f,1f], start_interpolation: 0, interpolation_duration: 1 }
$data merge entity $(bone_ear_right_2) { transformation: [-0.9945218953682733f,0.10452846326765347f,1.2141697760125282e-16f,0.12499999999999996f,0.10363420777401611f,0.9860136226866169f,-0.13052619222005157f,2.661403464771487f,-0.013643702288940457f,-0.12981115608188926f,-0.9914448613738104f,0.2675569592372611f,0f,0f,0f,1f], start_interpolation: 0, interpolation_duration: 1 }
$data merge entity $(bone_ear_right_1) { transformation: [-1f,1.5984848350717833e-17f,1.2141697760125282e-16f,0.12499999999999996f,0f,0.9914448613738104f,-0.13052619222005157f,2.43832837096238f,-1.2246467991473532e-16f,-0.13052619222005157f,-0.9914448613738104f,0.29692535248677265f,0f,0f,0f,1f], start_interpolation: 0, interpolation_duration: 1 }
$data merge entity $(bone_ear_edge_a3) { transformation: [-0.9848077530122079f,-0.1736481776669303f,1.2141697760125282e-16f,-0.19703647866890378f,-0.17216259343480453f,0.9763825861650421f,-0.13052619222005157f,2.5439373449143763f,0.022665635416815294f,-0.12854320606946856f,-0.9914448613738104f,0.31454132231647985f,0f,0f,0f,1f], start_interpolation: 0, interpolation_duration: 1 }
$data merge entity $(bone_ear_edge_a4) { transformation: [-0.9998476951563912f,-0.017452406437283477f,1.2141697760125282e-16f,-0.08204488451694719f,-0.017303098680851933f,0.9912938595192521f,-0.13052619222005157f,2.555920050188247f,0.0022779961573352117f,-0.13050631244875863f,-0.9914448613738104f,0.3129637692393211f,0f,0f,0f,1f], start_interpolation: 0, interpolation_duration: 1 }
$data merge entity $(bone_ear_edge_b3) { transformation: [-0.9659258262890683f,-0.25881904510252074f,1.2141697760125282e-16f,-0.05963641516034335f,-0.25660481229257065f,0.9576621969425485f,-0.13052619222005157f,2.552024463341512f,0.033782664431261704f,-0.12607862007251908f,-0.9914448613738104f,0.31347663297726236f,0f,0f,0f,1f], start_interpolation: 0, interpolation_duration: 1 }
$data merge entity $(bone_ear_edge_b4) { transformation: [-0.9986295347545738f,0.05233595624294385f,1.2141697760125282e-16f,-0.08891394925842169f,0.05188821488215127f,0.9900861206485412f,-0.13052619222005157f,2.5614349215314505f,-0.006831213084586814f,-0.13034731060999616f,-0.9914448613738104f,0.3122377226531152f,0f,0f,0f,1f], start_interpolation: 0, interpolation_duration: 1 }
$data merge entity $(bone_ear_left_2) { transformation: [-0.9945218953682733f,-0.10452846326765344f,1.2141697760125282e-16f,-0.14851890423522202f,-0.10363420777401611f,0.9860136226866169f,-0.13052619222005157f,2.6601814360668685f,0.013643702288940214f,-0.12981115608188926f,-0.9914448613738104f,0.26771784236834756f,0f,0f,0f,1f], start_interpolation: 0, interpolation_duration: 1 }
$data merge entity $(bone_ear_left_1) { transformation: [-0.9945218953682733f,-0.10452846326765344f,1.2141697760125282e-16f,-0.12500000000000003f,-0.10363420777401611f,0.9860136226866169f,-0.13052619222005157f,2.43832837096238f,0.013643702288940214f,-0.12981115608188926f,-0.9914448613738104f,0.2969253524867726f,0f,0f,0f,1f], start_interpolation: 0, interpolation_duration: 1 }
$data merge entity $(bone_head) { transformation: [-1f,1.5984848350717833e-17f,1.2141697760125282e-16f,-4.834938358064461e-17f,0f,0.9914448613738104f,-0.13052619222005157f,1.9342918230151789f,-1.2246467991473532e-16f,-0.13052619222005157f,-0.9914448613738104f,0.39480267791748064f,0f,0f,0f,1f], start_interpolation: 0, interpolation_duration: 1 }
$data merge entity $(bone_body_1) { transformation: [-1f,1.5984848350717833e-17f,1.2141697760125282e-16f,-5.43437017121638e-17f,0f,0.9914448613738104f,-0.13052619222005157f,1.5625f,-1.2246467991473532e-16f,-0.13052619222005157f,-0.9914448613738104f,0.44375f,0f,0f,0f,1f], start_interpolation: 0, interpolation_duration: 1 }
$data merge entity $(bone_leg_left_2) { transformation: [-0.992546151641322f,-0.12186934340514746f,1.2246467991473532e-16f,0.16689258679551938f,-0.12186934340514746f,0.992546151641322f,0f,0.8775622603732955f,-1.2155184676135683e-16f,-1.4924690131530345e-17f,-1f,0.44375f,0f,0f,0f,1f], start_interpolation: 0, interpolation_duration: 1 }
$data merge entity $(bone_leg_left_1) { transformation: [-0.992546151641322f,-0.12186934340514746f,1.2246467991473532e-16f,0.12499999999999994f,-0.12186934340514746f,0.992546151641322f,0f,1.21875f,-1.2155184676135683e-16f,-1.4924690131530345e-17f,-1f,0.44375f,0f,0f,0f,1f], start_interpolation: 0, interpolation_duration: 1 }
$data merge entity $(bone_leg_right_2) { transformation: [-0.992546151641322f,0.11622885858204574f,0.03664681834370578f,-0.1324787823185189f,0.12186934340514746f,0.9466080892202487f,0.2984643840741932f,1.1890902059385717f,-1.146129528574496e-16f,0.300705799504273f,-0.9537169507482267f,0.7782033821064254f,0f,0f,0f,1f], start_interpolation: 0, interpolation_duration: 1 }
$data merge entity $(bone_leg_right_1) { transformation: [-0.992546151641322f,0.05627300031319108f,-0.10809942783268262f,-0.12500000000000006f,0.12186934340514746f,0.45830680909215027f,-0.8803991889352065f,1.25f,-1.146129528574496e-16f,-0.8870108331782216f,-0.461748613235034f,0.44375f,0f,0f,0f,1f], start_interpolation: 0, interpolation_duration: 1 }
$data merge entity $(bone_coat_downer) { transformation: [-1f,-5.341834311772723e-18f,1.223481206754078e-16f,-0.007812500000000054f,0f,0.9990482215818578f,0.043619387365336f,1.3390625f,-1.2246467991473532e-16f,0.043619387365336f,-0.9990482215818578f,0.44375f,0f,0f,0f,1f], start_interpolation: 0, interpolation_duration: 1 }
$data merge entity $(bone_body_2) { transformation: [-1f,0f,1.2246467991473532e-16f,-5.43437017121638e-17f,0f,1f,0f,1.5625f,-1.2246467991473532e-16f,0f,-1f,0.44375f,0f,0f,0f,1f], start_interpolation: 0, interpolation_duration: 1 }