# This file was generated by Animated Java via MC-Build. It is not recommended to edit this file directly.
$data merge entity $(bone_wing_right_1) { transformation: [-0.7503684758008916f,-0.13231020775678404f,-0.2939142798369069f,0.03170072011652614f,-0.09007132068092129f,0.8010968789388224f,-0.13067284411734773f,1.758952966577584f,0.3094814245790619f,-0.08764841083715466f,-0.7506553459229341f,-0.13132397192782236f,0f,0f,0f,1f], start_interpolation: 0, interpolation_duration: 1 }
$data merge entity $(bone_wing_right_2) { transformation: [-0.7287017153392055f,0.1615492809494568f,-0.2879160292279904f,0.03170072011652614f,0.2187932607143565f,0.7587779384484067f,-0.128006051380259f,1.758952966577584f,0.2472313069327572f,-0.19534039507664402f,-0.7353358490673642f,-0.13132397192782236f,0f,0f,0f,1f], start_interpolation: 0, interpolation_duration: 1 }
$data merge entity $(bone_wing_left_1) { transformation: [-0.7503684758008916f,0.1323102077567841f,0.2939142798369071f,-0.031700720116526096f,0.09007132068092129f,0.8010968789388224f,-0.13067284411734773f,1.758952966577584f,-0.30948142457906214f,-0.08764841083715462f,-0.7506553459229341f,-0.13132397192782233f,0f,0f,0f,1f], start_interpolation: 0, interpolation_duration: 1 }
$data merge entity $(bone_wing_left_2) { transformation: [-0.7287017153392055f,-0.16154928094945675f,0.28791602922799064f,-0.031700720116526096f,-0.2187932607143565f,0.7587779384484067f,-0.128006051380259f,1.758952966577584f,-0.2472313069327574f,-0.19534039507664405f,-0.7353358490673642f,-0.13132397192782233f,0f,0f,0f,1f], start_interpolation: 0, interpolation_duration: 1 }
$data merge entity $(bone_blade) { transformation: [-0.6841542459993861f,1.4964975076346605f,1.1368501120747005f,-0.23896402330069944f,1.2733830077891246f,-0.5206595391448553f,1.4516918956071176f,1.449105318016425f,1.38218257952954f,1.220413394690797f,-0.7747015314973589f,0.589955920069081f,0f,0f,0f,1f], start_interpolation: 0, interpolation_duration: 1 }
$data merge entity $(bone_arm_right_2) { transformation: [0.08163449930499268f,-0.9966304007671728f,0.007978269855542737f,-0.3584649019717383f,-0.7040640045493844f,-0.06333240168263082f,-0.707306782375932f,1.6699210457420963f,0.7054287249758884f,0.052123422410415524f,-0.7068616999209378f,0.34996855157620077f,0f,0f,0f,1f], start_interpolation: 0, interpolation_duration: 1 }
$data merge entity $(bone_arm_right_1) { transformation: [-0.15744892320455925f,-0.9875069172530617f,-0.006318620029702193f,-0.2984375000000001f,-0.8078531200536045f,0.13247947558838075f,-0.5743017716910546f,1.977915047762533f,0.5679640596035821f,-0.0853186786417991f,-0.8186192949554977f,0.13343225385233515f,0f,0f,0f,1f], start_interpolation: 0, interpolation_duration: 1 }
$data merge entity $(bone_arm_left_2) { transformation: [0.20894477843169262f,0.9676480441778433f,-0.14141903041997372f,0.3299972360541931f,-0.5095327589460077f,-0.015707875840584015f,-0.8603078694266642f,2.208232386541795f,-0.8346966198128518f,0.2518144658977546f,0.4897662990015015f,0.48460030561224f,0f,0f,0f,1f], start_interpolation: 0, interpolation_duration: 1 }
$data merge entity $(bone_arm_left_1) { transformation: [-0.027039435279573202f,0.989580480190892f,-0.14141903041997372f,0.31718749999999996f,-0.4911970642265588f,-0.13636646911086128f,-0.8603078694266642f,2.032134586801347f,-0.8706286883826949f,0.046202373612187736f,0.4897662990015015f,0.17157373830717088f,0f,0f,0f,1f], start_interpolation: 0, interpolation_duration: 1 }
$data merge entity $(bone_ear_edge_a1) { transformation: [-0.9877403530770759f,0.15569065189484857f,0.01137610723096232f,0.19480121720469634f,0.15610383621071006f,0.9854599402185156f,0.06708426450978994f,2.675276066176011f,-0.0007663050783278998f,0.06803768909271349f,-0.9976824573176829f,0.141286647412886f,0f,0f,0f,1f], start_interpolation: 0, interpolation_duration: 1 }
$data merge entity $(bone_ear_edge_a2) { transformation: [-0.9999350141104881f,-0.0007427921160629153f,0.01137610723096232f,0.07961620523783827f,0.000022040380830021244f,0.9977473131857595f,0.06708426450978994f,2.685333286465484f,-0.011400310086995498f,0.06708015571292426f,-0.9976824573176829f,0.14064949496348694f,0f,0f,0f,1f], start_interpolation: 0, interpolation_duration: 1 }
$data merge entity $(bone_ear_edge_b1) { transformation: [-0.957503357597864f,0.2850534860131628f,0.043952591511317175f,0.051190427514990436f,0.28481037081970073f,0.910428971432696f,0.30000356772803227f,2.6838337019169676f,0.04550135011581165f,0.2997725772777542f,-0.9529249860560333f,0.11029163766586206f,0f,0f,0f,1f], start_interpolation: 0, interpolation_duration: 1 }
$data merge entity $(bone_ear_edge_b2) { transformation: [-0.9987261791018258f,-0.02478283430334452f,0.043952591511317175f,0.08068978296497939f,-0.010467265267491116f,0.9538806506624778f,0.30000356772803227f,2.691724840139345f,-0.04936046529853334f,0.2991613534793909f,-0.9529249860560333f,0.11413658117526992f,0f,0f,0f,1f], start_interpolation: 0, interpolation_duration: 1 }
$data merge entity $(bone_ear_right_2) { transformation: [-0.990307091972429f,0.13175747906115332f,0.043952591511317175f,0.14444227548943622f,0.1388814134359946f,0.9437742380211871f,0.30000356772803227f,2.797598190451107f,-0.001953609769452357f,0.30319985877136796f,-0.9529249860560333f,0.1176147878873451f,0f,0f,0f,1f], start_interpolation: 0, interpolation_duration: 1 }
$data merge entity $(bone_ear_right_1) { transformation: [-0.9961946980917455f,0.08641011328638343f,0.01137610723096232f,0.12499999999999999f,0.08698136466571199f,0.9939486624851763f,0.06708426450978994f,2.573959741391943f,-0.005510507670478282f,0.06781849796156958f,-0.9976824573176829f,0.10235562584599196f,0f,0f,0f,1f], start_interpolation: 0, interpolation_duration: 1 }
$data merge entity $(bone_ear_edge_a3) { transformation: [-0.9862898026409043f,-0.16498752727914082f,-0.0033972119275474367f,-0.1960273350063641f,-0.16483016722135624f,0.9859251442667807f,-0.027975451315523682f,2.677835530612145f,0.007964997196838273f,-0.02703193934667405f,-0.9996028376684473f,0.13095230619570847f,0f,0f,0f,1f], start_interpolation: 0, interpolation_duration: 1 }
$data merge entity $(bone_ear_edge_a4) { transformation: [-0.9999566740845236f,-0.008666539386464847f,-0.0033972119275474367f,-0.08093464957015907f,-0.008568161829794113f,0.9995718887236431f,-0.027975451315523682f,2.688895522949048f,0.003638207893493194f,-0.027945131391919235f,-0.9996028376684473f,0.13025162539077786f,0f,0f,0f,1f], start_interpolation: 0, interpolation_duration: 1 }
$data merge entity $(bone_ear_edge_b3) { transformation: [-0.9681503722038681f,-0.2503627559854094f,-0.0018295400793706708f,-0.05860547628549502f,-0.25003953627191716f,0.9672238585407233f,-0.04425198041353032f,2.685349730071784f,0.012848622589067608f,-0.042385113955080926f,-0.9990187260570137f,0.13226566636583714f,0f,0f,0f,1f], start_interpolation: 0, interpolation_duration: 1 }
$data merge entity $(bone_ear_edge_b4) { transformation: [-0.9981320665961068f,0.06106578760388888f,-0.0018295400793706708f,-0.08779884798271995f,0.06108687935116841f,0.9971510193549502f,-0.04425198041353032f,2.6950898432770316f,-0.0008779542818888944f,-0.044281081555224096f,-0.9990187260570137f,0.13188768660893857f,0f,0f,0f,1f], start_interpolation: 0, interpolation_duration: 1 }
$data merge entity $(bone_ear_left_2) { transformation: [-0.9953961983671789f,-0.0958282894518419f,-0.0018295400793706708f,-0.1465517436274057f,-0.09565398777862162f,0.994430528921718f,-0.04425198041353032f,2.7978395679568946f,0.006059942096697078f,-0.043873250269454316f,-0.9990187260570137f,0.0961632431167441f,0f,0f,0f,1f], start_interpolation: 0, interpolation_duration: 1 }
$data merge entity $(bone_ear_left_1) { transformation: [-0.9953961983671789f,-0.09578552723291418f,-0.0033972119275474367f,-0.12500000000000003f,-0.09565398777862162f,0.9950214513997877f,-0.027975451315523682f,2.573959741391943f,0.006059942096697078f,-0.027521701018879352f,-0.9996028376684473f,0.10235562584599193f,0f,0f,0f,1f], start_interpolation: 0, interpolation_duration: 1 }
$data merge entity $(bone_head) { transformation: [-1f,7.74294999684268e-18f,1.2221965697859314e-16f,-2.0322575110664728e-17f,0f,0.9979992358914197f,-0.0632259848491306f,2.064460945024125f,-1.2246467991473532e-16f,-0.0632259848491306f,-0.9979992358914197f,0.16594641920277825f,0f,0f,0f,1f], start_interpolation: 0, interpolation_duration: 1 }
$data merge entity $(bone_body_1) { transformation: [-1f,2.1002600621638494e-17f,1.2065027390663698e-16f,-2.8198550343779164e-17f,0f,0.9851842505989351f,-0.17149924889577406f,1.6950168510495243f,-1.2246467991473532e-16f,-0.17149924889577406f,-0.9851842505989351f,0.23025863753869352f,0f,0f,0f,1f], start_interpolation: 0, interpolation_duration: 1 }
$data merge entity $(bone_leg_left_2) { transformation: [-0.9875324672334668f,-0.13559320064401328f,-0.07996317964472228f,0.175596004338487f,-0.11893873871137664f,0.9754712824348766f,-0.18522784234181427f,1.1521449049732784f,0.10311742138711899f,-0.17340778841784893f,-0.9794368465207453f,0.5473712877962242f,0f,0f,0f,1f], start_interpolation: 0, interpolation_duration: 1 }
$data merge entity $(bone_leg_left_1) { transformation: [-0.9875324672334668f,-0.15740299605027328f,0.0019806549874816725f,0.12499999999999996f,-0.11893873871137664f,0.7378507275804322f,-0.6644018966279173f,1.3668017927166454f,0.10311742138711899f,-0.6563540208175953f,-0.7473728632771242f,0.3104163951704096f,0f,0f,0f,1f], start_interpolation: 0, interpolation_duration: 1 }
$data merge entity $(bone_leg_right_2) { transformation: [-0.9847085230841948f,0.14860088277797318f,0.09092250658088494f,-0.16784552419678295f,0.1540623968391224f,0.9864562284320421f,0.056292870488328095f,1.2796362324718766f,-0.08132590267269564f,0.0694398086492033f,-0.9942656639597051f,0.6279881560167291f,0f,0f,0f,1f], start_interpolation: 0, interpolation_duration: 1 }
$data merge entity $(bone_leg_right_1) { transformation: [-0.9847085230841948f,0.1472704075534793f,-0.09306208478417029f,-0.12500000000000003f,0.1540623968391224f,0.48678597431519544f,-0.8598280020388908f,1.3832921174933464f,-0.08132590267269564f,-0.861017329830845f,-0.5020311297971801f,0.3055708461809842f,0f,0f,0f,1f], start_interpolation: 0, interpolation_duration: 1 }
$data merge entity $(bone_coat_downer) { transformation: [-1f,3.195418854555042e-17f,1.1822236531644085e-16f,-0.007812500000000035f,0f,0.9653588724418489f,-0.2609257507372589f,1.453750777902887f,-1.2246467991473532e-16f,-0.2609257507372589f,-0.9653588724418489f,0.2848671368625302f,0f,0f,0f,1f], start_interpolation: 0, interpolation_duration: 1 }
$data merge entity $(bone_body_2) { transformation: [-1f,3.4525591621885137e-17f,1.1749715464545256e-16f,-2.71718508560819e-17f,0f,0.9594370779171484f,-0.28192285029384145f,1.6681249999999999f,-1.2246467991473532e-16f,-0.28192285029384145f,-0.9594370779171484f,0.221875f,0f,0f,0f,1f], start_interpolation: 0, interpolation_duration: 1 }