# This file was generated by Animated Java via MC-Build. It is not recommended to edit this file directly.
$data merge entity $(bone_wing_right_1) { transformation: [-0.773270043165114f,-0.1363483719836089f,-0.22451504681264983f,0.02885318612197199f,-0.09515179735830027f,0.7960193583873206f,-0.15570408143837344f,1.4062657062473851f,0.24483467942134315f,-0.1212713773917905f,-0.7696061832018959f,-0.2753340913321338f,0f,0f,0f,1f], start_interpolation: 0, interpolation_duration: 1 }
$data merge entity $(bone_wing_right_2) { transformation: [-0.7509420038913773f,0.16647983421711218f,-0.21993310708177943f,0.02885318612197199f,0.21229187484315548f,0.7560871925932351f,-0.1525264471233046f,1.4062657062473851f,0.17612003482619634f,-0.2015356593645975f,-0.7538999345651226f,-0.2753340913321338f,0f,0f,0f,1f], start_interpolation: 0, interpolation_duration: 1 }
$data merge entity $(bone_wing_left_1) { transformation: [-0.773270043165114f,0.13634837198360897f,0.22451504681265f,-0.028853186121971935f,0.09515179735830027f,0.7960193583873206f,-0.15570408143837344f,1.4062657062473851f,-0.24483467942134332f,-0.12127137739179047f,-0.7696061832018959f,-0.2753340913321339f,0f,0f,0f,1f], start_interpolation: 0, interpolation_duration: 1 }
$data merge entity $(bone_wing_left_2) { transformation: [-0.7509420038913773f,-0.16647983421711213f,0.2199331070817796f,-0.028853186121971935f,-0.21229187484315548f,0.7560871925932351f,-0.1525264471233046f,1.4062657062473851f,-0.17612003482619648f,-0.20153565936459752f,-0.7538999345651226f,-0.2753340913321339f,0f,0f,0f,1f], start_interpolation: 0, interpolation_duration: 1 }
$data merge entity $(bone_blade) { transformation: [-0.4536527514242987f,1.876678669153061f,0.5218010673341478f,-0.08861352395696862f,1.3961523586555489f,-0.060325714928732746f,1.4307758033804174f,1.2214846370481554f,1.3582922264909376f,0.6887945853911958f,-1.2963812119087734f,0.4778041707387037f,0f,0f,0f,1f], start_interpolation: 0, interpolation_duration: 1 }
$data merge entity $(bone_arm_right_2) { transformation: [0.29675895510724526f,-0.9533667090153641f,0.05500946013977554f,-0.2984266141050006f,-0.6170398121520911f,-0.23539597502983808f,-0.7508998636030393f,1.389454627829263f,0.7288319372687829f,0.18889323196177607f,-0.6581210786292042f,0.2605918725868336f,0f,0f,0f,1f], start_interpolation: 0, interpolation_duration: 1 }
$data merge entity $(bone_arm_right_1) { transformation: [0.00002814227841311182f,-0.9994270098232488f,0.03384747027137216f,-0.2984375f,-0.7085065657564033f,-0.023906230174657702f,-0.705299183636918f,1.6635165913996843f,0.7057042195481609f,-0.02396130619552123f,-0.7081012712298471f,-0.012386097494247003f,0f,0f,0f,1f], start_interpolation: 0, interpolation_duration: 1 }
$data merge entity $(bone_arm_left_2) { transformation: [0.38420449579415555f,0.9214666549690639f,-0.057324594997981905f,0.32311320603510896f,0.15295579994130765f,-0.12476099994873369f,-0.9803260764440097f,1.618027168411499f,-0.9104896642334128f,0.3678775566298059f,-0.18887740641011222f,0.39071465645185655f,0f,0f,0f,1f], start_interpolation: 0, interpolation_duration: 1 }
$data merge entity $(bone_arm_left_1) { transformation: [0.012538042130649017f,0.9982768595474139f,-0.057324594997981905f,0.32832031250000004f,0.18846666837476414f,-0.058660879260457155f,-0.9803260764440097f,1.687471475817668f,-0.9819995480707954f,0.0014875942130266762f,-0.18887740641011222f,0.028699093131351217f,0f,0f,0f,1f], start_interpolation: 0, interpolation_duration: 1 }
$data merge entity $(bone_ear_edge_a1) { transformation: [-0.9784705363684031f,0.20437955809511776f,0.028712465790557907f,0.19928602059903827f,0.2061841816287216f,0.9618460345871982f,0.17983405960767349f,2.325429360622203f,0.009137434269198674f,0.18188238502319648f,-0.983277837293839f,0.028238498502465452f,0f,0f,0f,1f], start_interpolation: 0, interpolation_duration: 1 }
$data merge entity $(bone_ear_edge_a2) { transformation: [-0.998395947222711f,0.048796791672115536f,0.028712465790557907f,0.08477751541743327f,0.05317984233812276f,0.9822584259622902f,0.17983405960767349f,2.3414534755212557f,-0.01942773631070306f,0.18107252068878926f,-0.983277837293839f,0.02782545156045759f,0f,0f,0f,1f], start_interpolation: 0, interpolation_duration: 1 }
$data merge entity $(bone_ear_edge_b1) { transformation: [-0.9543819482402509f,0.28512344989396654f,0.08865503479050806f,0.06103455563277127f,0.28544424974601057f,0.7840996772625903f,0.5510982456909462f,2.3472443783874044f,0.08761664887497425f,0.5512642872862926f,-0.8297174268404002f,-0.023730891667907525f,0f,0f,0f,1f], start_interpolation: 0, interpolation_duration: 1 }
$data merge entity $(bone_ear_edge_b2) { transformation: [-0.995779162420404f,-0.0237517261606974f,0.08865503479050806f,0.09045447758354519f,0.029173488201872683f,0.8339302316036374f,0.5510982456909462f,2.353003659687712f,-0.087021648314969f,0.5513585261169819f,-0.8297174268404002f,-0.01676206850224391f,0f,0f,0f,1f], start_interpolation: 0, interpolation_duration: 1 }
$data merge entity $(bone_ear_right_2) { transformation: [-0.9872350571059557f,0.13231487757351573f,0.08865503479050806f,0.15551608523392157f,0.15926974381327028f,0.819099427604498f,0.5510982456909462f,2.452099851543841f,0.00030120865841482035f,0.558183572734534f,-0.8297174268404002f,0.018346000382441267f,0f,0f,0f,1f], start_interpolation: 0, interpolation_duration: 1 }
$data merge entity $(bone_ear_right_1) { transformation: [-0.9903438285976649f,0.13562704548409604f,0.028712465790557907f,0.125f,0.13858693966748184f,0.9738857074413944f,0.17983405960767349f,2.2329755673695275f,-0.0035722978768247494f,0.18207672386834473f,-0.983277837293839f,-0.02262126248793623f,0f,0f,0f,1f], start_interpolation: 0, interpolation_duration: 1 }
$data merge entity $(bone_ear_edge_a3) { transformation: [-0.9871549166479944f,-0.15954357225447438f,-0.008427282478502916f,-0.1952990110621342f,-0.15974845682857342f,0.9848911426285037f,0.06685706928073736f,2.3340407674683763f,-0.002366659794007815f,0.0673445300243548f,-0.9977269732733589f,0.016066027465168768f,0f,0f,0f,1f], start_interpolation: 0, interpolation_duration: 1 }
$data merge entity $(bone_ear_edge_a4) { transformation: [-0.9999595149106253f,-0.0031542748349795563f,-0.008427282478502916f,-0.08015044920560742f,-0.003710769217695975f,0.9977556627145763f,0.06685706928073736f,2.3445229581744638f,0.008197483243048899f,0.06688563426672225f,-0.9977269732733589f,0.015795832397050007f,0f,0f,0f,1f], start_interpolation: 0, interpolation_duration: 1 }
$data merge entity $(bone_ear_edge_b3) { transformation: [-0.9694855324781456f,-0.245022074132418f,-0.007873087286087318f,-0.057812469358468774f,-0.24504073237294294f,0.96760704114429f,0.06075897798781363f,2.34043870211099f,-0.007269236115178344f,0.06083417720196237f,-0.9981214160063201f,0.016082396577521214f,0f,0f,0f,1f], start_interpolation: 0, interpolation_duration: 1 }
$data merge entity $(bone_ear_edge_b4) { transformation: [-0.9977515180211326f,0.06655766509660171f,-0.007873087286087318f,-0.0869508851888901f,0.0659594343094204f,0.9959707323106725f,0.06075897798781363f,2.3503143176560695f,0.011885340218394925f,0.060103058137094614f,-0.9981214160063201f,0.016913399284636307f,0f,0f,0f,1f], start_interpolation: 0, interpolation_duration: 1 }
$data merge entity $(bone_ear_left_2) { transformation: [-0.9958794538942858f,-0.09034449517156466f,-0.007873087286087318f,-0.1453162593739747f,-0.0906567844850816f,0.9940270086978026f,0.06075897798781363f,2.4565435517960146f,0.0023368222107568457f,0.061222366595005816f,-0.9981214160063201f,-0.007468508793398901f,0f,0f,0f,1f], start_interpolation: 0, interpolation_duration: 1 }
$data merge entity $(bone_ear_left_1) { transformation: [-0.9958794538942858f,-0.09029448610655437f,-0.008427282478502916f,-0.125f,-0.0906567844850816f,0.9936354863399434f,0.06685706928073736f,2.2329755673695275f,0.0023368222107568457f,0.06734557197572169f,-0.9977269732733589f,-0.022621262487936257f,0f,0f,0f,1f], start_interpolation: 0, interpolation_duration: 1 }
$data merge entity $(bone_head) { transformation: [-1f,2.860825438866634e-18f,1.109854374316137e-16f,-2.4230033111374617e-18f,0f,0.9996679493211339f,-0.02576802476090362f,1.7214509941162244f,-1.1102230246251565e-16f,-0.02576802476090362f,-0.9996679493211339f,0.0218244736183123f,0f,0f,0f,1f], start_interpolation: 0, interpolation_duration: 1 }
$data merge entity $(bone_body_1) { transformation: [-1f,2.201559867540009e-17f,1.0881757697652539e-16f,-1.0678852814412495e-17f,0f,0.98014159824568f,-0.19829888398174045f,1.3538978947740945f,-1.1102230246251565e-16f,-0.19829888398174045f,-0.98014159824568f,0.09618655511146497f,0f,0f,0f,1f], start_interpolation: 0, interpolation_duration: 1 }
$data merge entity $(bone_leg_left_2) { transformation: [-0.9815004967175168f,-0.14134073605397796f,-0.12914941453598416f,0.18230041852398707f,-0.09892353569164732f,0.9519083138580495f,-0.2899736127550037f,0.9715940521458379f,0.16392348528972628f,-0.27183332823560313f,-0.9482804082289288f,0.5199159087088755f,0f,0f,0f,1f], start_interpolation: 0, interpolation_duration: 1 }
$data merge entity $(bone_leg_left_1) { transformation: [-0.9815004967175168f,-0.18987126178765945f,0.024610544293652423f,0.12499999999999997f,-0.09892353569164732f,0.3928610488169543f,-0.9142616312679354f,1.0428556461171967f,0.16392348528972628f,-0.8997828072760696f,-0.4043760510970749f,0.2198311446385955f,0f,0f,0f,1f], start_interpolation: 0, interpolation_duration: 1 }
$data merge entity $(bone_leg_right_2) { transformation: [-0.9775582290082485f,0.17010224374869548f,0.12427845979861546f,-0.18986963301017157f,0.15872053603721648f,0.9826030103673843f,-0.09643192135912682f,0.9242922667527141f,-0.13851967491412676f,-0.07454227450657497f,-0.98755037794184f,0.5288010688486042f,0f,0f,0f,1f], start_interpolation: 0, interpolation_duration: 1 }
$data merge entity $(bone_leg_right_1) { transformation: [-0.9775582290082485f,0.20041221060431985f,-0.06492191262544898f,-0.12500000000000003f,0.15872053603721648f,0.4980341227930717f,-0.852507949507683f,1.0508027838812037f,-0.13851967491412676f,-0.8436806021086567f,-0.5186668885587928f,0.2159644519873295f,0f,0f,0f,1f], start_interpolation: 0, interpolation_duration: 1 }
$data merge entity $(bone_coat_downer) { transformation: [-1f,4.768699580287198e-17f,1.0025917451971755e-16f,-0.00781250000000002f,0f,0.9030543620149469f,-0.4295262730564653f,1.1084963696375871f,-1.1102230246251565e-16f,-0.4295262730564653f,-0.9030543620149469f,0.1878935451157079f,0f,0f,0f,1f], start_interpolation: 0, interpolation_duration: 1 }
$data merge entity $(bone_body_2) { transformation: [-1f,4.857370828329737e-17f,9.983259241193448e-17f,-1.0007186052041201e-17f,0f,0.8992120519716374f,-0.4375130690493224f,1.3094140625f,-1.1102230246251565e-16f,-0.4375130690493224f,-0.8992120519716374f,0.09013671874999996f,0f,0f,0f,1f], start_interpolation: 0, interpolation_duration: 1 }