# This file was generated by Animated Java via MC-Build. It is not recommended to edit this file directly.
$data merge entity $(bone_wing_right_1) { transformation: [-0.7795203446935624f,-0.1374504687806377f,-0.2009971275547413f,0.028076036427568354f,-0.09773804395069619f,0.7940479421731234f,-0.16394994583641728f,1.227986793644432f,0.22302410501550224f,-0.13243745167835005f,-0.7743804067894688f,-0.3239965456994247f,0f,0f,0f,1f], start_interpolation: 0, interpolation_duration: 1 }
$data merge entity $(bone_wing_right_2) { transformation: [-0.7570118290400235f,0.16782548205574294f,-0.1968951453597466f,0.028076036427568354f,0.2092122255864592f,0.7552725274169702f,-0.16060402857444958f,1.227986793644432f,0.15219505694548274f,-0.2034650262377778f,-0.7585767250182552f,-0.3239965456994247f,0f,0f,0f,1f], start_interpolation: 0, interpolation_duration: 1 }
$data merge entity $(bone_wing_left_1) { transformation: [-0.7795203446935624f,0.13745046878063777f,0.20099712755474158f,-0.028076036427568257f,0.09773804395069619f,0.7940479421731234f,-0.16394994583641728f,1.227986793644432f,-0.22302410501550254f,-0.13243745167835f,-0.7743804067894688f,-0.32399654569942477f,0f,0f,0f,1f], start_interpolation: 0, interpolation_duration: 1 }
$data merge entity $(bone_wing_left_2) { transformation: [-0.7570118290400235f,-0.16782548205574288f,0.19689514535974686f,-0.028076036427568257f,-0.2092122255864592f,0.7552725274169702f,-0.16060402857444958f,1.227986793644432f,-0.15219505694548302f,-0.20346502623777785f,-0.7585767250182552f,-0.32399654569942477f,0f,0f,0f,1f], start_interpolation: 0, interpolation_duration: 1 }
$data merge entity $(bone_blade) { transformation: [-0.4043284990588263f,1.9375417933294894f,0.2871415399247918f,-0.04029165618273137f,1.4744881677634285f,0.10808539862932473f,1.3469232308223011f,1.0998567816727423f,1.2893421221593917f,0.4839931256791608f,-1.4502922279047188f,0.43735155744440546f,0f,0f,0f,1f], start_interpolation: 0, interpolation_duration: 1 }
$data merge entity $(bone_arm_right_2) { transformation: [0.3695546077710154f,-0.9261163732993515f,0.07574863023228177f,-0.2767424367215984f,-0.5671625211786824f,-0.2893876245371088f,-0.7710910953545046f,1.2427451982266373f,0.7360408048779982f,0.24199848320108394f,-0.6322030272649153f,0.23038503397826163f,0f,0f,0f,1f], start_interpolation: 0, interpolation_duration: 1 }
$data merge entity $(bone_arm_right_1) { transformation: [0.05582170819274711f,-0.9965072165571729f,0.06210719961420896f,-0.2984375f,-0.6564747721705075f,-0.08349972674874176f,-0.7497123909450646f,1.4978836055597893f,0.7522797421160055f,0.0010784165989360765f,-0.6588429453363793f,-0.06198790007657538f,0f,0f,0f,1f], start_interpolation: 0, interpolation_duration: 1 }
$data merge entity $(bone_arm_left_2) { transformation: [0.4255069050815298f,0.9045208526387155f,-0.028033923551104997f,0.3263453596514491f,0.35970142807783506f,-0.19747521467851842f,-0.9119311499375592f,1.3598497524759396f,-0.8303967463608611f,0.3779491589214139f,-0.40938450984849417f,0.3195674102583409f,0f,0f,0f,1f], start_interpolation: 0, interpolation_duration: 1 }
$data merge entity $(bone_arm_left_1) { transformation: [0.010313423563408738f,0.9995537666502651f,-0.028033923551104997f,0.3319859375f,0.4092598037056252f,-0.029799175230096692f,-0.9119311499375592f,1.5119206277998447f,-0.9123596036460815f,-0.002068025839651313f,-0.40938450984849417f,-0.019566808048334015f,0f,0f,0f,1f], start_interpolation: 0, interpolation_duration: 1 }
$data merge entity $(bone_ear_edge_a1) { transformation: [-0.9748768350554895f,0.21980146776462345f,0.03608976642635534f,0.20061265849083812f,0.22235329335546267f,0.9507061183555658f,0.21614090185634016f,2.1476643050395645f,0.013197325720433683f,0.21873543674907764f,-0.9756949519721922f,-0.01043447418515317f,0f,0f,0f,1f], start_interpolation: 0, interpolation_duration: 1 }
$data merge entity $(bone_ear_edge_a2) { transformation: [-0.9972590085254127f,0.06459101078479769f,0.03608976642635534f,0.08639427599800496f,0.07089255230469343f,0.9737850669282487f,0.21614090185634016f,2.165643269365874f,-0.021182916292074545f,0.21810695714108694f,-0.9756949519721922f,-0.010676481363066433f,0f,0f,0f,1f], start_interpolation: 0, interpolation_duration: 1 }
$data merge entity $(bone_ear_edge_b1) { transformation: [-0.9538248830562296f,0.28141932334925235f,0.10498217424124434f,0.06456396483570997f,0.2834336851800502f,0.7276119620267949f,0.6246968695461612f,2.175552240593601f,0.09941548454856622f,0.62560690306387f,-0.7737781104882762f,-0.06871344305827204f,0f,0f,0f,1f], start_interpolation: 0, interpolation_duration: 1 }
$data merge entity $(bone_ear_edge_b2) { transformation: [-0.9941047238955073f,-0.027102417239392412f,0.10498217424124434f,0.09390747287335874f,0.04471699165125727f,0.7795859233188394f,0.6246968695461612f,2.1804175079992834f,-0.09877342044446213f,0.6257085960276509f,-0.7737781104882762f,-0.0608043764815107f,0f,0f,0f,1f], start_interpolation: 0, interpolation_duration: 1 }
$data merge entity $(bone_ear_right_2) { transformation: [-0.9861053972642827f,0.12874349916726754f,0.10498217424124434f,0.1590339662198062f,0.16612055814771398f,0.7629926482869398f,0.6246968695461612f,2.275345141543705f,0.00032503375696284805f,0.6334566520940872f,-0.7737781104882762f,-0.015716364934081427f,0f,0f,0f,1f], start_interpolation: 0, interpolation_duration: 1 }
$data merge entity $(bone_ear_right_1) { transformation: [-0.987834659397476f,0.15126207208802772f,0.03608976642635534f,0.125f,0.1554937455248369f,0.9639008277034442f,0.21614090185634016f,2.0584674553104305f,-0.0020930350522228376f,0.2191232071238716f,-0.9756949519721922f,-0.06501908653695246f,0f,0f,0f,1f], start_interpolation: 0, interpolation_duration: 1 }
$data merge entity $(bone_ear_edge_a3) { transformation: [-0.9874382170839661f,-0.1576893715985559f,-0.009991472708795635f,-0.1950549992244791f,-0.15790247755868475f,0.9825347450794166f,0.09844938949812879f,2.1583764069341003f,-0.005707453273316928f,0.09879036793421604f,-0.9950918993643526f,-0.023027057527062494f,0f,0f,0f,1f], start_interpolation: 0, interpolation_duration: 1 }
$data merge entity $(bone_ear_edge_a4) { transformation: [-0.9999492665604341f,-0.0012785845138580804f,-0.009991472708795635f,-0.07988871577499557f,-0.002256138805860161f,0.9951395015499757f,0.09844938949812879f,2.1686646819613884f,0.009817033306369983f,0.0984669369712824f,-0.9950918993643526f,-0.02316554361334419f,0f,0f,0f,1f], start_interpolation: 0, interpolation_duration: 1 }
$data merge entity $(bone_ear_edge_b3) { transformation: [-0.9699333126685812f,-0.2431746587166982f,-0.009770073375864287f,-0.057551747503296766f,-0.2429732259565073f,0.9652741574787688f,0.09596776735936241f,2.1644642784835804f,-0.013906129729023296f,0.09545620075023967f,-0.9953364924960248f,-0.02349887547300296f,0f,0f,0f,1f], start_interpolation: 0, interpolation_duration: 1 }
$data merge entity $(bone_ear_edge_b4) { transformation: [-0.9976064995299865f,0.06845303325461516f,-0.009770073375864287f,-0.0866707900049532f,0.06720484906070776f,0.9931131334801621f,0.09596776735936241f,2.174354217816579f,0.0162720729550573f,0.09508147215654464f,-0.9953364924960248f,-0.022259484987188508f,0f,0f,0f,1f], start_interpolation: 0, interpolation_duration: 1 }
$data merge entity $(bone_ear_left_2) { transformation: [-0.9960327217252631f,-0.08844977625067611f,-0.009770073375864287f,-0.1448956340339341f,-0.08897967591167939f,0.9913994174411801f,0.09596776735936241f,2.281477568777216f,0.0011977175029768943f,0.09645637448346037f,-0.9953364924960248f,-0.04275581997701036f,0f,0f,0f,1f], start_interpolation: 0, interpolation_duration: 1 }
$data merge entity $(bone_ear_left_1) { transformation: [-0.9960327217252631f,-0.08842504015081831f,-0.009991472708795635f,-0.125f,-0.08897967591167939f,0.9911560598523815f,0.09844938949812879f,2.0584674553104305f,0.0011977175029768943f,0.09894785137752078f,-0.9950918993643526f,-0.0650190865369525f,0f,0f,0f,1f], start_interpolation: 0, interpolation_duration: 1 }
$data merge entity $(bone_head) { transformation: [-1f,2.241432809734711e-18f,1.665183688910495e-16f,4.475419694178681e-18f,0f,0.9999094187840976f,-0.013459354622263081f,1.546434483015526f,-1.6653345369377348e-16f,-0.013459354622263081f,-0.9999094187840976f,-0.0268739979560396f,0f,0f,0f,1f], start_interpolation: 0, interpolation_duration: 1 }
$data merge entity $(bone_body_1) { transformation: [-1f,3.4493460865910115e-17f,1.6292204380214523e-16f,-8.459628130537611e-18f,0f,0.978314207677041f,-0.20712631666990883f,1.1795666551366357f,-1.6653345369377348e-16f,-0.20712631666990883f,-0.978314207677041f,0.050798370795176205f,0f,0f,0f,1f], start_interpolation: 0, interpolation_duration: 1 }
$data merge entity $(bone_leg_left_2) { transformation: [-0.9791106603508386f,-0.14203321030147809f,-0.14549529875154293f,0.18373252226417214f,-0.08859615920448599f,0.9420850737460126f,-0.3234600970740955f,0.8552812739448993f,0.183011025245907f,-0.303812904591668f,-0.9349891355743211f,0.49257502425937694f,0f,0f,0f,1f], start_interpolation: 0, interpolation_duration: 1 }
$data merge entity $(bone_leg_left_1) { transformation: [-0.9791106603508386f,-0.20009938998977897f,0.03609084250974158f,0.12499999999999996f,-0.08859615920448599f,0.2600891697296182f,-0.9615114894599914f,0.8753688617074236f,0.183011025245907f,-0.9446236594089078f,-0.27238411613632296f,0.18807995102636377f,0f,0f,0f,1f], start_interpolation: 0, interpolation_duration: 1 }
$data merge entity $(bone_leg_right_2) { transformation: [-0.9748662399601358f,0.17695138264548943f,0.13536625268447292f,-0.19674314806288634f,0.15693809638685982f,0.9766818033631048f,-0.14650286305005145f,0.7466471693379455f,-0.15813363996460617f,-0.12157657323367471f,-0.9799045304274805f,0.4943746053407256f,0f,0f,0f,1f], start_interpolation: 0, interpolation_duration: 1 }
$data merge entity $(bone_leg_right_1) { transformation: [-0.9748662399601358f,0.21662704581530942f,-0.05204360870768691f,-0.12500000000000003f,0.15693809638685982f,0.5019101222184816f,-0.8505625568511099f,0.8806892615207059f,-0.15813363996460617f,-0.8373523465280077f,-0.523292269841227f,0.18511933098518296f,0f,0f,0f,1f], start_interpolation: 0, interpolation_duration: 1 }
$data merge entity $(bone_coat_downer) { transformation: [-1f,8.030704952807496e-17f,1.4589094898338111e-16f,-0.007812500000000024f,0f,0.8760458979710443f,-0.4822277311064832f,0.9340844076547766f,-1.6653345369377348e-16f,-0.4822277311064832f,-0.8760458979710443f,0.15540676326580752f,0f,0f,0f,1f], start_interpolation: 0, interpolation_duration: 1 }
$data merge entity $(bone_body_2) { transformation: [-1f,8.097698326580166e-17f,1.4552016829411062e-16f,-7.787130315573018e-18f,0f,0.8738194342723312f,-0.48625054888193503f,1.1293284375000006f,-1.6653345369377348e-16f,-0.48625054888193503f,-0.8738194342723312f,0.046760156250000184f,0f,0f,0f,1f], start_interpolation: 0, interpolation_duration: 1 }