# This file was generated by Animated Java via MC-Build. It is not recommended to edit this file directly.
$data merge entity $(bone_wing_right_1) { transformation: [-0.7819107489290108f,-0.13787196154214704f,-0.19118406673736818f,0.027778818459343185f,-0.09893012850428949f,0.7931814008588886f,-0.1673933674017592f,1.1496377762721537f,0.21394591566057644f,-0.13710956201700994f,-0.7761266376179247f,-0.3447505559558671f,0f,0f,0f,1f], start_interpolation: 0, interpolation_duration: 1 }
$data merge entity $(bone_wing_right_2) { transformation: [-0.7593332107650036f,0.16834011999412787f,-0.18728235108966682f,0.027778818459343185f,0.20780851601143357f,0.7549351669836719f,-0.16397717623029473f,1.1496377762721537f,0.14222761933758274f,-0.20429022896775562f,-0.760287318482865f,-0.3447505559558671f,0f,0f,0f,1f], start_interpolation: 0, interpolation_duration: 1 }
$data merge entity $(bone_wing_left_1) { transformation: [-0.7819107489290108f,0.1378719615421471f,0.19118406673736837f,-0.027778818459343116f,0.09893012850428949f,0.7931814008588886f,-0.1673933674017592f,1.1496377762721537f,-0.2139459156605766f,-0.1371095620170099f,-0.7761266376179247f,-0.3447505559558671f,0f,0f,0f,1f], start_interpolation: 0, interpolation_duration: 1 }
$data merge entity $(bone_wing_left_2) { transformation: [-0.7593332107650036f,-0.16834011999412782f,0.18728235108966698f,-0.027778818459343116f,-0.20780851601143357f,0.7549351669836719f,-0.16397717623029473f,1.1496377762721537f,-0.1422276193375829f,-0.20429022896775564f,-0.760287318482865f,-0.3447505559558671f,0f,0f,0f,1f], start_interpolation: 0, interpolation_duration: 1 }
$data merge entity $(bone_blade) { transformation: [-0.3940256275899859f,1.9524147918849801f,0.18116369733211954f,-0.019113343317893286f,1.5139300806334828f,0.18549305871236438f,1.2936800362232639f,1.0502293544469385f,1.2460977151714114f,0.3920061295416921f,-1.5144542510905799f,0.4203746336186357f,0f,0f,0f,1f], start_interpolation: 0, interpolation_duration: 1 }
$data merge entity $(bone_arm_right_2) { transformation: [0.40206590976082124f,-0.9114058307625205f,0.08764939167092367f,-0.2666117992274151f,-0.5391832168107328f,-0.3130497979971153f,-0.7818447944979845f,1.1801197715514549f,0.7400165288139403f,0.2670940576389618f,-0.6172813794827458f,0.2180077614557632f,0f,0f,0f,1f], start_interpolation: 0, interpolation_duration: 1 }
$data merge entity $(bone_arm_right_1) { transformation: [0.08172485272538968f,-0.9935471053744974f,0.07864602881881984f,-0.2984375f,-0.6285101204571624f,-0.11261800442376657f,-0.7696052322863531f,1.4248773252104854f,0.7734960096406034f,0.013466049218897476f,-0.6336581007045501f,-0.08321092209852879f,0f,0f,0f,1f], start_interpolation: 0, interpolation_duration: 1 }
$data merge entity $(bone_arm_left_2) { transformation: [0.44072818805391745f,0.8974892847047202f,-0.016481750359724878f,0.3285169651668259f,0.4397228653073396f,-0.231868243490641f,-0.8676871091507976f,1.2494625838449709f,-0.7825614774448166f,0.37516676492031414f,-0.496837430673869f,0.2835400908933341f,0f,0f,0f,1f], start_interpolation: 0, interpolation_duration: 1 }
$data merge entity $(bone_arm_left_1) { transformation: [0.007227644456389778f,0.9998380434153782f,-0.016481750359724878f,0.33353750000000004f,0.4967885536845081f,-0.017894511493375374f,-0.8676871091507976f,1.4347231096300703f,-0.8678415143813223f,-0.0019166109990623051f,-0.496837430673869f,-0.04016925009147191f,0f,0f,0f,1f], start_interpolation: 0, interpolation_duration: 1 }
$data merge entity $(bone_ear_edge_a1) { transformation: [-0.9732763453124506f,0.22622203085816867f,0.03945565117502449f,0.2011502243249034f,0.22914397774664425f,0.9454910921343518f,0.23138632664234007f,2.0694558886752104f,0.01503971800549583f,0.2342438632045588f,-0.9720615306827644f,-0.026992373906010697f,0f,0f,0f,1f], start_interpolation: 0, interpolation_duration: 1 }
$data merge entity $(bone_ear_edge_a2) { transformation: [-0.9966826208197668f,0.07118289784910246f,0.03945565117502449f,0.08706466202586864f,0.07841544193961122f,0.9696965434136494f,0.23138632664234007f,2.0882601755177825f,-0.02178925930949519f,0.23371266278365083f,-0.9720615306827644f,-0.02714695804271651f,0f,0f,0f,1f], start_interpolation: 0, interpolation_duration: 1 }
$data merge entity $(bone_ear_edge_b1) { transformation: [-0.9536607071978254f,0.2792657513560976f,0.11199060525980672f,0.06610549246377391f,0.2823301623503797f,0.7018773413011287f,0.6539555620952137f,2.1001377365350664f,0.10402372313156168f,0.6552700495883915f,-0.7481979865906316f,-0.08777279567859912f,0f,0f,0f,1f], start_interpolation: 0, interpolation_duration: 1 }
$data merge entity $(bone_ear_edge_b2) { transformation: [-0.993283093031059f,-0.02909985278648003f,0.11199060525980672f,0.09540869760168141f,0.05161991422124333f,0.7547698372752613f,0.6539555620952137f,2.1046005531272494f,-0.10355714149417285f,0.655343948859895f,-0.7481979865906316f,-0.07948599522786783f,0f,0f,0f,1f], start_interpolation: 0, interpolation_duration: 1 }
$data merge entity $(bone_ear_right_2) { transformation: [-0.9856063498004549f,0.12664212398157831f,0.11199060525980672f,0.16050019389499504f,0.16905640314150078f,0.7374022344430421f,0.6539555620952137f,2.197501364307766f,0.0002361988180946211f,0.6634754833992309f,-0.7481979865906316f,-0.03031099219228564f,0f,0f,0f,1f], start_interpolation: 0, interpolation_duration: 1 }
$data merge entity $(bone_ear_right_1) { transformation: [-0.986685944207868f,0.1577786395333115f,0.03945565117502449f,0.125f,0.16263166998981518f,0.9591721992214369f,0.23138632664234007f,1.9816876194829431f,-0.0013369438850232614f,0.23472237462101733f,-0.9720615306827644f,-0.08312352648201446f,0f,0f,0f,1f], start_interpolation: 0, interpolation_duration: 1 }
$data merge entity $(bone_ear_edge_a3) { transformation: [-0.987557532267173f,-0.15690057696408727f,-0.010598557010650085f,-0.19495295331946047f,-0.15709846811602274f,0.9812754944889477f,0.11143821261609302f,2.0810906632475743f,-0.007084615583816659f,0.11171666332202683f,-0.9937148460993335f,-0.039782423087405275f,0f,0f,0f,1f], start_interpolation: 0, interpolation_duration: 1 }
$data merge entity $(bone_ear_edge_a4) { transformation: [-0.9999437181090739f,-0.0004808362434133018f,-0.010598557010650085f,-0.07977926975374966f,-0.0016590182460860664f,0.9937699796368319f,0.11143821261609302f,2.0912963577395285f,0.010478944253126522f,0.11144952386222842f,-0.9937148460993335f,-0.03986632089675744f,0f,0f,0f,1f], start_interpolation: 0, interpolation_duration: 1 }
$data merge entity $(bone_ear_edge_b3) { transformation: [-0.9701228476345247f,-0.2423871054703131f,-0.010495313201819356f,-0.05744367945274485f,-0.24204488562362533f,0.9639784015369957f,0.11027200330829472f,2.0870611685023097f,-0.016611256452390397f,0.10951772674732507f,-0.993846031177451f,-0.04043502334261846f,0f,0f,0f,1f], start_interpolation: 0, interpolation_duration: 1 }
$data merge entity $(bone_ear_edge_b4) { transformation: [-0.9975433906573046f,0.06926061042702392f,-0.010495313201819356f,-0.0865544281456721f,0.06768734257706457f,0.9915939234087865f,0.11027200330829472f,2.09695338214931f,0.018044595057339376f,0.10929070821458467f,-0.993846031177451f,-0.039030016332200754f,0f,0f,0f,1f], start_interpolation: 0, interpolation_duration: 1 }
$data merge entity $(bone_ear_left_2) { transformation: [-0.9960967227304717f,-0.08764226929061993f,-0.010495313201819356f,-0.14471671489414772f,-0.08826546587636164f,0.9899743899818843f,0.11027200330829472f,2.2044024726535767f,0.0007256026754782357f,0.110767954813593f,-0.993846031177451f,-0.05793731336916588f,0f,0f,0f,1f], start_interpolation: 0, interpolation_duration: 1 }
$data merge entity $(bone_ear_left_1) { transformation: [-0.9960967227304717f,-0.08762984397398996f,-0.010598557010650085f,-0.125f,-0.08826546587636164f,0.9898437918694842f,0.11143821261609302f,1.9816876194829431f,0.0007256026754782357f,0.11193872494599397f,-0.9937148460993335f,-0.08312352648201449f,0f,0f,0f,1f], start_interpolation: 0, interpolation_duration: 1 }
$data merge entity $(bone_head) { transformation: [-1f,9.126486446107867e-19f,1.1101855122694493e-16f,5.2915031426320844e-18f,0f,0.999966211873763f,-0.008220408191578654f,1.4694618236536263f,-1.1102230246251565e-16f,-0.008220408191578654f,-0.999966211873763f,-0.04766162316277533f,0f,0f,0f,1f], start_interpolation: 0, interpolation_duration: 1 }
$data merge entity $(bone_body_1) { transformation: [-1f,2.3406838108596516e-17f,1.085268242133541e-16f,-3.486061148091608e-18f,0f,0.9775227301739297f,-0.2108300547675936f,1.1028907998384028f,-1.1102230246251565e-16f,-0.2108300547675936f,-0.9775227301739297f,0.03139964737507226f,0f,0f,0f,1f], start_interpolation: 0, interpolation_duration: 1 }
$data merge entity $(bone_leg_left_2) { transformation: [-0.9780503077461261f,-0.1420817093846709f,-0.15241516780175754f,0.18415854352447836f,-0.08361833933844583f,0.9376160012772179f,-0.33746734282771806f,0.8033396000098659f,0.190854837098745f,-0.31731533528534356f,-0.9289162551859889f,0.4782049032980885f,0f,0f,0f,1f], start_interpolation: 0, interpolation_duration: 1 }
$data merge entity $(bone_leg_left_1) { transformation: [-0.9780503077461261f,-0.2041927829504262f,0.04150786562409735f,0.12499999999999999f,-0.08361833933844583f,0.20216480426928918f,-0.9757752636960215f,0.8017639645237677f,0.190854837098745f,-0.9578281157419215f,-0.21480161044622392f,0.17435206621922017f,0f,0f,0f,1f], start_interpolation: 0, interpolation_duration: 1 }
$data merge entity $(bone_leg_right_2) { transformation: [-0.9736873529233234f,0.1797565948340887f,0.1400732143231701f,-0.19954386625632198f,0.1556235518102627f,0.9735074858500532f,-0.16752458063181908f,0.6687436624145789f,-0.16647597087606952f,-0.14131787433853393f,-0.9758662866977772f,0.47953245898081703f,0f,0f,0f,1f], start_interpolation: 0, interpolation_duration: 1 }
$data merge entity $(bone_leg_right_1) { transformation: [-0.9736873529233234f,0.2231910259114956f,-0.04602938963038275f,-0.12500000000000003f,0.1556235518102627f,0.5036698439047257f,-0.8497634956050699f,0.8060105823765323f,-0.16647597087606952f,-0.8345672257485093f,-0.5251507372434192f,0.1718577002050633f,0f,0f,0f,1f], start_interpolation: 0, interpolation_duration: 1 }
$data merge entity $(bone_coat_downer) { transformation: [-1f,5.596194708107521e-17f,9.588645432475458e-17f,-0.007812500000000016f,0f,0.8636683999336856f,-0.5040604080425155f,0.8575843550300315f,-1.1102230246251565e-16f,-0.5040604080425155f,-0.8636683999336856f,0.14156444797729503f,0f,0f,0f,1f], start_interpolation: 0, interpolation_duration: 1 }
$data merge entity $(bone_body_2) { transformation: [-1f,5.622949402557263e-17f,9.572980541976673e-17f,-3.15303338993543e-18f,0f,0.8622574320334231f,-0.5064702566816008f,1.0502449999999994f,-1.1102230246251565e-16f,-0.5064702566816008f,-0.8622574320334231f,0.02839999999999987f,0f,0f,0f,1f], start_interpolation: 0, interpolation_duration: 1 }