# This file was generated by Animated Java via MC-Build. It is not recommended to edit this file directly.
$data merge entity $(bone_wing_right_1) { transformation: [-0.6675078756067326f,-0.19259908752017893f,-0.4292822753548363f,-0.10671214466923916f,-0.4516689165261096f,0.05356687428731407f,0.6782847663538242f,1.3117804656976493f,-0.13180618457250573f,0.7918210820064885f,-0.15030285507254018f,0.05449685736151769f,0f,0f,0f,1f], start_interpolation: 0, interpolation_duration: 1 }
$data merge entity $(bone_wing_right_2) { transformation: [-0.676311520599925f,0.07592409798628948f,-0.42052141259249276f,-0.10671214466923916f,-0.3886907873991996f,0.2177980898385183f,0.6644422201017054f,1.3117804656976493f,0.1775449207800875f,0.7660284090082178f,-0.14723544986697815f,0.05449685736151769f,0f,0f,0f,1f], start_interpolation: 0, interpolation_duration: 1 }
$data merge entity $(bone_wing_left_1) { transformation: [-0.6810534194520548f,0.04518865393783439f,0.4484068128969434f,-0.17349285476878887f,0.4506060378549993f,0.05375428847425037f,0.6789765235733047f,1.2254578661833275f,0.008054995079248723f,0.8136417556089156f,-0.06976141503983102f,0.06246808855567604f,0f,0f,0f,1f], start_interpolation: 0, interpolation_duration: 1 }
$data merge entity $(bone_wing_left_2) { transformation: [-0.6333102994006201f,-0.21441206958856435f,0.439255653450067f,-0.17349285476878887f,0.38765859916659984f,0.2175692592165081f,0.6651198598269108f,1.2254578661833275f,-0.2977228159971726f,0.7393856110709275f,-0.06833771269207937f,0.06246808855567604f,0f,0f,0f,1f], start_interpolation: 0, interpolation_duration: 1 }
$data merge entity $(bone_blade) { transformation: [0.6280353393489924f,1.8591929115726034f,-0.38597063371062124f,0.31549009947033746f,-0.5928243500372246f,0.5781956412910523f,1.8205079209920976f,0.7630924964431145f,1.8039209801240568f,-0.45726525994242334f,0.7326510625925887f,0.04910184904548889f,0f,0f,0f,1f], start_interpolation: 0, interpolation_duration: 1 }
$data merge entity $(bone_arm_right_2) { transformation: [0.9071309249181927f,-0.3252965567106731f,-0.2670124252712653f,-0.032696896567992906f,-0.22330703959923875f,-0.9098287512205019f,0.34977937263075665f,0.741289967546698f,-0.3567176069701177f,-0.257669931588304f,-0.897974807682705f,0.15731648996766986f,0f,0f,0f,1f], start_interpolation: 0, interpolation_duration: 1 }
$data merge entity $(bone_arm_right_1) { transformation: [0.7485616917838492f,-0.6069264851235753f,-0.2670124252712653f,-0.3257849039737863f,-0.5115647823659906f,-0.7848285570268647f,0.34977937263075665f,0.9411130773636687f,-0.4218493416334052f,-0.12523728570466217f,-0.897974807682705f,0.3223012316293748f,0f,0f,0f,1f], start_interpolation: 0, interpolation_duration: 1 }
$data merge entity $(bone_arm_left_2) { transformation: [-0.10620039408733511f,0.9680599101891556f,-0.22711557978319896f,0.4541429331295246f,0.7288145221203761f,0.23116205158426567f,0.6445102778496254f,1.0034432695361082f,0.6764250650605306f,-0.09707788724481625f,-0.7300856218046896f,0.08024199386219732f,0f,0f,0f,1f], start_interpolation: 0, interpolation_duration: 1 }
$data merge entity $(bone_arm_left_1) { transformation: [-0.5440288942754108f,0.8077444370673283f,-0.22711557978319896f,0.25265629914208093f,0.5378306663655712f,0.5434562319662593f,0.6445102778496254f,1.206828070148092f,0.6440269687755629f,0.22848249019086858f,-0.7300856218046896f,0.32246611493487987f,0f,0f,0f,1f], start_interpolation: 0, interpolation_duration: 1 }
$data merge entity $(bone_ear_edge_a1) { transformation: [-0.9876777851433209f,0.0970470877512465f,-0.12277807415571415f,0.14909281891253695f,-0.03418582995098679f,0.6317878798885395f,0.7743871149861075f,1.5257991724123061f,0.15272171346912788f,0.7690422209378018f,-0.6206852186496046f,0.6819066197295383f,0f,0f,0f,1f], start_interpolation: 0, interpolation_duration: 1 }
$data merge entity $(bone_ear_edge_a2) { transformation: [-0.9906993419069663f,-0.05865456889039612f,-0.12277807415571415f,0.03438801881837496f,-0.13259834466542303f,0.6186616806748928f,0.7743871149861075f,1.5167603210473686f,0.030536747323412952f,0.7834649745922272f,-0.6206852186496046f,0.6933192717596719f,0f,0f,0f,1f], start_interpolation: 0, interpolation_duration: 1 }
$data merge entity $(bone_ear_edge_b1) { transformation: [-0.9659350940792363f,0.24290481080614784f,-0.0892560749381615f,0.004043515953974008f,-0.058239642816299966f,0.13201204393997001f,0.9895357316739104f,1.5661431502390262f,0.25214586657482013f,0.9610255319927882f,-0.11336837666303617f,0.6490702045278861f,0f,0f,0f,1f], start_interpolation: 0, interpolation_duration: 1 }
$data merge entity $(bone_ear_edge_b2) { transformation: [-0.9937205800967609f,-0.06747415637701933f,-0.0892560749381615f,0.03305479241696869f,-0.09618315684676733f,0.10755387524198712f,0.9895357316739104f,1.5698577406258463f,-0.05716825195112524f,0.9919069523607752f,-0.11336837666303617f,0.6586521292429852f,0f,0f,0f,1f], start_interpolation: 0, interpolation_duration: 1 }
$data merge entity $(bone_ear_right_2) { transformation: [-0.9920415143278873f,0.08880870980182963f,-0.0892560749381615f,0.08803100355998329f,-0.07817384964270149f,0.12127606924953938f,0.9895357316739104f,1.6178318481568927f,0.098704017557912f,0.9886380167132538f,-0.11336837666303617f,0.7584606746998162f,0f,0f,0f,1f], start_interpolation: 0, interpolation_duration: 1 }
$data merge entity $(bone_ear_right_1) { transformation: [-0.9920415143278873f,0.027913766436048145f,-0.12277807415571415f,0.08175040611187247f,-0.07817384964270149f,0.6278641934172816f,0.7743871149861075f,1.4765624046380046f,0.098704017557912f,0.7778222009352913f,-0.6206852186496046f,0.5834506794893759f,0f,0f,0f,1f], start_interpolation: 0, interpolation_duration: 1 }
$data merge entity $(bone_ear_edge_a3) { transformation: [-0.9864923102367326f,-0.05567933821830566f,-0.15405431879491657f,-0.22023017880991436f,-0.16371573581490984f,0.30363980427499015f,0.938616016860158f,1.455481125038337f,-0.005484495453270233f,0.9511585990545519f,-0.3086539158251615f,0.7265166574856116f,0f,0f,0f,1f], start_interpolation: 0, interpolation_duration: 1 }
$data merge entity $(bone_ear_edge_a4) { transformation: [-0.983057120395557f,0.099327563647911f,-0.15405431879491657f,-0.10599577075602579f,-0.11420039308966175f,0.3255122779738707f,0.938616016860158f,1.4719156104996487f,0.14337701439827222f,0.9403062224552342f,-0.3086539158251615f,0.71947760007715f,0f,0f,0f,1f], start_interpolation: 0, interpolation_duration: 1 }
$data merge entity $(bone_ear_edge_b3) { transformation: [-0.987565039844085f,-0.08033257509995931f,-0.1351368545422032f,-0.0925990001644293f,-0.12517020781273372f,-0.11830472028617303f,0.9850565528101052f,1.5217713124055403f,-0.09511945728329343f,0.9897225219907954f,0.106778360683764f,0.6939668110497006f,0f,0f,0f,1f], start_interpolation: 0, interpolation_duration: 1 }
$data merge entity $(bone_ear_edge_b4) { transformation: [-0.9640542973167892f,0.2287735613428082f,-0.1351368545422032f,-0.11944642730812638f,-0.155602110869521f,-0.07383475373306178f,0.9850565528101052f,1.5165578941313238f,0.21537709933505364f,0.9706755826596788f,0.106778360683764f,0.7080842311632318f,0f,0f,0f,1f], start_interpolation: 0, interpolation_duration: 1 }
$data merge entity $(bone_ear_left_2) { transformation: [-0.9879732588444416f,0.07514566090423061f,-0.1351368545422032f,-0.16330535207644764f,-0.14213609047620912f,-0.09726725836586264f,0.9850565528101052f,1.529817588140432f,0.060878334343452016f,0.9924173568097524f,0.106778360683764f,0.822915497655427f,0f,0f,0f,1f], start_interpolation: 0, interpolation_duration: 1 }
$data merge entity $(bone_ear_left_1) { transformation: [-0.9879732588444416f,0.013270518788970537f,-0.15405431879491657f,-0.166291218803966f,-0.14213609047620912f,0.31432038539953244f,0.938616016860158f,1.4590955014255371f,0.060878334343452016f,0.9492242035754048f,-0.3086539158251615f,0.6093400518509613f,0f,0f,0f,1f], start_interpolation: 0, interpolation_duration: 1 }
$data merge entity $(bone_head) { transformation: [-0.9921664996633538f,-0.008217999454430774f,-0.12465192108722344f,-0.034163309091675254f,-0.06986761284986948f,0.8636824166158037f,0.49917051185275985f,1.0095926360207725f,0.10355748944634166f,0.5039693916436321f,-0.8574909321187709f,0.3649076440815187f,0f,0f,0f,1f], start_interpolation: 0, interpolation_duration: 1 }
$data merge entity $(bone_body_1) { transformation: [-0.9378322412611199f,-0.09032026339042762f,-0.33513122395895667f,-0.0002932103202648976f,-0.3458190226880713f,0.16063415187714247f,0.9244489562965489f,0.9493548290668442f,-0.029662953295514504f,0.9828727889568392f,-0.18188235189262647f,-0.0036696517772959987f,0f,0f,0f,1f], start_interpolation: 0, interpolation_duration: 1 }
$data merge entity $(bone_leg_left_2) { transformation: [-0.9865967480870715f,0.1011343444172745f,-0.12805741307438498f,0.1288407055261205f,-0.16253715838540453f,-0.6785247622432354f,0.7163698899079716f,1.0517622133276854f,-0.014440526583663047f,0.7275822918419945f,0.685868412882484f,-0.615086249829916f,0f,0f,0f,1f], start_interpolation: 0, interpolation_duration: 1 }
$data merge entity $(bone_leg_left_1) { transformation: [-0.9865967480870715f,0.03774035304020815f,-0.15875302333000155f,0.1408604566268211f,-0.16253715838540453f,-0.31338541909459905f,0.9356127677853167f,0.948752610789907f,-0.014440526583663047f,0.9488757794628879f,0.31531924511625287f,-0.27685476596845343f,0f,0f,0f,1f], start_interpolation: 0, interpolation_duration: 1 }
$data merge entity $(bone_leg_right_2) { transformation: [-0.9789257040834326f,0.02289514107721577f,-0.20292924481160943f,-0.04112314349643942f,-0.19600621932924417f,-0.3842684406326373f,0.9021747765915529f,0.5691737697357413f,-0.05732388567614661f,0.9229374724480617f,0.38065784384690193f,-0.23132209230689504f,0f,0f,0f,1f], start_interpolation: 0, interpolation_duration: 1 }
$data merge entity $(bone_leg_right_1) { transformation: [-0.9789257040834326f,-0.165054011540913f,0.12025655557601786f,-0.10485334094617926f,-0.19600621932924417f,0.9246827060731125f,-0.3264099494095773f,0.9034884273319442f,-0.05732388567614661f,-0.3431021223536205f,-0.9375472818836552f,-0.28610944063256183f,0f,0f,0f,1f], start_interpolation: 0, interpolation_duration: 1 }
$data merge entity $(bone_coat_downer) { transformation: [-0.9820594529288933f,-0.0668202205550843f,-0.17633572819474982f,0.006551465889550424f,-0.18196963906672753f,0.09054079150925602f,0.9791268638592256f,0.9290351811213788f,-0.04945989659236775f,0.9936485410837412f,-0.10107569159409675f,-0.22277281854694878f,0f,0f,0f,1f], start_interpolation: 0, interpolation_duration: 1 }
$data merge entity $(bone_body_2) { transformation: [-0.9820594529288933f,-0.06365898904864853f,-0.1775014479555219f,0f,-0.18196963906672753f,0.07303241879009703f,0.9805882501149976f,0.9467749999999999f,-0.04945989659236775f,0.9952958348747232f,-0.08330618050361183f,0f,0f,0f,0f,1f], start_interpolation: 0, interpolation_duration: 1 }