# This file was generated by Animated Java via MC-Build. It is not recommended to edit this file directly.
$data merge entity $(bone_wing_right_1) { transformation: [-0.6386831296237575f,-0.19712442896489532f,-0.46922304278851346f,-0.105021074898732f,-0.49092624166886994f,0.040026330442771846f,0.6514090593141981f,1.351855111311541f,-0.13423758646267953f,0.7915076100840684f,-0.14980126169069685f,0.0572114076590809f,0f,0f,0f,1f], start_interpolation: 0, interpolation_duration: 1 }
$data merge entity $(bone_wing_right_2) { transformation: [-0.651920840129571f,0.06102291620518065f,-0.45964706232344177f,-0.105021074898732f,-0.42929563408823446f,0.22026009468494404f,0.6381149968792146f,1.351855111311541f,0.17522692931605877f,0.76665617742714f,-0.14674409308476427f,0.0572114076590809f,0f,0f,0f,1f], start_interpolation: 0, interpolation_duration: 1 }
$data merge entity $(bone_wing_left_1) { transformation: [-0.6578717954392522f,0.03149318629415527f,0.4828636706431958f,-0.17795072103251086f,0.4838887258455147f,0.04126723435959213f,0.6565768506521982f,1.2657692048277034f,0.0009198965067596347f,0.8150151158290231f,-0.051903364101614086f,0.06301936117949411f,0f,0f,0f,1f], start_interpolation: 0, interpolation_duration: 1 }
$data merge entity $(bone_wing_left_2) { transformation: [-0.6071962848489189f,-0.21811663004487403f,0.4730093100178245f,-0.17795072103251086f,0.4224613253218218f,0.21874496490857648f,0.6431773230878677f,1.2657692048277034f,-0.3046950939431098f,0.7379537763471453f,-0.05084411177300972f,0.06301936117949411f,0f,0f,0f,1f], start_interpolation: 0, interpolation_duration: 1 }
$data merge entity $(bone_blade) { transformation: [0.6024853738325316f,1.8636110729954136f,-0.4049260956356859f,0.31644414590691655f,-0.5869523012080095f,0.5852402865469002f,1.8201595542998759f,0.8091663708787652f,1.8145242821258944f,-0.4294736029273369f,0.7232247603367261f,0.052983280908063396f,0f,0f,0f,1f], start_interpolation: 0, interpolation_duration: 1 }
$data merge entity $(bone_arm_right_2) { transformation: [0.9118683021935003f,-0.32068957706697254f,-0.2562311351404236f,-0.03302873705308296f,-0.21921992455806705f,-0.9082042528571154f,0.35652161192416376f,0.7859907356067218f,-0.34704297159213415f,-0.2689297868456657f,-0.8984642149889138f,0.15664514281128325f,0f,0f,0f,1f], start_interpolation: 0, interpolation_duration: 1 }
$data merge entity $(bone_arm_right_1) { transformation: [0.7564802913156582f,-0.6017334744183903f,-0.2562311351404236f,-0.32939300799010307f,-0.504663425233928f,-0.7862615134051489f,0.35652161192416376f,0.9831103214940156f,-0.4159956683454006f,-0.14039109053717586f,-0.8984642149889138f,0.31938411852154275f,0f,0f,0f,1f], start_interpolation: 0, interpolation_duration: 1 }
$data merge entity $(bone_arm_left_2) { transformation: [-0.12596644766449266f,0.9678078689793588f,-0.21789993759618442f,0.45658495218364564f,0.7236794755373028f,0.23988557106069278f,0.647103492096078f,1.050521011000731f,0.6785429026589562f,-0.07617638438858662f,-0.7306002242763407f,0.08807595136775509f,0f,0f,0f,1f], start_interpolation: 0, interpolation_duration: 1 }
$data merge entity $(bone_arm_left_1) { transformation: [-0.5621488092944485f,0.7978147237325298f,-0.21789993759618442f,0.24827231970989158f,0.5287224355213751f,0.5492810361676487f,0.647103492096078f,1.2505084275592706f,0.6359569972766854f,0.24855987186627945f,-0.7306002242763407f,0.32733657494609425f,0f,0f,0f,1f], start_interpolation: 0, interpolation_duration: 1 }
$data merge entity $(bone_ear_edge_a1) { transformation: [-0.987002227107069f,0.09352517820212439f,-0.1306891148028275f,0.14134113036279336f,-0.0436291555274199f,0.6267343802710038f,0.7780106126360258f,1.5669675187131213f,0.1546709425640443f,0.7736000631001656f,-0.6145078045865394f,0.6865307154100706f,0f,0f,0f,1f], start_interpolation: 0, interpolation_duration: 1 }
$data merge entity $(bone_ear_edge_a2) { transformation: [-0.9894811530749278f,-0.06202743732869001f,-0.1306891148028275f,0.026742657677592006f,-0.14113486572445966f,0.6121931364387009f,0.7780106126360258f,1.5568802020717065f,0.0317489745732035f,0.788271628764971f,-0.6145078045865394f,0.6981314363443485f,0f,0f,0f,1f], start_interpolation: 0, interpolation_duration: 1 }
$data merge entity $(bone_ear_edge_b1) { transformation: [-0.9648373483579659f,0.24395727867486866f,-0.09784547713165684f,-0.004108929766220459f,-0.06817553917439723f,0.12724480042045308f,0.9895255714857694f,1.6062824581933177f,0.25385229380852403f,0.9614018966839573f,-0.10613861682083087f,0.654348663829315f,0f,0f,0f,1f], start_interpolation: 0, interpolation_duration: 1 }
$data merge entity $(bone_ear_edge_b2) { transformation: [-0.99300179233278f,-0.06613397786890617f,-0.09784547713165684f,0.02489162371681604f,-0.10415959655951446f,0.09994959639898449f,0.9895255714857694f,1.6101737948310102f,-0.055661646296581546f,0.9927922114676937f,-0.10613861682083087f,0.6638928254923259f,0f,0f,0f,1f], start_interpolation: 0, interpolation_duration: 1 }
$data merge entity $(bone_ear_right_2) { transformation: [-0.9911219259260657f,0.09001994530927335f,-0.09784547713165684f,0.07968735236169734f,-0.08724165743926372f,0.11501320177706065f,0.9895255714857694f,1.657901805666521f,0.10033055943159229f,0.9892766917619678f,-0.10613861682083087f,0.7639183704056723f,0f,0f,0f,1f], start_interpolation: 0, interpolation_duration: 1 }
$data merge entity $(bone_ear_right_1) { transformation: [-0.9911219259260657f,0.024447560627995586f,-0.1306891148028275f,0.07418665122039834f,-0.08724165743926372f,0.6221642707781967f,0.7780106126360258f,1.5179148447414268f,0.10033055943159229f,0.7825049117714048f,-0.6145078045865394f,0.5878547652571066f,0f,0f,0f,1f], start_interpolation: 0, interpolation_duration: 1 }
$data merge entity $(bone_ear_edge_a3) { transformation: [-0.9852027078463638f,-0.054951088804225244f,-0.16234531804589375f,-0.22716787527082682f,-0.17132667459599485f,0.28936144831209487f,0.9417627741648128f,1.4924448990460595f,-0.004774413479196743f,0.9556413187331089f,-0.2944942697336788f,0.7314588353478159f,0f,0f,0f,1f], start_interpolation: 0, interpolation_duration: 1 }
$data merge entity $(bone_ear_edge_a4) { transformation: [-0.9816694718430786f,0.09984510884319152f,-0.16234531804589375f,-0.11308808803103532f,-0.12395125556143231f,0.31260032540312493f,0.9417627741648128f,1.5098724190296968f,0.1447796059397718f,0.9446226711221525f,-0.2944942697336788f,0.7243017189212216f,0f,0f,0f,1f], start_interpolation: 0, interpolation_duration: 1 }
$data merge entity $(bone_ear_edge_b3) { transformation: [-0.9868696407043742f,-0.07617477347757375f,-0.14242793315097935f,-0.10016545549306792f,-0.13146772123914965f,-0.13344477329784327f,0.9822976792966945f,1.5602174283412433f,-0.09383256645858495f,0.9881244336444304f,0.12167807159331395f,0.6994736962867141f,0f,0f,0f,1f], start_interpolation: 0, interpolation_duration: 1 }
$data merge entity $(bone_ear_edge_b4) { transformation: [-0.9621081020729843f,0.23251297551719624f,-0.14242793315097935f,-0.1269252993210645f,-0.1662699357265138f,-0.0862877611357979f,0.9822976792966945f,1.5545878548080176f,0.21610716878211372f,0.968758039189513f,0.12167807159331395f,0.7135975868674015f,0f,0f,0f,1f], start_interpolation: 0, interpolation_duration: 1 }
$data merge entity $(bone_ear_left_2) { transformation: [-0.9866359977495481f,0.07914348869675829f,-0.14242793315097935f,-0.1705100342968184f,-0.15072449715578284f,-0.1112357640575366f,0.9822976792966945f,1.5658175277612632f,0.0618993853110848f,0.9906376295050783f,0.12167807159331395f,0.8287492688078162f,0f,0f,0f,1f], start_interpolation: 0, interpolation_duration: 1 }
$data merge entity $(bone_ear_left_1) { transformation: [-0.9866359977495481f,0.013907036108795817f,-0.16234531804589375f,-0.17363911742129745f,-0.15072449715578284f,0.300607723045386f,0.9417627741648128f,1.4981807900760513f,0.0618993853110848f,0.953646470759545f,-0.2944942697336788f,0.6141788128869189f,0f,0f,0f,1f], start_interpolation: 0, interpolation_duration: 1 }
$data merge entity $(bone_head) { transformation: [-0.9913030745667832f,-0.013919946594048355f,-0.13086041968930656f,-0.03850287235570894f,-0.07893621866150233f,0.8585374479137733f,0.5066384548305901f,1.0522149236394742f,0.10529619051924942f,0.512561884670059f,-0.852169599695747f,0.3649591231690995f,0f,0f,0f,1f], start_interpolation: 0, interpolation_duration: 1 }
$data merge entity $(bone_body_1) { transformation: [-0.9365625231541398f,-0.10190633190239487f,-0.33535912055787376f,-0.0002879978923108613f,-0.34784374716731903f,0.15265308707674846f,0.9250414923464441f,0.9949700159856936f,-0.04307398031004053f,0.9830117672358437f,-0.17841664074887376f,-0.0036702895443418947f,0f,0f,0f,1f], start_interpolation: 0, interpolation_duration: 1 }
$data merge entity $(bone_leg_left_2) { transformation: [-0.9868273761577283f,0.09785134766203842f,-0.1288287368034649f,0.13295174761324752f,-0.16059378149514472f,-0.6886501909106717f,0.7070859579314135f,1.1059521324962174f,-0.019528620297994646f,0.7184608745919416f,0.6952931789323394f,-0.6120646751363216f,0f,0f,0f,1f], start_interpolation: 0, interpolation_duration: 1 }
$data merge entity $(bone_leg_left_1) { transformation: [-0.9868273761577283f,0.03448034680952993f,-0.15805959429768282f,0.14382896098297634f,-0.16059378149514472f,-0.3267294151524196f,0.9313739993253232f,0.9981575644673201f,-0.019528620297994646f,0.9444887479255916f,0.3279628607498177f,-0.2752664131764431f,0f,0f,0f,1f], start_interpolation: 0, interpolation_duration: 1 }
$data merge entity $(bone_leg_right_2) { transformation: [-0.977237010683139f,0.017410706110256233f,-0.21143484165062554f,-0.03659751398666909f,-0.2000839211502068f,-0.4069616254490388f,0.8912623967771971f,0.6174076413259537f,-0.07052835917728836f,0.9132793125460678f,0.4011815646651035f,-0.23874690021516165f,0f,0f,0f,1f], start_interpolation: 0, interpolation_duration: 1 }
$data merge entity $(bone_leg_right_1) { transformation: [-0.977237010683139f,-0.16643635816405758f,0.13155517333867314f,-0.10167292350621657f,-0.2000839211502068f,0.9292067318166154f,-0.3107109171623067f,0.9525285672506546f,-0.07052835917728836f,-0.32996028280350603f,-0.941356448070543f,-0.2877798040141227f,0f,0f,0f,1f], start_interpolation: 0, interpolation_duration: 1 }
$data merge entity $(bone_coat_downer) { transformation: [-0.9810759128191637f,-0.07854633631737346f,-0.17697606148053682f,0.008988143765842406f,-0.18326001081764548f,0.08166443584387194f,0.9796666210264683f,0.9774454512916484f,-0.062496573675371446f,0.9935599594233955f,-0.09451341338359706f,-0.2229070640350181f,0f,0f,0f,1f], start_interpolation: 0, interpolation_duration: 1 }
$data merge entity $(bone_body_2) { transformation: [-0.9810759128191637f,-0.07453001100863609f,-0.17870459072194333f,0f,-0.18326001081764548f,0.059521756078719124f,0.9812608873222357f,0.9921765625000001f,-0.062496573675371446f,0.995440825972271f,-0.07205373180121094f,0f,0f,0f,0f,1f], start_interpolation: 0, interpolation_duration: 1 }