# This file was generated by Animated Java via MC-Build. It is not recommended to edit this file directly.
$data merge entity $(bone_wing_right_1) { transformation: [-0.5878813057245293f,-0.21695921221708045f,-0.5237067070968355f,-0.1016894869434938f,-0.5495984282992712f,0.03333061601078113f,0.6031376974553632f,1.418451497474427f,-0.13885813780631534f,0.7866144002717785f,-0.17000190379662405f,0.0543060704874158f,0f,0f,0f,1f], start_interpolation: 0, interpolation_duration: 1 }
$data merge entity $(bone_wing_right_2) { transformation: [-0.6133794631046806f,0.024027683599151292f,-0.5130188151152675f,-0.1016894869434938f,-0.4849054672341749f,0.23619495859824735f,0.5908287648542333f,1.418451497474427f,0.1692108805243341f,0.7639598235206033f,-0.1665324771885297f,0.0543060704874158f,0f,0f,0f,1f], start_interpolation: 0, interpolation_duration: 1 }
$data merge entity $(bone_wing_left_1) { transformation: [-0.6177524224556259f,-0.004373457086783486f,0.5341416121851585f,-0.18533240653026567f,0.53347848585374f,0.036172996791395885f,0.6172816730462478f,1.3332304401256212f,-0.02696468293622499f,0.8158534375858718f,-0.024505483017258065f,0.05630635445899908f,0f,0f,0f,1f], start_interpolation: 0, interpolation_duration: 1 }
$data merge entity $(bone_wing_left_2) { transformation: [-0.5574417988866093f,-0.23553714109318885f,0.52324076295689f,-0.18533240653026567f,0.46925098534953763f,0.2327244435179827f,0.6046840878820388f,1.3332304401256212f,-0.3302455958866811f,0.728259286624546f,-0.024005371118946676f,0.05630635445899908f,0f,0f,0f,1f], start_interpolation: 0, interpolation_duration: 1 }
$data merge entity $(bone_blade) { transformation: [0.5179631337877298f,1.8791769500910618f,-0.4476697245551078f,0.3157009025807615f,-0.5278146184835593f,0.5835167777295598f,1.838727793509187f,0.8805873709474836f,1.8582588411068695f,-0.35805329261796104f,0.6470486218929669f,0.06917443704958928f,0f,0f,0f,1f], start_interpolation: 0, interpolation_duration: 1 }
$data merge entity $(bone_arm_right_2) { transformation: [0.9221487776117058f,-0.3171116988388303f,-0.2215441319664932f,-0.03729673936765915f,-0.22731203757790597f,-0.9076050965937887f,0.352962074746225f,0.8598086727820602f,-0.3130029864416897f,-0.27512389771979096f,-0.9090302367809625f,0.16009247670772872f,0f,0f,0f,1f], start_interpolation: 0, interpolation_duration: 1 }
$data merge entity $(bone_arm_right_1) { transformation: [0.7725782022331265f,-0.5950135452453521f,-0.2215441319664932f,-0.340455319027939f,-0.5052719123622534f,-0.7874757573212213f,0.352962074746225f,1.0571574136354578f,-0.38447784853229316f,-0.16075077793256753f,-0.9090302367809625f,0.3106041097241447f,0f,0f,0f,1f], start_interpolation: 0, interpolation_duration: 1 }
$data merge entity $(bone_arm_left_2) { transformation: [-0.16392532400549148f,0.9686941568281049f,-0.1864406572525994f,0.458491175458333f,0.7296266885686842f,0.2462566473907299f,0.6379675218568527f,1.1245376600176107f,0.6639076618611888f,-0.031453046640417925f,-0.7471528105943553f,0.10901081280453079f,0f,0f,0f,1f], start_interpolation: 0, interpolation_duration: 1 }
$data merge entity $(bone_arm_left_1) { transformation: [-0.5981184361302339f,0.7794191540399439f,-0.1864406572525994f,0.23663244676587014f,0.529612555411934f,0.5590241338313284f,0.6379675218568527f,1.3248893187153088f,0.6014689331222055f,0.282838823554672f,-0.7471528105943553f,0.3354455340489662f,0f,0f,0f,1f], start_interpolation: 0, interpolation_duration: 1 }
$data merge entity $(bone_ear_edge_a1) { transformation: [-0.9856032708933882f,0.0863078154807252f,-0.1453862214626938f,0.12130109981832721f,-0.060274404243999956f,0.6240351941073928f,0.7790680796364196f,1.640792953219143f,0.1579657829951955f,0.776615115422236f,-0.6098489763051351f,0.6924206180973128f,0f,0f,0f,1f], start_interpolation: 0, interpolation_duration: 1 }
$data merge entity $(bone_ear_edge_a2) { transformation: [-0.9869703760573488f,-0.06893709737156012f,-0.1453862214626938f,0.0069221997249814884f,-0.1571529380645835f,0.6069232911573669f,0.7790680796364196f,1.6288074884755843f,0.034531591954101645f,0.7917649873900043f,-0.6098489763051351f,0.7043770587598742f,0f,0f,0f,1f], start_interpolation: 0, interpolation_duration: 1 }
$data merge entity $(bone_ear_edge_b1) { transformation: [-0.9628273787513505f,0.24450841902331996f,-0.11480013829922062f,-0.02474315394445635f,-0.0837571946441811f,0.13380727106016357f,0.987461567128953f,1.6770097115804403f,0.2568037598481383f,0.9603703698251774f,-0.10835396480845155f,0.6613186421522689f,0f,0f,0f,1f], start_interpolation: 0, interpolation_duration: 1 }
$data merge entity $(bone_ear_edge_b2) { transformation: [-0.9912605093748103f,-0.06498869748249705f,-0.11480013829922062f,0.0042147247819143f,-0.1210065464814756f,0.10137588052321822f,0.987461567128953f,1.6814133120161354f,-0.05253587595746538f,0.9927232242914791f,-0.10835396480845155f,0.6707693134443808f,0f,0f,0f,1f], start_interpolation: 0, interpolation_duration: 1 }
$data merge entity $(bone_ear_right_2) { transformation: [-0.9892229197262331f,0.09087872872562826f,-0.11480013829922062f,0.058482566588668655f,-0.10365807345780503f,0.1190573695755438f,0.987461567128953f,1.7303143237193528f,0.10340705437890967f,0.9887195757215317f,-0.10835396480845155f,0.7705156764421809f,0f,0f,0f,1f], start_interpolation: 0, interpolation_duration: 1 }
$data merge entity $(bone_ear_right_1) { transformation: [-0.9892229197262331f,0.01734536529183115f,-0.1453862214626938f,0.05457985939800665f,-0.10365807345780503f,0.6183105458413571f,0.7790680796364196f,1.5911944509050477f,0.10340705437890967f,0.7857424560275812f,-0.6098489763051351f,0.5937236238359754f,0f,0f,0f,1f], start_interpolation: 0, interpolation_duration: 1 }
$data merge entity $(bone_ear_edge_a3) { transformation: [-0.9822930660810975f,-0.05534560481855527f,-0.17898937498149153f,-0.24568543232074735f,-0.1873031696628869f,0.26855950640937026f,0.9448774069430335f,1.5579764131977332f,-0.004225513369099446f,0.9616718024068415f,-0.27417054818551145f,0.7380110623927949f,0f,0f,0f,1f], start_interpolation: 0, interpolation_duration: 1 }
$data merge entity $(bone_ear_edge_a4) { transformation: [-0.9788573684978678f,0.09900028172265152f,-0.17898937498149153f,-0.13193807088468165f,-0.14298519411592805f,0.29455376438307346f,0.9448774069430335f,1.5774144955187326f,0.1462651236661005f,0.9504930426397639f,-0.27417054818551145f,0.7307419945698147f,0f,0f,0f,1f], start_interpolation: 0, interpolation_duration: 1 }
$data merge entity $(bone_ear_edge_b3) { transformation: [-0.9848996228674595f,-0.07023445636366285f,-0.1582398622814012f,-0.11985081001222464f,-0.1463268606950077f,-0.15078397313161052f,0.9776771672110326f,1.6279150007444676f,-0.09252665948082144f,0.9860686155567198f,0.13822989075946496f,0.7069741786481454f,0f,0f,0f,1f], start_interpolation: 0, interpolation_duration: 1 }
$data merge entity $(bone_ear_edge_b4) { transformation: [-0.958398844831794f,0.23755378382641237f,-0.1582398622814012f,-0.1464603059687551f,-0.18575992455004334f,-0.09818659351139862f,0.9776771672110326f,1.6216113559578178f,0.21671387739654507f,0.9663992925516767f,0.13822989075946496f,0.721097365694387f,0f,0f,0f,1f], start_interpolation: 0, interpolation_duration: 1 }
$data merge entity $(bone_ear_left_2) { transformation: [-0.983760963771379f,0.08470249196316837f,-0.1582398622814012f,-0.1897918882892535f,-0.16811314439783204f,-0.1260370080368623f,0.9776771672110326f,1.6302354892473607f,0.06286761360415263f,0.9884028330900032f,0.13822989075946496f,0.8365687596837905f,0f,0f,0f,1f], start_interpolation: 0, interpolation_duration: 1 }
$data merge entity $(bone_ear_left_1) { transformation: [-0.983760963771379f,0.013310514766244771f,-0.17898937498149153f,-0.19278675411165858f,-0.16811314439783204f,0.2809709175862912f,0.9448774069430335f,1.5670170327904454f,0.06286761360415263f,0.9596239751420212f,-0.27417054818551145f,0.620653365276836f,0f,0f,0f,1f], start_interpolation: 0, interpolation_duration: 1 }
$data merge entity $(bone_head) { transformation: [-0.9894664540386608f,-0.025720224386198365f,-0.14245913936874022f,-0.05146998425362616f,-0.0967096724584095f,0.8497150555818291f,0.5182967910093171f,1.1274300011430178f,0.10771896576344234f,0.5266144646466637f,-0.8432519374657621f,0.36365020447079555f,0f,0f,0f,1f], start_interpolation: 0, interpolation_duration: 1 }
$data merge entity $(bone_body_1) { transformation: [-0.9341957951378571f,-0.1366268532921817f,-0.32956231475431685f,-0.00023491426905803022f,-0.34890151194604313f,0.1570543035708583f,0.9239056665545663f,1.068534637303946f,-0.0744711441332269f,0.978093578697534f,-0.19438878569027268f,-0.003134887540779712f,0f,0f,0f,1f], start_interpolation: 0, interpolation_duration: 1 }
$data merge entity $(bone_leg_left_2) { transformation: [-0.9876098996517085f,0.07998903707983086f,-0.13501274035061894f,0.14966202549782837f,-0.1529586457292255f,-0.6829645534830353f,0.714257006533642f,1.1751987568049418f,-0.035076185747933024f,0.7260586564684419f,0.6867375689159703f,-0.6082437586452529f,0f,0f,0f,1f], start_interpolation: 0, interpolation_duration: 1 }
$data merge entity $(bone_leg_left_1) { transformation: [-0.9876098996517085f,0.014583848272533895f,-0.1562497919342804f,0.15340814019465734f,-0.1529586457292255f,-0.31200842276977225f,0.9376856599188237f,1.073445302115199f,-0.035076185747933024f,0.9499673970670163f,0.31037333278343016f,-0.2699980111442366f,0f,0f,0f,1f], start_interpolation: 0, interpolation_duration: 1 }
$data merge entity $(bone_leg_right_2) { transformation: [-0.9723587646087396f,-0.0037719236959915664f,-0.23346135757379077f,-0.024307361577608988f,-0.20873341041558155f,-0.43403695411814897f,0.8763802176202522f,0.692301299560133f,-0.10463649585515626f,0.9008871710993954f,0.421252310003972f,-0.24639635676680285f,0f,0f,0f,1f], start_interpolation: 0, interpolation_duration: 1 }
$data merge entity $(bone_leg_right_1) { transformation: [-0.9723587646087396f,-0.16558742584415803f,0.16461845975124184f,-0.09141474853271978f,-0.20873341041558155f,0.9324065793112029f,-0.2950395468974658f,1.0274730714379094f,-0.10463649585515626f,-0.3212456618531787f,-0.9411973376904903f,-0.2914006461861276f,0f,0f,0f,1f], start_interpolation: 0, interpolation_duration: 1 }
$data merge entity $(bone_coat_downer) { transformation: [-0.9779215352042723f,-0.11583914962683786f,-0.17392746303401976f,0.016849090237313506f,-0.18455923489583076f,0.08837507320931337f,0.9788399947130858f,1.0522013006406208f,-0.09801714032956073f,0.9893286298540943f,-0.10780307209275439f,-0.22253373680452102f,0f,0f,0f,1f], start_interpolation: 0, interpolation_duration: 1 }
$data merge entity $(bone_body_2) { transformation: [-0.9779215352042723f,-0.10960157641889516f,-0.17792404399128386f,0f,-0.18455923489583076f,0.05362497493373092f,0.9813573512630462f,1.065625f,-0.09801714032956073f,0.99252801295976f,-0.07266900089973283f,0f,0f,0f,0f,1f], start_interpolation: 0, interpolation_duration: 1 }