# This file was generated by Animated Java via MC-Build. It is not recommended to edit this file directly.
$data merge entity $(bone_wing_right_1) { transformation: [-0.5935651100025453f,-0.22577075314834133f,-0.5134710037138819f,-0.10224866383182583f,-0.5427305467879258f,0.04235787812938276f,0.6087641646714267f,1.411962554460464f,-0.14166318581547488f,0.7836949799683876f,-0.18082633824032154f,0.0500573870353781f,0f,0f,0f,1f], start_interpolation: 0, interpolation_duration: 1 }
$data merge entity $(bone_wing_right_2) { transformation: [-0.6218266609828123f,0.018183728086065692f,-0.5029920036380884f,-0.10224866383182583f,-0.4753057818668764f,0.24179026789080452f,0.5963404062087445f,1.411962554460464f,0.1655778288747745f,0.7623692139548822f,-0.1771360048068456f,0.0500573870353781f,0f,0f,0f,1f], start_interpolation: 0, interpolation_duration: 1 }
$data merge entity $(bone_wing_left_1) { transformation: [-0.6218779208155818f,-0.011455353301035271f,0.5292268614944652f,-0.18465633950731275f,0.5279959476362045f,0.04495598550975528f,0.6214046049805533f,1.3268648597985908f,-0.037849376828156235f,0.8153478881385782f,-0.026827046541225686f,0.05224357300339731f,0f,0f,0f,1f], start_interpolation: 0, interpolation_duration: 1 }
$data merge entity $(bone_wing_left_2) { transformation: [-0.5585206617227714f,-0.24349297342264598f,0.5184263133007007f,-0.18465633950731275f,0.4609966417271139f,0.23861800789480936f,0.6087228783482971f,1.3268648597985908f,-0.3399069971993524f,0.7237213677943406f,-0.026279555795486388f,0.05224357300339731f,0f,0f,0f,1f], start_interpolation: 0, interpolation_duration: 1 }
$data merge entity $(bone_blade) { transformation: [0.4986691458247612f,1.88314555202915f,-0.4528707463230854f,0.3136534372562795f,-0.5044900727516529f,0.5777863417549748f,1.847065973314552f,0.8717208544449356f,1.8699783018787763f,-0.34630300771755984f,0.6190762290286518f,0.07226701652241443f,0f,0f,0f,1f], start_interpolation: 0, interpolation_duration: 1 }
$data merge entity $(bone_arm_right_2) { transformation: [0.922788612845481f,-0.32027107255419923f,-0.21421394933032586f,-0.03993882597836823f,-0.23439682879064289f,-0.9078658619389963f,0.3476171793491416f,0.8531777280514452f,-0.3058092586165476f,-0.2705661043271052f,-0.9128388031485356f,0.16101472589384533f,0f,0f,0f,1f], start_interpolation: 0, interpolation_duration: 1 }
$data merge entity $(bone_arm_right_1) { transformation: [0.7734514371075363f,-0.5965611941356821f,-0.21421394933032586f,-0.3435628936476628f,-0.5103901591670892f,-0.7865520847640923f,0.3476171793491416f,1.0525310457766295f,-0.37586534804591876f,-0.15953231523634592f,-0.9128388031485356f,0.30818106915767346f,0f,0f,0f,1f], start_interpolation: 0, interpolation_duration: 1 }
$data merge entity $(bone_arm_left_2) { transformation: [-0.16380664885186375f,0.9701732890188424f,-0.17869295192111984f,0.456247773918818f,0.735367794659219f,0.24083095989582404f,0.6334308607367444f,1.115874108932831f,0.657572496664785f,-0.027644855398741786f,-0.7528839044633797f,0.11220267311289053f,0f,0f,0f,1f], start_interpolation: 0, interpolation_duration: 1 }
$data merge entity $(bone_arm_left_1) { transformation: [-0.5991876083454583f,0.7804120955873031f,-0.17869295192111984f,0.23399120858798148f,0.5368811247584176f,0.5572468057732082f,0.6334308607367444f,1.318945926985279f,0.593913182109461f,0.28360704948324233f,-0.7528839044633797f,0.3358063884335735f,0f,0f,0f,1f], start_interpolation: 0, interpolation_duration: 1 }
$data merge entity $(bone_ear_edge_a1) { transformation: [-0.9854990915431033f,0.08559592730978068f,-0.14650896831148907f,0.11699472402365804f,-0.06102288940099816f,0.6268820564009512f,0.7767207312359238f,1.6367118318670963f,0.1583279745871577f,0.7743979755852239f,-0.6125683862824091f,0.6917204824162821f,0f,0f,0f,1f], start_interpolation: 0, interpolation_duration: 1 }
$data merge entity $(bone_ear_edge_a2) { transformation: [-0.9867561154825515f,-0.06962392377687959f,-0.14650896831148907f,0.0026335821246115942f,-0.15833755550719514f,0.6096180149768687f,0.7767207312359238f,1.6246170727125828f,0.035236161450866665f,0.7896318034714491f,-0.6125683862824091f,0.7037365820139254f,0f,0f,0f,1f], start_interpolation: 0, interpolation_duration: 1 }
$data merge entity $(bone_ear_edge_b1) { transformation: [-0.962751174872666f,0.2440077703930839f,-0.11649198800388628f,-0.02903308624020213f,-0.08350152680463993f,0.14146395402628706f,0.9864154523995163f,1.6721537406503733f,0.25717245245670356f,0.9593998945690188f,-0.11581956656092213f,0.6606947508922619f,0f,0f,0f,1f], start_interpolation: 0, interpolation_duration: 1 }
$data merge entity $(bone_ear_edge_b2) { transformation: [-0.991033326244467f,-0.06544129433110653f,-0.11649198800388628f,-0.00008555912337975674f,-0.12312943707374621f,0.1087368244586894f,0.9864154523995163f,1.6766789563599946f,-0.05188533510280614f,0.9919141797569533f,-0.11581956656092213f,0.6701196499157117f,0f,0f,0f,1f], start_interpolation: 0, interpolation_duration: 1 }
$data merge entity $(bone_ear_right_2) { transformation: [-0.9890693353431043f,0.09039616482380516f,-0.11649198800388628f,0.05406919270978409f,-0.10460332241741326f,0.12665978133052397f,0.9864154523995163f,1.726424576260099f,0.10392302354718512f,0.9878187248571728f,-0.11581956656092213f,0.7695091900388694f,0f,0f,0f,1f], start_interpolation: 0, interpolation_duration: 1 }
$data merge entity $(bone_ear_right_1) { transformation: [-0.9890693353431043f,0.01664247842880448f,-0.14650896831148907f,0.050324635063303085f,-0.10460332241741326f,0.621098261636249f,0.7767207312359238f,1.586677467391943f,0.10392302354718512f,0.7835559822400541f,-0.6125683862824091f,0.5932090940348576f,0f,0f,0f,1f], start_interpolation: 0, interpolation_duration: 1 }
$data merge entity $(bone_ear_edge_a3) { transformation: [-0.9819148450240301f,-0.056174965914385186f,-0.18079715242766534f,-0.2499146884696894f,-0.18927279523699336f,0.26925783020388294f,0.9442859894423257f,1.5530260931591053f,-0.004364184300640422f,0.9614284133924969f,-0.27502065343711085f,0.7375005341655032f,0f,0f,0f,1f], start_interpolation: 0, interpolation_duration: 1 }
$data merge entity $(bone_ear_edge_a4) { transformation: [-0.9786135446289863f,0.09812196462942784f,-0.18079715242766534f,-0.13620426302640748f,-0.1448213284215915f,0.2955516079758887f,0.9442859894423257f,1.5726857262838898f,0.14609008557358233f,0.9502743430610591f,-0.27502065343711085f,0.7302494241879414f,0f,0f,0f,1f], start_interpolation: 0, interpolation_duration: 1 }
$data merge entity $(bone_ear_edge_b3) { transformation: [-0.9845095089880798f,-0.07065549213781157f,-0.16046441394531605f,-0.12415155803404009f,-0.14878529911548574f,-0.14751067971713508f,0.9778054684529557f,1.6228611961658455f,-0.09275754136007237f,0.9865335274587235f,0.1347131683269383f,0.7064810172314981f,0f,0f,0f,1f], start_interpolation: 0, interpolation_duration: 1 }
$data merge entity $(bone_ear_edge_b4) { transformation: [-0.9581579316941646f,0.237032803191345f,-0.16046441394531605f,-0.15075803055215747f,-0.18708653513710086f,-0.09431380722826374f,0.9778054684529557f,1.6165488803711394f,0.21663796135939534f,0.9669127964699622f,0.1347131683269383f,0.7206060274775321f,0f,0f,0f,1f], start_interpolation: 0, interpolation_duration: 1 }
$data merge entity $(bone_ear_left_2) { transformation: [-0.9834415173473031f,0.08422561258204271f,-0.16046441394531605f,-0.19419581560829768f,-0.17002925945759617f,-0.12241942979689624f,0.9778054684529557f,1.6254798838712814f,0.06271230250864257f,0.9888981390382843f,0.1347131683269383f,0.8360141750978236f,0f,0f,0f,1f], start_interpolation: 0, interpolation_duration: 1 }
$data merge entity $(bone_ear_left_1) { transformation: [-0.9834415173473031f,0.012456790585123972f,-0.18079715242766534f,-0.19699859348995058f,-0.17002925945759617f,0.281804934433784f,0.9442859894423257f,1.56207377362368f,0.06271230250864257f,0.9593908522062781f,-0.27502065343711085f,0.6201512333514114f,0f,0f,0f,1f], start_interpolation: 0, interpolation_duration: 1 }
$data merge entity $(bone_head) { transformation: [-0.9892929142130146f,-0.027065998650456252f,-0.1434118600568811f,-0.05498403427818737f,-0.09841477507305169f,0.8493362583924784f,0.5185966180252102f,1.1228846437683784f,0.10776855726621547f,0.5271578054974795f,-0.8429060363811849f,0.3628526020125881f,0f,0f,0f,1f], start_interpolation: 0, interpolation_duration: 1 }
$data merge entity $(bone_body_1) { transformation: [-0.9341334939136011f,-0.14604402664319865f,-0.32567738305047955f,-0.0002175242869878743f,-0.34771905820379945f,0.16647984146554579f,0.9227003408189841f,1.0604547032187988f,-0.08053615405909863f,0.9751695261170988f,-0.20629668737505624f,-0.0028359702813239313f,0f,0f,0f,1f], start_interpolation: 0, interpolation_duration: 1 }
$data merge entity $(bone_leg_left_2) { transformation: [-0.987889535088559f,0.07232615102969625f,-0.13727051518713115f,0.15555394160726382f,-0.15002896403331772f,-0.6708839631033537f,0.7262272495588604f,1.1572135398798709f,-0.039567365512506676f,0.7380268531211905f,0.6736102639200447f,-0.6085417821057902f,0f,0f,0f,1f], start_interpolation: 0, interpolation_duration: 1 }
$data merge entity $(bone_leg_left_1) { transformation: [-0.987889535088559f,0.006046206304476866f,-0.1550409941010265f,0.15623459009469073f,-0.15002896403331772f,-0.29204147449097434f,0.9445650253572948f,1.063034157496671f,-0.039567365512506676f,0.9563865434888037f,0.28941182252965836f,-0.26843246524483716f,0f,0f,0f,1f], start_interpolation: 0, interpolation_duration: 1 }
$data merge entity $(bone_leg_right_2) { transformation: [-0.9712175967121789f,-0.011380624718464072f,-0.23792196455484493f,-0.021544567112001325f,-0.21007439692411173f,-0.4298854178960546f,0.8781043646613456f,0.68255080185182f,-0.11227255939716592f,0.9028117239277257f,0.4151215045562659f,-0.24430891343005395f,0f,0f,0f,1f], start_interpolation: 0, interpolation_duration: 1 }
$data merge entity $(bone_leg_right_1) { transformation: [-0.9712175967121789f,-0.1633909854129761f,0.17331983649425717f,-0.08841033918298705f,-0.21007439692411173f,0.9305385669784335f,-0.299944533410253f,1.0171803708845437f,-0.11227255939716592f,-0.3277214690121784f,-0.9380796933922564f,-0.29201327220833045f,0f,0f,0f,1f], start_interpolation: 0, interpolation_duration: 1 }
$data merge entity $(bone_coat_downer) { transformation: [-0.9770808386375243f,-0.12660956357963707f,-0.17112291832938706f,0.019159008656358778f,-0.1841908612909134f,0.09987250556200877f,0.977803256923231f,1.0423529185881917f,-0.10670876901315918f,0.9869121040107576f,-0.12090383605475827f,-0.22222521047836546f,0f,0f,0f,1f], start_interpolation: 0, interpolation_duration: 1 }
$data merge entity $(bone_body_2) { transformation: [-0.9770808386375243f,-0.11991027785494575f,-0.17588223341810835f,0f,-0.1841908612909134f,0.062057187392327406f,0.9809294735656917f,1.0576578125f,-0.10670876901315918f,0.990843292734882f,-0.08272126605651636f,0f,0f,0f,0f,1f], start_interpolation: 0, interpolation_duration: 1 }