# This file was generated by Animated Java via MC-Build. It is not recommended to edit this file directly.
$data merge entity $(bone_wing_right_1) { transformation: [-0.7853852322761918f,-0.09846921042817423f,-0.2010430201836622f,-0.1002950136499288f,-0.22326867684597076f,0.29115546547614746f,0.7296053983539744f,1.1775515976327475f,-0.016296604136013963f,0.7566219359531311f,-0.30692362433122383f,-0.03039308313449383f,0f,0f,0f,1f], start_interpolation: 0, interpolation_duration: 1 }
$data merge entity $(bone_wing_right_2) { transformation: [-0.7477066546927646f,0.20530308080245152f,-0.19694010140440382f,-0.1002950136499288f,-0.09291721264516072f,0.34720045609198763f,0.7147154922651179f,1.1775515976327475f,0.2688887318621008f,0.6908708188239953f,-0.30065987689589274f,-0.03039308313449383f,0f,0f,0f,1f], start_interpolation: 0, interpolation_duration: 1 }
$data merge entity $(bone_wing_left_1) { transformation: [-0.7832973347721629f,0.17813185030946632f,0.14716920088318855f,-0.1405506408651824f,0.2048042973025389f,0.2944112337716959f,0.7337040750056425f,1.1076478308308493f,0.10698097770016705f,0.7406318341651255f,-0.3270535140859408f,0.0021491789235459713f,0f,0f,0f,1f], start_interpolation: 0, interpolation_duration: 1 }
$data merge entity $(bone_wing_left_2) { transformation: [-0.7756804734921932f,-0.13242371465510971f,0.14416574780393981f,-0.1405506408651824f,0.07498598887991396f,0.34322519948857616f,0.718730522454507f,1.1076478308308493f,-0.18082285396107572f,0.7103945539156173f,-0.32037895257398286f,0.0021491789235459713f,0f,0f,0f,1f], start_interpolation: 0, interpolation_duration: 1 }
$data merge entity $(bone_blade) { transformation: [0.7553658583020777f,1.8420174728356116f,-0.1907722460943304f,0.3084982994087727f,-0.35255208750925715f,0.34530258120587093f,1.9381623133797203f,0.5618181680205012f,1.8180014977178733f,-0.6983822428877128f,0.45511844295160875f,0.10356854511429954f,0f,0f,0f,1f], start_interpolation: 0, interpolation_duration: 1 }
$data merge entity $(bone_arm_right_2) { transformation: [0.8645808975943237f,-0.38389763939210214f,-0.32422596130502235f,-0.030438144049837468f,-0.3788087650791472f,-0.921886306984709f,0.08142208848529148f,0.5941017808655767f,-0.3301572216599322f,0.05242365366193684f,-0.9424690814676774f,0.2343313107002144f,0f,0f,0f,1f], start_interpolation: 0, interpolation_duration: 1 }
$data merge entity $(bone_arm_right_1) { transformation: [0.6462158842187419f,-0.690856393904858f,-0.32422596130502235f,-0.28036826747289595f,-0.7085340946926175f,-0.7009635369723638f,0.08142208848529148f,0.8703284800231831f,-0.2835215470497839f,0.17710890106363805f,-0.9424690814676774f,0.34417553933583045f,0f,0f,0f,1f], start_interpolation: 0, interpolation_duration: 1 }
$data merge entity $(bone_arm_left_2) { transformation: [0.03930728705008707f,0.9606751613143024f,-0.2748784669967819f,0.45281238305078075f,0.9269026407000045f,0.06769835796580737f,0.3691455363296322f,0.7899716564041039f,0.3732377685177644f,-0.26929568649065333f,-0.8877913050877482f,0.05020612210036443f,0f,0f,0f,1f], start_interpolation: 0, interpolation_duration: 1 }
$data merge entity $(bone_arm_left_1) { transformation: [-0.405189524551876f,0.871930775678278f,-0.2748784669967819f,0.30359109501782183f,0.7928870084089767f,0.48483168719069025f,0.3691455363296322f,1.0888193835799411f,0.45513914475651024f,-0.06837366101727317f,-0.8877913050877482f,0.22066963369337678f,0f,0f,0f,1f], start_interpolation: 0, interpolation_duration: 1 }
$data merge entity $(bone_ear_edge_a1) { transformation: [-0.9915534805591396f,0.12957669633958713f,-0.005619159792575126f,0.23782207301270053f,0.095606961012699f,0.7595111874855491f,0.6434299224392718f,1.4789261863148648f,0.0876413384024474f,0.6374579482993441f,-0.7654843956299945f,0.569741781197562f,0f,0f,0f,1f], start_interpolation: 0, interpolation_duration: 1 }
$data merge entity $(bone_ear_edge_a2) { transformation: [-0.9996160729983535f,-0.02713174610260112f,-0.005619159792575126f,0.12240786669182874f,-0.024383845634395683f,0.7651165682311885f,0.6434299224392718f,1.4838279052740782f,-0.013158065033600883f,0.643319909043357f,-0.7654843956299945f,0.574709150276675f,0f,0f,0f,1f], start_interpolation: 0, interpolation_duration: 1 }
$data merge entity $(bone_ear_edge_b1) { transformation: [-0.9773202628045106f,0.21024197528348354f,0.025365640946399228f,0.09987808972704036f,0.09459603393493501f,0.3262590166322724f,0.9405352967485714f,1.5227696135959867f,0.18946422954083747f,0.9216036924269789f,-0.33874760490585765f,0.5219969886086484f,0f,0f,0f,1f], start_interpolation: 0, interpolation_duration: 1 }
$data merge entity $(bone_ear_edge_b2) { transformation: [-0.9944551477410759f,-0.10205656956146197f,0.025365640946399228f,0.12863640277895388f,-0.010853406217933383f,0.3395225458545357f,0.9405352967485714f,1.5257903074126964f,-0.10460001292898431f,0.9350448638786274f,-0.33874760490585765f,0.5325374091066088f,0f,0f,0f,1f], start_interpolation: 0, interpolation_duration: 1 }
$data merge entity $(bone_ear_right_2) { transformation: [-0.9981769195318642f,0.054766975206386355f,0.025365640946399228f,0.18376841151155202f,0.04239324505265597f,0.33704030670526963f,0.9405352967485714f,1.5899923961747402f,0.042961029873410106f,0.9398959570520349f,-0.33874760490585765f,0.6226717418713739f,0f,0f,0f,1f], start_interpolation: 0, interpolation_duration: 1 }
$data merge entity $(bone_ear_right_1) { transformation: [-0.9981769195318642f,0.060093779687286186f,-0.005619159792575126f,0.17024731108191266f,0.04239324505265597f,0.7643302608713711f,0.6434299224392718f,1.418018087478682f,0.042961029873410106f,0.6420186834969818f,-0.7654843956299945f,0.4782175380845532f,0f,0f,0f,1f], start_interpolation: 0, interpolation_duration: 1 }
$data merge entity $(bone_ear_edge_a3) { transformation: [-0.9959517126928267f,-0.0801556343908899f,-0.04068488981942839f,-0.14005289095170464f,-0.07864963502213165f,0.5578934099905312f,0.8261774494622947f,1.4619162941804824f,-0.043524945664647666f,0.8260326975153774f,-0.5619391085699217f,0.5978629226142493f,0f,0f,0f,1f], start_interpolation: 0, interpolation_duration: 1 }
$data merge entity $(bone_ear_edge_a4) { transformation: [-0.9962289982083626f,0.07663238786011548f,-0.04068488981942839f,-0.0245299879674322f,0.00959242963791649f,0.5633283299228071f,0.8261774494622947f,1.4664882652553264f,0.08623090178354753f,0.8226716658772427f,-0.5619391085699217f,0.5962207924192998f,0f,0f,0f,1f], start_interpolation: 0, interpolation_duration: 1 }
$data merge entity $(bone_ear_edge_b3) { transformation: [-0.9877362572938575f,-0.1504873869362516f,-0.04160087018586692f,-0.004574947851519878f,-0.07082248492973592f,0.19438920413826338f,0.9783644581355506f,1.5028312667049328f,-0.13914475072923088f,0.9693123251499443f,-0.20266315564726778f,0.5609778132574907f,0f,0f,0f,1f], start_interpolation: 0, interpolation_duration: 1 }
$data merge entity $(bone_ear_edge_b4) { transformation: [-0.9858961638826897f,0.1621052794981553f,-0.04160087018586692f,-0.032601596498200866f,-0.007286618190896418f,0.2067604707202762f,0.9783644581355506f,1.5042576034827702f,0.16719945943912767f,0.9648688958124594f,-0.20266315564726778f,0.5736165692893033f,0f,0f,0f,1f], start_interpolation: 0, interpolation_duration: 1 }
$data merge entity $(bone_ear_left_2) { transformation: [-0.9991169987828968f,0.005881355527039677f,-0.04160087018586692f,-0.0816530800592858f,-0.039541371458109556f,0.20307502800773386f,0.9783644581355506f,1.5551275388078498f,0.01420220709145572f,0.9791455165892465f,-0.20266315564726778f,0.6750653059582674f,0f,0f,0f,1f], start_interpolation: 0, interpolation_duration: 1 }
$data merge entity $(bone_ear_left_1) { transformation: [-0.9991169987828968f,-0.01048629979724799f,-0.04068488981942839f,-0.079293662604905f,-0.039541371458109556f,0.5620207308838253f,0.8261774494622947f,1.4286728743589894f,0.01420220709145572f,0.8270566701099586f,-0.5619391085699217f,0.488977555183527f,0f,0f,0f,1f], start_interpolation: 0, interpolation_duration: 1 }
$data merge entity $(bone_head) { transformation: [-0.9981638947472706f,0.05446099522410744f,-0.02651111506820103f,0.01839403653203004f,0.04261914752122925f,0.9424941884595089f,0.3314940617637296f,0.9299580199032206f,0.04304006839589525f,0.32975552265163266f,-0.9430847511190206f,0.34406923974754766f,0f,0f,0f,1f], start_interpolation: 0, interpolation_duration: 1 }
$data merge entity $(bone_body_1) { transformation: [-0.9412096227461462f,0.048254047945252614f,-0.33435907779953344f,0.0002987685525603097f,-0.28879835979225843f,0.39857431664963006f,0.870479190726913f,0.7804926511596093f,0.17527108555423068f,0.9158657439626058f,-0.3612062923101754f,0.0006195857615705249f,0f,0f,0f,1f], start_interpolation: 0, interpolation_duration: 1 }
$data merge entity $(bone_leg_left_2) { transformation: [-0.9749455061287409f,0.13246539020718978f,-0.17870137234120564f,0.09664089296164641f,-0.21125007099002108f,-0.29973200941990674f,0.9303408676586318f,0.6146512032531256f,0.06967544464217162f,0.9447823256847906f,0.3202056987118652f,-0.618188443727166f,0f,0f,0f,1f], start_interpolation: 0, interpolation_duration: 1 }
$data merge entity $(bone_leg_left_1) { transformation: [-0.9749455061287409f,0.034983125273208494f,-0.21967576340027198f,0.10613903976476598f,-0.21125007099002108f,0.16371806607151732f,0.9636232678534247f,0.6839978172263245f,0.06967544464217162f,0.985886695207883f,-0.15222600509109602f,-0.27503092546804564f,0f,0f,0f,1f], start_interpolation: 0, interpolation_duration: 1 }
$data merge entity $(bone_leg_right_2) { transformation: [-0.989972035876272f,0.08619738207093347f,-0.1119168419278646f,-0.09165910424376263f,-0.09105792863237444f,0.21631675948768214f,0.9720676484679087f,0.3819563781906586f,0.10799917507171301f,0.972510704768264f,-0.20629858771926607f,-0.0325372140392558f,0f,0f,0f,1f], start_interpolation: 0, interpolation_duration: 1 }
$data merge entity $(bone_leg_right_1) { transformation: [-0.989972035876272f,-0.14069492744479037f,-0.012661183763545969f,-0.13871735186601428f,-0.09105792863237444f,0.7040869298616386f,-0.7042514102443767f,0.6477746000943382f,0.10799917507171301f,-0.6960363012008188f,-0.7098377600512049f,-0.23977483885646986f,0f,0f,0f,1f], start_interpolation: 0, interpolation_duration: 1 }
$data merge entity $(bone_coat_downer) { transformation: [-0.9801455292214911f,0.06656671136785211f,-0.1867715569480323f,-0.02052672018040894f,-0.15002095564516815f,0.3669443988639978f,0.918066185527846f,0.6890725837511624f,0.12964742347780575f,0.9278581147352261f,-0.34967251036585384f,-0.20234962756597386f,0f,0f,0f,1f], start_interpolation: 0, interpolation_duration: 1 }
$data merge entity $(bone_body_2) { transformation: [-0.9801455292214911f,0.05759701586961026f,-0.1897296110522521f,0f,-0.15002095564516815f,0.41024696937783417f,0.8995505194171213f,0.7819091796875001f,0.12964742347780575f,0.9101538374798065f,-0.39346097354928133f,0f,0f,0f,0f,1f], start_interpolation: 0, interpolation_duration: 1 }