# This file was generated by Animated Java via MC-Build. It is not recommended to edit this file directly.
$data merge entity $(bone_wing_right_1) { transformation: [-0.7227228114797148f,0.1600670742343034f,-0.3449561043920966f,-0.1160580662597186f,-0.22052282842855686f,0.42712039139259184f,0.660213827364251f,1.2924317024349599f,0.3098158555548284f,0.6774150481404689f,-0.3347647422356788f,-0.06256381539609715f,0f,0f,0f,1f], start_interpolation: 0, interpolation_duration: 1 }
$data merge entity $(bone_wing_right_2) { transformation: [-0.5940771877503682f,0.41579435741352755f,-0.3379161838942987f,-0.1160580662597186f,-0.039462494914681706f,0.4692227465375251f,0.6467400757853888f,1.2924317024349599f,0.534336042663905f,0.4969356763957016f,-0.327932808720665f,-0.06256381539609715f,0f,0f,0f,1f], start_interpolation: 0, interpolation_duration: 1 }
$data merge entity $(bone_wing_left_1) { transformation: [-0.702445610111881f,0.4113627190145982f,-0.06553871133847794f,-0.1415897802526332f,0.19103516062982248f,0.4323198628236769f,0.6659951561803582f,1.2404016703229959f,0.37016236529681074f,0.5575165415101856f,-0.4680807341739633f,-0.011845500559416397f,0f,0f,0f,1f], start_interpolation: 0, interpolation_duration: 1 }
$data merge entity $(bone_wing_left_2) { transformation: [-0.789939741202592f,0.10896519125718326f,-0.06420118661728452f,-0.1415897802526332f,0.010826278443359566f,0.4628742501875452f,0.6524034182991264f,1.2404016703229959f,0.12600792421053827f,0.643330409360232f,-0.45852806612959673f,-0.011845500559416397f,0f,0f,0f,1f], start_interpolation: 0, interpolation_duration: 1 }
$data merge entity $(bone_blade) { transformation: [1.2358267301977688f,1.571223902037615f,-0.06314857555307853f,0.3772943421494038f,-0.3410017155485491f,0.3461834713320173f,1.9400708322557354f,0.747867772504967f,1.5350733281904285f,-1.1880288101903116f,0.48180641676523617f,0.11731686528625915f,0f,0f,0f,1f], start_interpolation: 0, interpolation_duration: 1 }
$data merge entity $(bone_arm_right_2) { transformation: [0.8389869401355949f,-0.1585339662311291f,-0.5205457672798222f,0.07234851303848719f,-0.3265434934207326f,-0.9119086371741889f,-0.24857993553723817f,0.7684798645892232f,-0.4352818181207384f,0.37853615282841985f,-0.8168476723449507f,0.3173733812291075f,0f,0f,0f,1f], start_interpolation: 0, interpolation_duration: 1 }
$data merge entity $(bone_arm_right_1) { transformation: [0.6199988203830007f,-0.5870549947754033f,-0.5205457672798222f,-0.16035694351518553f,-0.7678134266136101f,-0.5904833253870672f,-0.24857993553723817f,1.0648992542693312f,-0.16144350292146825f,0.5538012960883012f,-0.8168476723449507f,0.3754624586173654f,0f,0f,0f,1f], start_interpolation: 0, interpolation_duration: 1 }
$data merge entity $(bone_arm_left_2) { transformation: [-0.005459141041037396f,0.8478196077390162f,-0.5302566458917368f,0.49337834230750066f,0.9995399602643897f,0.020446506447888813f,0.022401076062083802f,0.9101262345059269f,0.02983396744914929f,-0.5298904161308613f,-0.8475411973933222f,-0.05413653929606847f,0f,0f,0f,1f], start_interpolation: 0, interpolation_duration: 1 }
$data merge entity $(bone_arm_left_1) { transformation: [-0.38483737277569685f,0.7554654763804528f,-0.5302566458917368f,0.35142515713030326f,0.8843798390197155f,0.46623008496527063f,0.022401076062083802f,1.2432256431538367f,0.264144840666181f,-0.46032751587378745f,-0.8475411973933222f,0.0434792524666438f,0f,0f,0f,1f], start_interpolation: 0, interpolation_duration: 1 }
$data merge entity $(bone_ear_edge_a1) { transformation: [-0.9801496294373997f,0.16527236578844368f,0.10950684462817292f,0.39411635547603674f,0.19770489731368704f,0.8560590896325985f,0.47757262132118855f,1.6810781343668335f,-0.014814772759390672f,0.48974266728976945f,-0.8717411555869036f,0.3995736324062755f,0f,0f,0f,1f], start_interpolation: 0, interpolation_duration: 1 }
$data merge entity $(bone_ear_edge_a2) { transformation: [-0.993936655162013f,0.009908405771400397f,0.10950684462817292f,0.2797296007543536f,0.06135367622578504f,0.8764474415377059f,0.47757262132118855f,1.696977454630301f,-0.0912450104878675f,0.48139558132276117f,-0.8717411555869036f,0.3939147823109649f,0f,0f,0f,1f], start_interpolation: 0, interpolation_duration: 1 }
$data merge entity $(bone_ear_edge_b1) { transformation: [-0.9729047305153488f,0.18131677568514348f,0.14345944442942754f,0.26490837227798775f,0.2142309039828705f,0.4735895720224863f,0.8542938821332158f,1.7274556948661373f,0.08695691530602251f,0.861880005642724f,-0.499601191705704f,0.33217762014210617f,0f,0f,0f,1f], start_interpolation: 0, interpolation_duration: 1 }
$data merge entity $(bone_ear_edge_b2) { transformation: [-0.9813173487429824f,-0.12820159460803887f,0.14345944442942754f,0.29306828540862484f,0.05739847111100396f,0.5166114385724332f,0.8542938821332158f,1.7298541925820594f,-0.1836346279168588f,0.8465677602390005f,-0.499601191705704f,0.3443649958309771f,0f,0f,0f,1f], start_interpolation: 0, interpolation_duration: 1 }
$data merge entity $(bone_ear_right_2) { transformation: [-0.9892908516469894f,0.02688863424524164f,0.14345944442942754f,0.3484111130442688f,0.1375076347110681f,0.5012719953736964f,0.8542938821332158f,1.8047169748364031f,-0.04894140622971337f,0.8648718910928364f,-0.499601191705704f,0.4257184210427046f,0f,0f,0f,1f], start_interpolation: 0, interpolation_duration: 1 }
$data merge entity $(bone_ear_right_1) { transformation: [-0.9892908516469894f,0.09649798872077897f,0.10950684462817292f,0.32669906558209355f,0.1375076347110681f,0.8677649691941801f,0.47757262132118855f,1.609469856767713f,-0.04894140622971337f,0.4875162524596164f,-0.8717411555869036f,0.31602726423929106f,0f,0f,0f,1f], start_interpolation: 0, interpolation_duration: 1 }
$data merge entity $(bone_ear_edge_a3) { transformation: [-0.9948093717112677f,-0.0641094324359155f,0.07902084932584026f,0.016817971713073754f,0.000024968643820684477f,0.7764169341542198f,0.6302195996120155f,1.712628331592631f,-0.10175614640894762f,0.626950336973597f,-0.772385241726364f,0.39364103437227205f,0f,0f,0f,1f], start_interpolation: 0, interpolation_duration: 1 }
$data merge entity $(bone_ear_edge_a4) { transformation: [-0.992590542321139f,0.09230233294153489f,0.07902084932584026f,0.13207969114677387f,0.1214830289809737f,0.7668540473483068f,0.6302195996120155f,1.706363189198189f,-0.0024267188207522175f,0.6351497062890537f,-0.772385241726364f,0.40032120270580696f,0f,0f,0f,1f], start_interpolation: 0, interpolation_duration: 1 }
$data merge entity $(bone_ear_edge_b3) { transformation: [-0.9806409507792592f,-0.18084557401791188f,0.07508797515503056f,0.15771083232094002f,-0.02069337599172185f,0.47702800964394976f,0.8786444458398388f,1.729152394588994f,-0.19471802650195424f,0.8600809010629545f,-0.4715355063851718f,0.35807452614587937f,0f,0f,0f,1f], start_interpolation: 0, interpolation_duration: 1 }
$data merge entity $(bone_ear_edge_b4) { transformation: [-0.9885293221135166f,0.13104035755792479f,0.07508797515503056f,0.12935903508441868f,0.12772919169176403f,0.46007520187961837f,0.8786444458398388f,1.7366062501502209f,0.08059176702095472f,0.8781567247971854f,-0.4715355063851718f,0.36744902643824384f,0f,0f,0f,1f], start_interpolation: 0, interpolation_duration: 1 }
$data merge entity $(bone_ear_left_2) { transformation: [-0.9968581140211901f,-0.02521302237402978f,0.07508797515503056f,0.0806625450879525f,0.054185015303282354f,0.4743921604657754f,0.8786444458398388f,1.8185751183124128f,-0.057774428830572225f,0.879952488257963f,-0.4715355063851718f,0.44615989637044107f,0f,0f,0f,1f], start_interpolation: 0, interpolation_duration: 1 }
$data merge entity $(bone_ear_left_1) { transformation: [-0.9968581140211901f,0.005441128737556422f,0.07902084932584026f,0.0794382911220023f,0.054185015303282354f,0.7745238798006516f,0.6302195996120155f,1.6443072453572665f,-0.057774428830572225f,0.6325212674184223f,-0.772385241726364f,0.30384261120129624f,0f,0f,0f,1f], start_interpolation: 0, interpolation_duration: 1 }
$data merge entity $(bone_head) { transformation: [-0.989043097840365f,0.13344593513160813f,0.06313424594611478f,0.13270469141128266f,0.13934955435821383f,0.9850969198534871f,0.10082539459550705f,1.1188755860564679f,-0.04873861215197928f,0.10851838964905064f,-0.9928989408763995f,0.28534735492754265f,0f,0f,0f,1f], start_interpolation: 0, interpolation_duration: 1 }
$data merge entity $(bone_body_1) { transformation: [-0.8109369498671568f,0.34669566719962724f,-0.47136331813703725f,0.002693816211422452f,-0.22278587339738057f,0.5619488084125828f,0.7966052920601551f,0.9081447829017493f,0.5410616581820585f,0.751009754309945f,-0.3784661556554265f,0.0037186970613132535f,0f,0f,0f,1f], start_interpolation: 0, interpolation_duration: 1 }
$data merge entity $(bone_leg_left_2) { transformation: [-0.8457945827817879f,0.3510728938502185f,-0.40172048359601326f,-0.016782623551476653f,-0.4043785537152119f,0.06930904472333926f,0.9119617544693043f,0.5460824142990377f,0.34800791518609875f,0.9337794597886439f,0.08334513449898434f,-0.5452893300007025f,0f,0f,0f,1f], start_interpolation: 0, interpolation_duration: 1 }
$data merge entity $(bone_leg_left_1) { transformation: [-0.8457945827817879f,0.1259115838718054f,-0.5184378427390065f,0.020805957769417655f,-0.4043785537152119f,0.48257494895642555f,0.7769166003728436f,0.7246951039384472f,0.34800791518609875f,0.8667569969066281f,-0.35724333343147036f,-0.24638992275127602f,0f,0f,0f,1f], start_interpolation: 0, interpolation_duration: 1 }
$data merge entity $(bone_leg_right_2) { transformation: [-0.9299897561926778f,0.23979185365325972f,-0.2786017234300922f,-0.07950173944984962f,0.09961938605392316f,0.8939739592151571f,0.43690563988968645f,0.6423326533060518f,0.353829098999677f,0.37856363687854466f,-0.8552745416147767f,0.19662247318386372f,0f,0f,0f,1f], start_interpolation: 0, interpolation_duration: 1 }
$data merge entity $(bone_leg_right_1) { transformation: [-0.9299897561926778f,-0.33590850680893214f,-0.1492800335948431f,-0.1925834594605894f,0.09961938605392316f,0.1605944739727696f,-0.981980342395737f,0.7035450838317396f,0.353829098999677f,-0.928102844507441f,-0.11588821647723141f,-0.11783099117231556f,0f,0f,0f,1f], start_interpolation: 0, interpolation_duration: 1 }
$data merge entity $(bone_coat_downer) { transformation: [-0.857353856802706f,0.3788478105013427f,-0.34845186282162977f,-0.07455493540913732f,-0.09337796474406371f,0.5512549691344137f,0.8290949973946731f,0.7550855290423892f,0.5061866453451548f,0.7433655194337139f,-0.4372445363766862f,-0.13992273918427298f,0f,0f,0f,1f], start_interpolation: 0, interpolation_duration: 1 }
$data merge entity $(bone_body_2) { transformation: [-0.857353856802706f,0.3036950306142263f,-0.4155883691896939f,0f,-0.09337796474406371f,0.7022307453786749f,0.7057992178694782f,0.9127197265624999f,0.5061866453451548f,0.6439264776549686f,-0.5737018140542034f,0f,0f,0f,0f,1f], start_interpolation: 0, interpolation_duration: 1 }