# This file was generated by Animated Java via MC-Build. It is not recommended to edit this file directly.
$data merge entity $(bone_wing_right_1) { transformation: [-0.7869719279229783f,-0.20320432717459025f,-0.07954640484118039f,-0.015370481961099386f,-0.19449397669504281f,0.7881413869560069f,-0.08916104329164366f,1.4278279789272674f,0.09895313100141413f,-0.06697462227611498f,-0.807878160541819f,-0.38164209432208945f,0f,0f,0f,1f], start_interpolation: 0, interpolation_duration: 1 }
$data merge entity $(bone_wing_right_2) { transformation: [-0.788405080421484f,0.11111000792640628f,-0.07792300882401344f,-0.015370481961099386f,0.1194314908251721f,0.7861981897564483f,-0.08734143016324278f,1.4278279789272674f,0.06444802685009195f,-0.0977086104817672f,-0.7913908511430064f,-0.38164209432208945f,0f,0f,0f,1f], start_interpolation: 0, interpolation_duration: 1 }
$data merge entity $(bone_wing_left_1) { transformation: [-0.7771838180650116f,0.07259853287326866f,0.24012332332987635f,-0.06942743549260427f,0.05701943125910751f,0.812381858476994f,-0.06106508757708884f,1.4275667682987638f,-0.24429191931216904f,-0.04134747255345283f,-0.7781749733296892f,-0.34292505630400094f,0f,0f,0f,1f], start_interpolation: 0, interpolation_duration: 1 }
$data merge entity $(bone_wing_left_2) { transformation: [-0.7305859378813245f,-0.22564219343389058f,0.23522284734355237f,-0.06942743549260427f,-0.252936482446416f,0.756600845677828f,-0.059818861300005396f,1.4275667682987638f,-0.20559018268803433f,-0.1289990731049571f,-0.7622938514250017f,-0.34292505630400094f,0f,0f,0f,1f], start_interpolation: 0, interpolation_duration: 1 }
$data merge entity $(bone_blade) { transformation: [-0.08542072550093584f,1.975290811285401f,0.3015452047477322f,0.06577062885425602f,1.8826299514856586f,-0.02158722027625695f,0.6747136116085457f,1.468555824813354f,0.6696325600088437f,0.31266628019695764f,-1.858448824101379f,0.5043067065241974f,0f,0f,0f,1f], start_interpolation: 0, interpolation_duration: 1 }
$data merge entity $(bone_arm_right_2) { transformation: [0.573955573887015f,-0.8183847978681158f,0.02865871285299105f,-0.2276356301787988f,-0.2610226849743254f,-0.21600975556549784f,-0.9408543688740184f,1.5352795356399305f,0.7761714740524938f,0.5325280350543968f,-0.3375970005024956f,0.31103109798316664f,0f,0f,0f,1f], start_interpolation: 0, interpolation_duration: 1 }
$data merge entity $(bone_arm_right_1) { transformation: [0.25943773157816796f,-0.9653345231634389f,0.02865871285299105f,-0.32897849407652063f,-0.3191607784863526f,-0.11370775719649648f,-0.9408543688740184f,1.659951714736162f,0.911497921505891f,0.23494638610150678f,-0.3375970005024956f,-0.04502277760507209f,0f,0f,0f,1f], start_interpolation: 0, interpolation_duration: 1 }
$data merge entity $(bone_arm_left_2) { transformation: [0.323187256158736f,0.9423157281394284f,0.08712672355624494f,0.3544945840808102f,0.2851243260517405f,-0.00917126909828167f,-0.9584466633656082f,1.6005835238561885f,-0.9023603028447826f,0.3345996956426972f,-0.2716411742090768f,0.2580770513112537f,0f,0f,0f,1f], start_interpolation: 0, interpolation_duration: 1 }
$data merge entity $(bone_arm_left_1) { transformation: [-0.14844238333999854f,0.9850755264804291f,0.08712672355624494f,0.3019070513485621f,0.25714318679827014f,0.12352074710979631f,-0.9584466633656082f,1.6973982212402579f,-0.954904309505183f,-0.11987006366371539f,-0.2716411742090768f,-0.10038665870213906f,0f,0f,0f,1f], start_interpolation: 0, interpolation_duration: 1 }
$data merge entity $(bone_ear_edge_a1) { transformation: [-0.9850203914682332f,0.16427273677247528f,0.05243373289257325f,0.14627302761495065f,0.1724112451838895f,0.9328873981037993f,0.3162205954602957f,2.299659334680691f,0.003031653989062282f,0.3205238999082663f,-0.9472355771726937f,0.17575148736660828f,0f,0f,0f,1f], start_interpolation: 0, interpolation_duration: 1 }
$data merge entity $(bone_ear_edge_a2) { transformation: [-0.9985910735993291f,0.008159128794776135f,0.05243373289257325f,0.0313325255162282f,0.024352835590476518f,0.9483730671025191f,0.3162205954602957f,2.31202153473152f,-0.0471466555170426f,0.3170519739914436f,-0.9472355771726937f,0.17351595338188325f,0f,0f,0f,1f], start_interpolation: 0, interpolation_duration: 1 }
$data merge entity $(bone_ear_edge_b1) { transformation: [-0.966954779106314f,0.2494978132537637f,0.05243373289257325f,0.008992268696877997f,0.25306166242525363f,0.914310849775558f,0.3162205954602957f,2.308468818512064f,0.030955616195233536f,0.31903998364513364f,-0.9472355771726937f,0.1710932982868491f,0f,0f,0f,1f], start_interpolation: 0, interpolation_duration: 1 }
$data merge entity $(bone_ear_edge_b2) { transformation: [-0.9967277079866008f,-0.06151893843954104f,0.05243373289257325f,0.03814028205196723f,-0.041861647648025066f,0.9477616459125832f,0.3162205954602957f,2.317244818525411f,-0.06914823633304293f,0.31299086688007904f,-0.9472355771726937f,0.17563650928979221f,0f,0f,0f,1f], start_interpolation: 0, interpolation_duration: 1 }
$data merge entity $(bone_ear_right_2) { transformation: [-0.9940800181511131f,0.0951610275671346f,0.05243373289257325f,0.09833782447421002f,0.1069163247639274f,0.9426417317866371f,0.3162205954602957f,2.4250493920669562f,-0.019334347976000303f,0.31995459728945397f,-0.9472355771726937f,0.18196693906176709f,0f,0f,0f,1f], start_interpolation: 0, interpolation_duration: 1 }
$data merge entity $(bone_ear_right_1) { transformation: [-0.9940800181511131f,0.0951610275671346f,0.05243373289257325f,0.07692659327160477f,0.1069163247639274f,0.9426417317866371f,0.3162205954602957f,2.2129550024149633f,-0.019334347976000303f,0.31995459728945397f,-0.9472355771726937f,0.10997715467164006f,0f,0f,0f,1f], start_interpolation: 0, interpolation_duration: 1 }
$data merge entity $(bone_ear_edge_a3) { transformation: [-0.970902522915262f,-0.23366427765435022f,0.05243373289257325f,-0.2523117645983973f,-0.2058027578329709f,0.9260938180741082f,0.3162205954602957f,2.2928546957897358f,-0.12244801290801963f,0.29622836709739864f,-0.9472355771726937f,0.1514164053157955f,0f,0f,0f,1f], start_interpolation: 0, interpolation_duration: 1 }
$data merge entity $(bone_ear_edge_a4) { transformation: [-0.9955022480116782f,-0.07890486587432718f,0.05243373289257325f,-0.13843998078280118f,-0.05839599336646199f,0.9468867107344363f,0.3162205954602957f,2.3091231787943496f,-0.07460014854167124f,0.31173639373014234f,-0.9472355771726937f,0.16315071127664105f,0f,0f,0f,1f], start_interpolation: 0, interpolation_duration: 1 }
$data merge entity $(bone_ear_edge_b3) { transformation: [-0.9456942118680426f,-0.32464650531155015f,0.016343323660734897f,-0.11384048015127005f,-0.2719841277717505f,0.8178195146496499f,0.5071448271435401f,2.3110831674205863f,-0.17800868484296486f,0.47515880297770857f,-0.8617058779382146f,0.1372626710675195f,0f,0f,0f,1f], start_interpolation: 0, interpolation_duration: 1 }
$data merge entity $(bone_ear_edge_b4) { transformation: [-0.9997299299254171f,-0.016521591419751708f,0.016343323660734897f,-0.14369790216029352f,-0.005952148687963871f,0.8618402962426073f,0.5071448271435401f,2.317754699987622f,-0.022464174530062747f,0.506910584609765f,-0.8617058779382146f,0.14062282421612166f,0f,0f,0f,1f], start_interpolation: 0, interpolation_duration: 1 }
$data merge entity $(bone_ear_left_2) { transformation: [-0.9848370492159664f,-0.17271039998595553f,0.016343323660734897f,-0.2097804178657578f,-0.14070039355341693f,0.8502984908580411f,0.5071448271435401f,2.419789197960712f,-0.10148588939109651f,0.4971555030181492f,-0.8617058779382146f,0.16315517590578127f,0f,0f,0f,1f], start_interpolation: 0, interpolation_duration: 1 }
$data merge entity $(bone_ear_left_1) { transformation: [-0.9848370492159664f,-0.16536834687006627f,0.05243373289257325f,-0.17257253981999293f,-0.14070039355341693f,0.9381939747518364f,0.3162205954602957f,2.208695553641549f,-0.10148588939109651f,0.30404831128097365f,-0.9472355771726937f,0.09474430586756229f,0f,0f,0f,1f], start_interpolation: 0, interpolation_duration: 1 }
$data merge entity $(bone_head) { transformation: [-0.9979965323663907f,-0.03540656774681744f,0.05243373289257325f,-0.031315661456843044f,-0.0170377950936556f,0.9485326818539689f,0.3162205954602957f,1.7148203849699628f,-0.06093139521631109f,0.31469370253519124f,-0.9472355771726937f,-0.029318680493037718f,0f,0f,0f,1f], start_interpolation: 0, interpolation_duration: 1 }
$data merge entity $(bone_body_1) { transformation: [-0.9941635053636709f,-0.07770729267956294f,-0.07483649689443665f,-0.0021754267020069416f,-0.06941805650219908f,0.9917648240379905f,-0.10762744646395313f,1.3429085759557164f,0.08258364265685898f,-0.10180427528009972f,-0.9913706831958558f,0.008857922736999677f,0f,0f,0f,1f], start_interpolation: 0, interpolation_duration: 1 }
$data merge entity $(bone_leg_left_2) { transformation: [-0.9838578317409038f,-0.14667460853898734f,0.10251988164264611f,0.15424341857133922f,-0.1579830669308019f,0.4428218713447365f,-0.882581520779743f,1.1847578381108053f,0.08405425322507544f,-0.8845311466922353f,-0.4588458706865459f,0.369514073675623f,0f,0f,0f,1f], start_interpolation: 0, interpolation_duration: 1 }
$data merge entity $(bone_leg_left_1) { transformation: [-0.9838578317409038f,-0.03569249229867969f,0.17535624572736505f,0.14928228691978332f,-0.1579830669308019f,-0.28702593032517804f,-0.9448055174924118f,1.054706667035111f,0.08405425322507544f,-0.9572576253624073f,0.2767539000633959f,0.0670078932200689f,0f,0f,0f,1f], start_interpolation: 0, interpolation_duration: 1 }
$data merge entity $(bone_leg_right_2) { transformation: [-0.9980986513036194f,0.033714087378607836f,0.051598862178575074f,-0.11438293747100792f,0.012682296721950462f,0.9315646972889491f,-0.36335433685977225f,1.2276532857455515f,-0.060317838288124925f,-0.36200908148439576f,-0.9302210400260099f,0.344999632804456f,0f,0f,0f,1f], start_interpolation: 0, interpolation_duration: 1 }
$data merge entity $(bone_leg_right_1) { transformation: [-0.9980986513036194f,0.054340889256405206f,-0.029088657939463188f,-0.09998263364767046f,0.012682296721950462f,-0.28078045079863123f,-0.9596882294782894f,1.0353102037626738f,-0.060317838288124925f,-0.9582324385054707f,0.2795574219728515f,0.06627154274512308f,0f,0f,0f,1f], start_interpolation: 0, interpolation_duration: 1 }
$data merge entity $(bone_coat_downer) { transformation: [-0.995970187169879f,-0.08715960799489565f,0.02113265253044238f,0.011693707824094814f,-0.0896849277682504f,0.9679259742801598f,-0.23468259851341122f,1.1017783766235874f,-1.1503227627247103e-16f,-0.23563215198265985f,-0.9718423169177295f,0.05264905895862555f,0f,0f,0f,1f], start_interpolation: 0, interpolation_duration: 1 }
$data merge entity $(bone_body_2) { transformation: [-0.995970187169879f,-0.08715960799489565f,0.02113265253044238f,0f,-0.0896849277682504f,0.9679259742801598f,-0.23468259851341122f,1.31875f,-1.1503227627247103e-16f,-0.23563215198265985f,-0.9718423169177295f,0f,0f,0f,0f,1f], start_interpolation: 0, interpolation_duration: 1 }