# This file was generated by Animated Java via MC-Build. It is not recommended to edit this file directly.
$data merge entity $(bone_wing_right_1) { transformation: [-0.8048501816674357f,0.05564309177545738f,-0.12674571334766327f,0.006726370258135411f,0.018472374694057606f,0.7842661644222995f,0.22700176025736313f,1.2949924841834783f,0.13718382152244613f,0.22085034327446046f,-0.7741770917771299f,-0.006034092528396137f,0f,0f,0f,1f], start_interpolation: 0, interpolation_duration: 1 }
$data merge entity $(bone_wing_right_2) { transformation: [-0.7075502892073441f,0.3520754387041495f,-0.12415906613648649f,0.006726370258135411f,0.3107186121655334f,0.7028555614031393f,0.222369071272519f,1.2949924841834783f,0.20694572306894518f,0.1484484599649269f,-0.7583775592918824f,-0.006034092528396137f,0f,0f,0f,1f], start_interpolation: 0, interpolation_duration: 1 }
$data merge entity $(bone_wing_left_1) { transformation: [-0.7400827086246864f,0.3280564437178694f,0.1077079318080909f,-0.04396385058857903f,0.34431066986620895f,0.7202977255227632f,0.17194706646948332f,1.3068956242899241f,-0.025926655308281525f,0.20123270307373697f,-0.7910610925855265f,-0.0023836748554904464f,0f,0f,0f,1f], start_interpolation: 0, interpolation_duration: 1 }
$data merge entity $(bone_wing_left_2) { transformation: [-0.7927729300460095f,0.019461788756407694f,0.10550981075078293f,-0.04396385058857903f,0.04158913448505089f,0.780960308443335f,0.16843794266398368f,1.3068956242899241f,-0.09890108836129863f,0.17240137880681825f,-0.7749169886552096f,-0.0023836748554904464f,0f,0f,0f,1f], start_interpolation: 0, interpolation_duration: 1 }
$data merge entity $(bone_blade) { transformation: [-0.6990472213767951f,1.3101590030334342f,1.339707568484935f,0.03521206465732637f,0.2718765854284518f,-1.3438504166730247f,1.4560732055441103f,1.0337879586378556f,1.8540269967239278f,0.6910495238245752f,0.2916066718041254f,0.8364380784320387f,0f,0f,0f,1f], start_interpolation: 0, interpolation_duration: 1 }
$data merge entity $(bone_arm_right_2) { transformation: [0.6044627384492496f,-0.4676883684269043f,-0.6448971917016028f,-0.19491842865087805f,-0.6132950391636535f,0.2434540364942668f,-0.7513982479696772f,1.2717149334395004f,0.5084230450753449f,0.8497044910748843f,-0.13967206264491536f,0.6897263523431341f,0f,0f,0f,1f], start_interpolation: 0, interpolation_duration: 1 }
$data merge entity $(bone_arm_right_1) { transformation: [0.21816854169257385f,-0.7324684973096941f,-0.6448971917016028f,-0.27604985509280394f,-0.35614040923075685f,0.5554859870969276f,-0.7513982479696772f,1.404154648122188f,0.9086068986798879f,0.3936054097542744f,-0.13967206264491536f,0.35183816189655076f,0f,0f,0f,1f], start_interpolation: 0, interpolation_duration: 1 }
$data merge entity $(bone_arm_left_2) { transformation: [-0.015930380877310135f,0.8432784742676076f,-0.5372407633473093f,0.500799670688971f,0.6596548793709743f,-0.39492118842109136f,-0.6394471792557522f,1.055288782761361f,-0.7513998024268898f,-0.36458012805550544f,-0.5499815152710699f,0.4420648326835721f,0f,0f,0f,1f], start_interpolation: 0, interpolation_duration: 1 }
$data merge entity $(bone_arm_left_1) { transformation: [-0.5202202223721825f,0.6638849918721144f,-0.5372407633473093f,0.3157500474497323f,0.764493315194497f,0.08159213175784316f,-0.6394471792557522f,1.3173184336242396f,-0.3806847662541334f,-0.7433703260166991f,-0.5499815152710699f,0.3181735410901203f,0f,0f,0f,1f], start_interpolation: 0, interpolation_duration: 1 }
$data merge entity $(bone_ear_edge_a1) { transformation: [-0.9848166885719264f,0.02006481820674484f,0.17243402500827765f,0.13046865236310232f,0.06862555018871276f,0.9573874009525434f,0.28053502162587524f,2.054046952841039f,-0.1594572788289123f,0.2881089508634955f,-0.9442280490754412f,0.6064172607427015f,0f,0f,0f,1f], start_interpolation: 0, interpolation_duration: 1 }
$data merge entity $(bone_ear_edge_a2) { transformation: [-0.9758307900283062f,-0.13424148484047804f,0.17243402500827765f,0.016714768311699685f,-0.08198773011595009f,0.9563357745853722f,0.28053502162587524f,2.054240556809483f,-0.20256426472397768f,0.25961723747860016f,-0.9442280490754412f,0.5857011557583314f,0f,0f,0f,1f], start_interpolation: 0, interpolation_duration: 1 }
$data merge entity $(bone_ear_edge_b1) { transformation: [-0.9917874352072293f,0.027107130616465108f,0.12499154705342136f,0.006693420432519803f,0.10974693623748058f,0.6822112800417282f,0.7228716202551551f,2.067222707492651f,-0.0656756678805182f,0.7306524295816502f,-0.6795835002373725f,0.5187572859783645f,0f,0f,0f,1f], start_interpolation: 0, interpolation_duration: 1 }
$data merge entity $(bone_ear_edge_b2) { transformation: [-0.951622467062722f,-0.28069875907572295f,0.12499154705342136f,0.032758579870656446f,-0.10643934043509576f,0.6827351517517086f,0.7228716202551551f,2.075812868765209f,-0.2882452896218776f,0.6745968568085093f,-0.6795835002373725f,0.5326886253890581f,0f,0f,0f,1f], start_interpolation: 0, interpolation_duration: 1 }
$data merge entity $(bone_ear_right_2) { transformation: [-0.9838173755796984f,-0.12837634000339349f,0.12499154705342136f,0.07027705765784634f,0.0016744127000587056f,0.6909803303798139f,0.7228716202551551f,2.1738974761683156f,-0.1791663133783368f,0.7113829477542571f,-0.6795835002373725f,0.5979375192215254f,0f,0f,0f,1f], start_interpolation: 0, interpolation_duration: 1 }
$data merge entity $(bone_ear_right_1) { transformation: [-0.9838173755796984f,-0.04868139816109657f,0.17243402500827765f,0.08123037224409305f,0.0016744127000587056f,0.9598423297518606f,0.28053502162587524f,1.9579329519741475f,-0.1791663133783368f,0.2762839544555586f,-0.9442280490754412f,0.5357736294690248f,0f,0f,0f,1f], start_interpolation: 0, interpolation_duration: 1 }
$data merge entity $(bone_ear_edge_a3) { transformation: [-0.8953232293678403f,-0.4197289590302689f,0.14907687917885973f,-0.26086499047972633f,-0.3458425904434179f,0.8659952466519187f,0.3611718917796188f,1.9955240720119964f,-0.28069417092224713f,0.2718084504345831f,-0.9205058113247425f,0.5270059665263263f,0f,0f,0f,1f], start_interpolation: 0, interpolation_duration: 1 }
$data merge entity $(bone_ear_edge_a4) { transformation: [-0.9499603898783953f,-0.2745019886200808f,0.14907687917885973f,-0.15421005320992978f,-0.20611319112480758f,0.9094351087530543f,0.3611718917796188f,2.0284299480801544f,-0.23471815035577415f,0.312372279837602f,-0.9205058113247425f,0.5571898745099323f,0f,0f,0f,1f], start_interpolation: 0, interpolation_duration: 1 }
$data merge entity $(bone_ear_edge_b3) { transformation: [-0.8506521955478563f,-0.525727010506983f,0.0013973664524205565f,-0.12354266918594876f,-0.3878071940338268f,0.6292812989217993f,0.67350621903803f,2.0444279977936484f,-0.35495974766897365f,0.5723776351768853f,-0.7391802353175404f,0.5151820309199107f,0f,0f,0f,1f], start_interpolation: 0, interpolation_duration: 1 }
$data merge entity $(bone_ear_edge_b4) { transformation: [-0.9714768943251622f,-0.2371301144083883f,0.0013973664524205565f,-0.15431305100370685f,-0.1743679433428327f,0.7183210934195707f,0.67350621903803f,2.0449513684375322f,-0.16071236457325955f,0.6540520740653429f,-0.7391802353175404f,0.5156007324347105f,0f,0f,0f,1f], start_interpolation: 0, interpolation_duration: 1 }
$data merge entity $(bone_ear_left_2) { transformation: [-0.9224210790901324f,-0.38618311746785783f,0.0013973664524205565f,-0.24118793279354395f,-0.28459136058947365f,0.6822002128370594f,0.67350621903803f,2.1268291920329716f,-0.2610500149933489f,0.6208586549190382f,-0.7391802353175404f,0.5477631553615668f,0f,0f,0f,1f], start_interpolation: 0, interpolation_duration: 1 }
$data merge entity $(bone_ear_left_1) { transformation: [-0.9224210790901324f,-0.3562519290396717f,0.14907687917885973f,-0.16103124875961794f,-0.28459136058947365f,0.8880104853357101f,0.3611718917796188f,1.9270268328324374f,-0.2610500149933489f,0.2907265742744362f,-0.9205058113247425f,0.48234967614981883f,0f,0f,0f,1f], start_interpolation: 0, interpolation_duration: 1 }
$data merge entity $(bone_head) { transformation: [-0.969046484014844f,-0.17667885792565405f,0.17243402500827765f,0.0452589131476266f,-0.12362447656684122f,0.9518493002754922f,0.28053502162587524f,1.4458904065862939f,-0.21369581327682402f,0.2505344102656206f,-0.9442280490754412f,0.41016989408189874f,0f,0f,0f,1f], start_interpolation: 0, interpolation_duration: 1 }
$data merge entity $(bone_body_1) { transformation: [-0.9711360525526608f,0.2382349169675367f,-0.011785235250366705f,-0.04407918071519966f,0.22804336424003296f,0.941808618300519f,0.2469671041271586f,1.0927121747235993f,0.06993562367294112f,0.2371511139175568f,-0.9689521957811635f,0.32123822636281496f,0f,0f,0f,1f], start_interpolation: 0, interpolation_duration: 1 }
$data merge entity $(bone_leg_left_2) { transformation: [-0.9411366576083638f,0.2862409302966598f,-0.17979967054658372f,-0.01591507038511336f,-0.08801125131528999f,0.3060627218501338f,0.9479344017048882f,0.5980074211118407f,0.3263676015594596f,0.9079602084434043f,-0.2628544246074914f,-0.0636712461881192f,0f,0f,0f,1f], start_interpolation: 0, interpolation_duration: 1 }
$data merge entity $(bone_leg_left_1) { transformation: [-0.9411366576083638f,0.19723990690014853f,-0.2745145002213509f,0.05539892927446416f,-0.08801125131528999f,0.6411166424630129f,0.7623801351024763f,0.8292437936737677f,0.3263676015594596f,0.7416642568460299f,-0.586019043009143f,0.2043321382199596f,0f,0f,0f,1f], start_interpolation: 0, interpolation_duration: 1 }
$data merge entity $(bone_leg_right_2) { transformation: [-0.9363084435846607f,0.11841678141624591f,-0.33061150063342787f,-0.14461762416544682f,0.020756587689265818f,0.9584487302264724f,0.2845086915979204f,0.48480418766793143f,0.3505647765243505f,0.2595255236123796f,-0.8998615671613897f,0.39953991858927945f,0f,0f,0f,1f], start_interpolation: 0, interpolation_duration: 1 }
$data merge entity $(bone_leg_right_1) { transformation: [-0.9363084435846607f,-0.09249104363704276f,-0.3387800249704824f,-0.18679817839044605f,0.020756587689265818f,0.9484321835767757f,-0.31629979010945747f,0.832204112561968f,0.3505647765243505f,-0.30318608147921244f,-0.8861052631926482f,0.2663124832967019f,0f,0f,0f,1f], start_interpolation: 0, interpolation_duration: 1 }
$data merge entity $(bone_coat_downer) { transformation: [-0.9697656258615749f,0.08818504700871335f,-0.22754785954031476f,-0.06863424130084766f,0f,0.9324273116857306f,0.36135759079134f,0.8869700119936746f,0.24403817508190762f,0.3504321701935946f,-0.9042359554873381f,0.25567408382019996f,0f,0f,0f,1f], start_interpolation: 0, interpolation_duration: 1 }
$data merge entity $(bone_body_2) { transformation: [-0.9697656258615749f,0.07817561615472554f,-0.23117786212381325f,-0.043590583114232626f,0f,0.9473020442241137f,0.3203417503367541f,1.0986328125f,0.24403817508190762f,0.3106564180049147f,-0.9186609597969468f,0.3231798289753457f,0f,0f,0f,1f], start_interpolation: 0, interpolation_duration: 1 }