execute if entity @s[tag=aj.axia.bone.wing_right_1] run data modify entity @s {} merge value {transformation:[-0.6134425543381631f,-0.08014130326491405f,-0.5331135418299888f,-0.02789709168832015f,-0.3614417559563977f,0.6603372789803656f,0.31663698375964683f,1.0763103171216042f,0.3999906674194662f,0.47378950383503865f,-0.5314841639009785f,0.11743865224643558f,0f,0f,0f,1f],start_interpolation:0}
execute if entity @s[tag=aj.axia.bone.wing_right_2] run data modify entity @s {} merge value {transformation:[-0.5852236107743027f,0.1574335273055043f,-0.5222336736293769f,-0.02789709168832015f,-0.07957077951107769f,0.7331166057537452f,0.3101750044992459f,1.0763103171216042f,0.5396126540772436f,0.27884534575325937f,-0.5206375483111627f,0.11743865224643558f,0f,0f,0f,1f],start_interpolation:0}
execute if entity @s[tag=aj.axia.bone.wing_left_1] run data modify entity @s {} merge value {transformation:[-0.7988500187763022f,0.16888398202934862f,-0.016164546373365455f,-0.08562330094911791f,0.13981419760413435f,0.6994161971864093f,0.3977605029487695f,1.0672514867808138f,0.09609933451308644f,0.38631545163461506f,-0.7130706375801276f,0.13771589211083235f,0f,0f,0f,1f],start_interpolation:0}
execute if entity @s[tag=aj.axia.bone.wing_left_2] run data modify entity @s {} merge value {transformation:[-0.7862892576079916f,-0.14662355536095928f,-0.015834657671868202f,-0.08562330094911791f,-0.13565732127681826f,0.6854016845582919f,0.3896429416641008f,1.0672514867808138f,-0.05784716548173871f,0.38565018322045097f,-0.6985181755886964f,0.13771589211083235f,0f,0f,0f,1f],start_interpolation:0}
execute if entity @s[tag=aj.axia.bone.blade] run data modify entity @s {} merge value {transformation:[-1.8436787810965416f,0.6701187830976655f,0.3896015511700066f,-0.36922140134309955f,0.07385587053359609f,-0.8487981994474456f,1.8094438170339795f,0.620291430266196f,0.7716176919447186f,1.6824037663873905f,0.7577095118338067f,1.0757844497859248f,0f,0f,0f,1f],start_interpolation:0}
execute if entity @s[tag=aj.axia.bone.arm_right_2] run data modify entity @s {} merge value {transformation:[-0.13486306188397135f,-0.8929678282831732f,-0.4294419776762788f,-0.3655577325543954f,-0.7211178780819928f,0.3856893165124725f,-0.5755282417385494f,0.8874043171445704f,0.6795593869926339f,0.23206078681969322f,-0.6959503076878553f,0.8273637340686097f,0f,0f,0f,1f],start_interpolation:0}
execute if entity @s[tag=aj.axia.bone.arm_right_1] run data modify entity @s {} merge value {transformation:[-0.4218549238311742f,-0.7985098690992372f,-0.4294419776762788f,-0.2193244574531955f,-0.5535440391682084f,0.6019603306387217f,-0.5755282417385494f,1.0792867705367908f,0.7180720158457223f,-0.005074375669994635f,-0.6959503076878553f,0.5784487239461631f,0f,0f,0f,1f],start_interpolation:0}
execute if entity @s[tag=aj.axia.bone.arm_left_2] run data modify entity @s {} merge value {transformation:[-0.16838736282967476f,0.8659823423808495f,-0.47087182833956454f,0.608703400147794f,0.9597930367228804f,0.03519998290063281f,-0.2784928865555933f,0.840032112911038f,-0.22459524192987446f,-0.4988341847632056f,-0.8370910544343959f,0.38074752699538705f,0f,0f,0f,1f],start_interpolation:0}
execute if entity @s[tag=aj.axia.bone.arm_left_1] run data modify entity @s {} merge value {transformation:[-0.5788189050771906f,0.6657690263157319f,-0.47087182833956454f,0.38817307909969195f,0.8136051607271086f,0.510380597766166f,-0.2784928865555933f,1.1464006128165605f,0.05491190730121953f,-0.5443006972459736f,-0.8370910544343959f,0.40287184368677564f,0f,0f,0f,1f],start_interpolation:0}
execute if entity @s[tag=aj.axia.bone.ear_edge_a1] run data modify entity @s {} merge value {transformation:[-0.9730814729000307f,0.22110058505728147f,-0.06501521657300154f,0.21179045614427042f,0.16778927170884467f,0.8730739221293045f,0.4578085700346475f,1.5847800014728133f,0.15798483281037454f,0.43457618179679486f,-0.8866703642373512f,0.9613362041685277f,0f,0f,0f,1f],start_interpolation:0}
execute if entity @s[tag=aj.axia.bone.ear_edge_a2] run data modify entity @s {} merge value {transformation:[-0.9956889769760217f,0.06615499030616424f,-0.06501521657300154f,0.0977686785745003f,0.02914465539490152f,0.8885729583240445f,0.4578085700346475f,1.5970915187601948f,0.08805708483907138f,0.4539401006662085f,-0.8866703642373512f,0.9760535886818293f,0f,0f,0f,1f],start_interpolation:0}
execute if entity @s[tag=aj.axia.bone.ear_edge_b1] run data modify entity @s {} merge value {transformation:[-0.9480400943724503f,0.31812775307619934f,-0.0038356466161606276f,0.07171946859810145f,0.20689520754747903f,0.6256293767754996f,0.7521849878915331f,1.613023662598896f,0.24169061329758118f,0.7123079500035001f,-0.6589408408997355f,0.9327694566054632f,0f,0f,0f,1f],start_interpolation:0}
execute if entity @s[tag=aj.axia.bone.ear_edge_b2] run data modify entity @s {} merge value {transformation:[-0.9999465915448538f,0.009596972067538873f,-0.0038356466161606276f,0.10152830716869758f,0.003438925724431788f,0.6589430307549177f,0.7521849878915331f,1.618157623980756f,0.00974617092457479f,0.7521316243495275f,-0.6589408408997355f,0.9384563897509913f,0f,0f,0f,1f],start_interpolation:0}
execute if entity @s[tag=aj.axia.bone.ear_right_2] run data modify entity @s {} merge value {transformation:[-0.986134292495309f,0.1659049275332468f,-0.0038356466161606276f,0.16732017445363295f,0.10647798735032789f,0.6502923820870408f,0.7521849878915331f,1.707631606630855f,0.12728548768260806f,0.7413469989281337f,-0.6589408408997355f,0.9927839256710129f,0f,0f,0f,1f],start_interpolation:0}
execute if entity @s[tag=aj.axia.bone.ear_right_1] run data modify entity @s {} merge value {transformation:[-0.986134292495309f,0.15268326292931272f,-0.06501521657300154f,0.13296644029453764f,0.10647798735032789f,0.8826515458620434f,0.4578085700346475f,1.5090350088118956f,0.12728548768260806f,0.4445380409015673f,-0.8866703642373512f,0.8927628664681605f,0f,0f,0f,1f],start_interpolation:0}
execute if entity @s[tag=aj.axia.bone.ear_edge_a3] run data modify entity @s {} merge value {transformation:[-0.9173180232520267f,-0.3977795985669589f,0.017292633717948695f,-0.20930370192965578f,-0.2810248045020516f,0.6776146530215256f,0.6796053570014742f,1.525948582753498f,-0.2820508880886173f,0.6185545836661679f,-0.7333740679584981f,0.948537873868882f,0f,0f,0f,1f],start_interpolation:0}
execute if entity @s[tag=aj.axia.bone.ear_edge_a4] run data modify entity @s {} merge value {transformation:[-0.9682507548895464f,-0.24938211739200675f,0.017292633717948695f,-0.10028884619004498f,-0.17156263707586034f,0.7132340571610946f,0.6796053570014742f,1.5528975597462018f,-0.18181511822563162f,0.6550616301010186f,-0.7333740679584981f,0.976081557212229f,0f,0f,0f,1f],start_interpolation:0}
execute if entity @s[tag=aj.axia.bone.ear_edge_b3] run data modify entity @s {} merge value {transformation:[-0.8797338803183057f,-0.4725831250747143f,-0.052282786026703776f,-0.07585825528451813f,-0.31453179255182256f,0.4959722320753234f,0.8093709263893527f,1.5686667039215139f,-0.35656423165291595f,0.7284756240979094f,-0.5849659937132476f,0.9557878744535798f,0f,0f,0f,1f],start_interpolation:0}
execute if entity @s[tag=aj.axia.bone.ear_edge_b4] run data modify entity @s {} merge value {transformation:[-0.9827128563852534f,-0.17760054104766204f,-0.052282786026703776f,-0.10648968415197711f,-0.14587366243905597f,0.5688932923864172f,0.8093709263893527f,1.5688499174005426f,-0.11400138815713043f,0.8030058964274921f,-0.5849659937132476f,0.9587791322757837f,0f,0f,0f,1f],start_interpolation:0}
execute if entity @s[tag=aj.axia.bone.ear_left_2] run data modify entity @s {} merge value {transformation:[-0.9428311847750123f,-0.3291441436529483f,-0.052282786026703776f,-0.18979204743989248f,-0.23307223345041128f,0.539069603585732f,0.8093709263893527f,1.641814060434645f,-0.2382156397262441f,0.7752858151603763f,-0.5849659937132476f,1.013757260956171f,0f,0f,0f,1f],start_interpolation:0}
execute if entity @s[tag=aj.axia.bone.ear_left_1] run data modify entity @s {} merge value {transformation:[-0.9428311847750123f,-0.33282175685318954f,0.017292633717948695f,-0.11490715214792496f,-0.23307223345041128f,0.6955673171802539f,0.6796053570014742f,1.4853114140690882f,-0.2382156397262441f,0.6367226911582627f,-0.7333740679584981f,0.8704946554455619f,0f,0f,0f,1f],start_interpolation:0}
execute if entity @s[tag=aj.axia.bone.head] run data modify entity @s {} merge value {transformation:[-0.9914943697698504f,-0.12984673468942692f,-0.008873567781932934f,0.07585339459482304f,-0.09489437897122949f,0.6745725735043598f,0.7320839432164661f,1.1285771442939927f,-0.08907284409039412f,0.7266991596019625f,-0.6811566338805266f,0.5304815864696217f,0f,0f,0f,1f],start_interpolation:0}
execute if entity @s[tag=aj.axia.bone.body_1] run data modify entity @s {} merge value {transformation:[-0.9333111043945489f,0.03379518963964773f,-0.3574748488649902f,0.06318019847995514f,-0.14646218863409222f,0.8731456826907102f,0.4649359569866425f,0.8011475132849764f,0.327840219793635f,0.4862864402343476f,-0.8099668439694722f,0.34812417138174145f,0f,0f,0f,1f],start_interpolation:0}
execute if entity @s[tag=aj.axia.bone.leg_left_2] run data modify entity @s {} merge value {transformation:[-0.880224385060873f,-0.33050984475690426f,-0.3405411494415541f,0.3053688023961346f,-0.3079337436284894f,0.9438021923575718f,-0.12005928217337017f,0.2242764800678823f,0.36108425814365225f,-0.0008149968148179476f,-0.9325328381891117f,0.24800839427837343f,0f,0f,0f,1f],start_interpolation:0}
execute if entity @s[tag=aj.axia.bone.leg_left_1] run data modify entity @s {} merge value {transformation:[-0.880224385060873f,-0.33050984475690426f,-0.3405411494415541f,0.19175604326094878f,-0.3079337436284894f,0.9438021923575718f,-0.12005928217337017f,0.5487084836907976f,0.36108425814365225f,-0.0008149968148179476f,-0.9325328381891117f,0.24772823912327976f,0f,0f,0f,1f],start_interpolation:0}
execute if entity @s[tag=aj.axia.bone.leg_right_2] run data modify entity @s {} merge value {transformation:[-0.9931184876828659f,0.11290964452342717f,0.03109793555994498f,-0.056649988151683456f,0.09416612559843748f,0.9277318478345733f,-0.36117358610954275f,0.3960798349531987f,-0.06963052643974804f,-0.3557597935223166f,-0.9319799134641701f,0.6976310915711345f,0f,0f,0f,1f],start_interpolation:0}
execute if entity @s[tag=aj.axia.bone.leg_right_1] run data modify entity @s {} merge value {transformation:[-0.9931184876828659f,0.10553415318394682f,-0.05077609609101927f,-0.0204963136298422f,0.09416612559843748f,0.46179221232014317f,-0.881975449448706f,0.531641369161618f,-0.06963052643974804f,-0.8806875127718201f,-0.46855212584674966f,0.36531164359531715f,0f,0f,0f,1f],start_interpolation:0}
execute if entity @s[tag=aj.axia.bone.coat_downer] run data modify entity @s {} merge value {transformation:[-0.9231429281347215f,0.05836803684839914f,-0.3800004033015178f,0.06484115656574707f,-0.09959204839584668f,0.9183633288001294f,0.383001592962046f,0.5960150981257992f,0.37133348641237784f,0.39141023056329194f,-0.8419676200895251f,0.30256649974797695f,0f,0f,0f,1f],start_interpolation:0}
execute if entity @s[tag=aj.axia.bone.body_2] run data modify entity @s {} merge value {transformation:[-0.9231429281347215f,-0.07072765624301931f,-0.3778951347625708f,0.05624999999999996f,-0.09959204839584668f,0.993373265437128f,0.05736705858850143f,0.81875f,0.37133348641237784f,0.09059334499369427f,-0.9240694171498599f,0.3199074074074088f,0f,0f,0f,1f],start_interpolation:0}