execute if entity @s[tag=aj.tultaria.bone.head] run data modify entity @s {} merge value {transformation:[0.9876452255925513f,-0.027211787749501226f,0.15432571714304216f,0f,-6.938893903907228e-18f,0.984807753012208f,0.17364817766693033f,1.625f,-0.15670644008539714f,-0.17150279360559087f,0.972640675389036f,0f,0f,0f,0f,1f],start_interpolation:0}
execute if entity @s[tag=aj.tultaria.bone.bust] run data modify entity @s {} merge value {transformation:[0.5875624499830229f,0.4045894114314991f,0.7007694168037449f,-0.05815972789327806f,0f,0.8660254037844387f,-0.49999999999999994f,1.515625f,-0.8091788228629984f,0.2937812249915114f,0.5088440079951214f,-0.04223105109252978f,0f,0f,0f,1f],start_interpolation:0}
execute if entity @s[tag=aj.tultaria.bone.left_wing] run data modify entity @s {} merge value {transformation:[0.23317759228114626f,0f,0.9724341676730448f,0.06442469973393583f,0f,1f,0f,1.40625f,-0.9724341676730448f,0f,0.23317759228114626f,0.12401898267681527f,0f,0f,0f,1f],start_interpolation:0}
execute if entity @s[tag=aj.tultaria.bone.right_wing] run data modify entity @s {} merge value {transformation:[0.8524962509418565f,0f,0.5227333374963556f,0.13787000598181365f,0f,1f,0f,1.40625f,-0.5227333374963556f,0f,0.8524962509418565f,0.022871629818940475f,0f,0f,0f,1f],start_interpolation:0}
execute if entity @s[tag=aj.tultaria.bone.body] run data modify entity @s {} merge value {transformation:[0.5875624499830229f,0f,0.8091788228629984f,-0.6983706364230107f,0f,1f,0f,0.34375f,-0.8091788228629984f,0f,0.5875624499830229f,0.11080818643998774f,0f,0f,0f,1f],start_interpolation:0}
execute if entity @s[tag=aj.tultaria.bone.right_ring] run data modify entity @s {} merge value {transformation:[0.29758190037240734f,-0.20353537613817155f,0.9327477489820277f,0.2852419049757791f,0.9546600332839881f,0.05492508387852206f,-0.2925875185498386f,1.4698484469324475f,0.00832066229103498f,0.9775257468840555f,0.21065179979722037f,-0.7755741673501317f,0f,0f,0f,1f],start_interpolation:0,interpolation_duration:0}
execute if entity @s[tag=aj.tultaria.bone.sword] run data modify entity @s {} merge value {transformation:[-0.0000010752809489559373f,-0.0000020353537613817157f,0.000009731449324064826f,0.34161040510936813f,0.000009911314021003613f,5.492508387852207e-7f,0.000001210032186824361f,1.49069711644157f,-7.807850266684392e-7f,0.000009775257468840556f,0.000001958243130974122f,-0.9887881227972106f,0f,0f,0f,1f],start_interpolation:0}
execute if entity @s[tag=aj.tultaria.bone.right_hand] run data modify entity @s {} merge value {transformation:[-0.10752809489559371f,-0.20353537613817155f,0.9731449324064825f,0.34467183986729755f,0.9911314021003612f,0.05492508387852206f,0.12100321868243609f,1.489774543039945f,-0.07807850266684392f,0.9775257468840555f,0.19582431309741216f,-0.6044772400466156f,0f,0f,0f,1f],start_interpolation:0}
execute if entity @s[tag=aj.tultaria.bone.right_arm] run data modify entity @s {} merge value {transformation:[-0.10752809489559371f,-0.14695152165150288f,0.9832817292579132f,0.2019745921816641f,0.9911314021003612f,0.0618267431780809f,0.11762651741237501f,1.5f,-0.07807850266684392f,0.9872095543056193f,0.13900015578769742f,-0.2781552203591557f,0f,0f,0f,1f],start_interpolation:0}
execute if entity @s[tag=aj.tultaria.bone.left_ring] run data modify entity @s {} merge value {transformation:[0.5471807257173789f,0.6622699289957057f,0.5118513402848772f,-0.41702407536756536f,-0.7761470879306531f,0.17252808065522857f,0.6064897025359872f,1.4832153217048583f,0.3133511629149787f,-0.7291314027892681f,0.608422917193612f,0.7117123472185342f,0f,0f,0f,1f],start_interpolation:0,interpolation_duration:0}
execute if entity @s[tag=aj.tultaria.bone.left_hand] run data modify entity @s {} merge value {transformation:[0.2916857705873731f,0.6622699289957057f,0.6901579184395938f,-0.2488420941082744f,-0.9557272323111087f,0.17252808065522857f,0.23836845178079114f,1.532519876661687f,0.03879263661828988f,-0.7291314027892681f,0.6832733924358212f,0.6618424460735692f,0f,0f,0f,1f],start_interpolation:0}
execute if entity @s[tag=aj.tultaria.bone.left_arm] run data modify entity @s {} merge value {transformation:[0.2916857705873731f,0.3477456312944263f,0.8910625046271957f,-0.2019745921816641f,-0.9557272323111087f,0.06817550520579663f,0.28624737188118043f,1.53125f,0.03879263661828988f,-0.9351069866093268f,0.3522357945164375f,0.2781552203591557f,0f,0f,0f,1f],start_interpolation:0}
execute if entity @s[tag=aj.tultaria.bone.leftfoot] run data modify entity @s {} merge value {transformation:[0.3582612258701399f,0.2293239601001164f,0.9050190138124307f,-0.3664678655650594f,0.503752510782713f,0.7686665959940203f,-0.3941891323756637f,0.6410123225367775f,-0.7860548975218824f,0.597128282303699f,0.159860916283177f,-0.16180040166309295f,0f,0f,0f,1f],start_interpolation:0}
execute if entity @s[tag=aj.tultaria.bone.leftleg] run data modify entity @s {} merge value {transformation:[0.3582612258701399f,0.3622447339351327f,0.8604810554418321f,-0.07947777089461402f,0.503752510782713f,0.700980907057469f,-0.5048357909469187f,0.84375f,-0.7860548975218824f,0.6143325814875465f,0.06865258483633258f,0.09892825460212688f,0f,0f,0f,1f],start_interpolation:0}
execute if entity @s[tag=aj.tultaria.bone.rightfoot] run data modify entity @s {} merge value {transformation:[0.5923414219366278f,-0.13097992068721281f,0.7949691190447998f,0.042422808873267936f,0.6151519622064364f,0.7107259642913183f,-0.34125747914990306f,0.6031793403850078f,-0.5203073161619627f,0.6911677539200934f,0.501564983515983f,-0.42553658188556004f,0f,0f,0f,1f],start_interpolation:0}
execute if entity @s[tag=aj.tultaria.bone.rightleg] run data modify entity @s {} merge value {transformation:[0.5923414219366278f,-0.15404596287940975f,0.7908232932701522f,0.10835042160990746f,0.6151519622064364f,0.7203506695306051f,-0.3204418454265606f,0.84375f,-0.5203073161619627f,0.6762874789816563f,0.5214552162180094f,-0.06605832091383564f,0f,0f,0f,1f],start_interpolation:0}
execute if entity @s[tag=aj.tultaria.bone.skirt_right_back] run data modify entity @s {} merge value {transformation:[0.7292494763342585f,-0.22632087115536148f,0.645735289840727f,0.2617193509497908f,0.5830562190098578f,0.6994358289939222f,-0.4133218680320624f,0.8116186148438683f,-0.3581070325198018f,0.677914732395648f,0.6420210034420981f,0.012230487289701358f,0f,0f,0f,1f],start_interpolation:0}
execute if entity @s[tag=aj.tultaria.bone.skirt_right] run data modify entity @s {} merge value {transformation:[0.7292494763342585f,-0.22632087115536148f,0.645735289840727f,0.117040401264742f,0.5830562190098578f,0.6994358289939222f,-0.4133218680320624f,0.9023711577598238f,-0.3581070325198018f,0.677914732395648f,0.6420210034420981f,-0.22189843546936053f,0f,0f,0f,1f],start_interpolation:0}
execute if entity @s[tag=aj.tultaria.bone.skirt_left_back] run data modify entity @s {} merge value {transformation:[0.781770797325334f,0.07735533863754493f,0.6187491996225788f,-0.05386606118016163f,0.19462574084529383f,0.912435503027939f,-0.359975379456113f,0.7637645519837576f,-0.5924147545847687f,0.4018427607888722f,0.6982600906194234f,0.290908588532091f,0f,0f,0f,1f],start_interpolation:0}
execute if entity @s[tag=aj.tultaria.bone.skirt_left] run data modify entity @s {} merge value {transformation:[0.781770797325334f,0.2237432228509982f,0.5820424303068976f,-0.25597978354858064f,0.19462574084529383f,0.7992280700775977f,-0.5686433970428737f,0.8676616986208006f,-0.5924147545847687f,0.5578292411018692f,0.5812669750828623f,0.11107588530194318f,0f,0f,0f,1f],start_interpolation:0}
execute if entity @s[tag=aj.tultaria.bone.skirt_back_middle] run data modify entity @s {} merge value {transformation:[0.7841709695063781f,-0.061007363840522424f,0.6175386563937977f,0.08366214641580183f,0.29576057722167254f,0.9115977404929454f,-0.28550873977806673f,0.8569196458068934f,-0.5455287082683457f,0.4065312547460365f,0.7328920571064222f,0.09524477790502622f,0f,0f,0f,1f],start_interpolation:0}
execute if entity @s[tag=aj.tultaria.bone.skirt_front_middle] run data modify entity @s {} merge value {transformation:[0.7841317305235972f,0.20896064228707847f,0.5843568080899204f,-0.11013368801055695f,0.2432103468016939f,0.7628160392017308f,-0.5991330549595669f,0.963800940596165f,-0.5709519738074895f,0.6119208611508151f,0.5473268706118644f,-0.12538118018504119f,0f,0f,0f,1f],start_interpolation:0}
execute if entity @s[tag=aj.tultaria.bone.lower] run data modify entity @s {} merge value {transformation:[0.7513127700180859f,0f,0.6599463020638501f,0f,0f,1f,0f,0.9375f,-0.6599463020638501f,0f,0.7513127700180859f,0f,0f,0f,0f,1f],start_interpolation:0}