execute if entity @s[tag=aj.tultaria.bone.head] run data modify entity @s {} merge value {transformation:[0.9697483201409243f,-0.04238872437193064f,0.24039840188731637f,0f,-6.938893903907228e-18f,0.984807753012208f,0.17364817766693033f,1.625f,-0.24410693473118528f,-0.16839502858803848f,0.9550156641453471f,0f,0f,0f,0f,1f],start_interpolation:0}
execute if entity @s[tag=aj.tultaria.bone.bust] run data modify entity @s {} merge value {transformation:[0.5131059443328275f,0.4291626410494968f,0.7433314990081733f,-0.061692129650865124f,0f,0.8660254037844387f,-0.49999999999999994f,1.515625f,-0.8583252820989937f,0.2565529721664137f,0.4443627826250327f,-0.036879489748921995f,0f,0f,0f,1f],start_interpolation:0}
execute if entity @s[tag=aj.tultaria.bone.left_wing] run data modify entity @s {} merge value {transformation:[0.1455812149395982f,0f,0.9893463043124537f,0.07522153874157256f,0f,1f,0f,1.40625f,-0.9893463043124537f,0f,0.1455812149395982f,0.11778357317279053f,0f,0f,0f,1f],start_interpolation:0}
execute if entity @s[tag=aj.tultaria.bone.right_wing] run data modify entity @s {} merge value {transformation:[0.8025149450183519f,0f,0.5966320164240195f,0.13935978178317598f,0f,1f,0f,1.40625f,-0.5966320164240195f,0f,0.8025149450183519f,0.010492912910416319f,0f,0f,0f,1f],start_interpolation:0}
execute if entity @s[tag=aj.tultaria.bone.body] run data modify entity @s {} merge value {transformation:[0.5131059443328275f,0f,0.8583252820989937f,-0.6857156132159106f,0f,1f,0f,0.34375f,-0.8583252820989937f,0f,0.5131059443328275f,0.1726096688830831f,0f,0f,0f,1f],start_interpolation:0}
execute if entity @s[tag=aj.tultaria.bone.right_ring] run data modify entity @s {} merge value {transformation:[0.6431967297433456f,-0.16432349889786335f,-0.7478607855459661f,0.24429767352282084f,-0.7539579545531189f,0.034481738339491495f,-0.6560170824659709f,1.4813052148607972f,0.133586562249139f,0.9858036302586083f,-0.10171446777821785f,-0.7940992361417902f,0f,0f,0f,1f],start_interpolation:0}
execute if entity @s[tag=aj.tultaria.bone.sword] run data modify entity @s {} merge value {transformation:[-8.077554457697433e-7f,-0.0000016432349889786336f,0.000009830936369991707f,0.29308004121681f,0.000009955619646030803f,3.44817383394915e-7f,8.756360178032014e-7f,1.5062418272706972f,-4.828753497486592e-7f,0.000009858036302586084f,0.0000016080894420087557f,-1.0087401259756867f,0f,0f,0f,1f],start_interpolation:0}
execute if entity @s[tag=aj.tultaria.bone.right_hand] run data modify entity @s {} merge value {transformation:[-0.08077554457697432f,-0.16432349889786335f,0.9830936369991706f,0.31078715528870193f,0.9955619646030802f,0.034481738339491495f,0.08756360178032013f,1.4949020741432477f,-0.04828753497486592f,0.9858036302586083f,0.16080894420087555f,-0.6249915803950506f,0f,0f,0f,1f],start_interpolation:0}
execute if entity @s[tag=aj.tultaria.bone.right_arm] run data modify entity @s {} merge value {transformation:[-0.08077554457697432f,-0.12118263376640359f,0.9893382033823069f,0.17638016836440945f,0.9955619646030802f,0.03827729944469804f,0.08597222215853537f,1.5f,-0.04828753497486592f,0.9918919384795195f,0.11755295124067472f,-0.2950493157215291f,0f,0f,0f,1f],start_interpolation:0}
execute if entity @s[tag=aj.tultaria.bone.left_ring] run data modify entity @s {} merge value {transformation:[0.10588455182786605f,0.5959956452644344f,-0.7959759120162132f,-0.3583039097631908f,0.8540714442336285f,0.35544983398251145f,0.3797596393332089f,1.391877931019982f,0.5092645970700258f,-0.7200309759639754f,-0.47138621513942125f,0.724006856151463f,0f,0f,0f,1f],start_interpolation:0}
execute if entity @s[tag=aj.tultaria.bone.left_hand] run data modify entity @s {} merge value {transformation:[0.38220050039266246f,0.5959956452644344f,0.7061954179442321f,-0.1989737697583512f,-0.9141754282113295f,0.35544983398251145f,0.1947785973263932f,1.4656774610790988f,-0.1349298482702424f,-0.7200309759639754f,0.6806976786343066f,0.6753174235290581f,0f,0f,0f,1f],start_interpolation:0}
execute if entity @s[tag=aj.tultaria.bone.left_arm] run data modify entity @s {} merge value {transformation:[0.38220050039266246f,0.28037889166627056f,0.8805171517963701f,-0.17638016836440945f,-0.9141754282113295f,0.25385428427485535f,0.31597672194314114f,1.53125f,-0.1349298482702424f,-0.9257136055299685f,0.35333872782710185f,0.2950493157215291f,0f,0f,0f,1f],start_interpolation:0}
execute if entity @s[tag=aj.tultaria.bone.leftfoot] run data modify entity @s {} merge value {transformation:[0.36203590974624467f,0.17227352349934f,0.9161068895905823f,-0.35504444514665207f,0.4515501661283925f,0.8273600433170044f,-0.3340326424047594f,0.6175278109261366f,-0.8154952161255333f,0.5346000297639414f,0.22174390781431352f,-0.14739085759030873f,0f,0f,0f,1f],start_interpolation:0}
execute if entity @s[tag=aj.tultaria.bone.leftleg] run data modify entity @s {} merge value {transformation:[0.36203590974624467f,0.3408833990440334f,0.8675992786479224f,-0.07557568150472609f,0.4515501661283925f,0.7501137466642819f,-0.48314781851385263f,0.84375f,-0.8154952161255333f,0.5666814584239189f,0.11764215721802296f,0.10194033544233706f,0f,0f,0f,1f],start_interpolation:0}
execute if entity @s[tag=aj.tultaria.bone.rightfoot] run data modify entity @s {} merge value {transformation:[0.604243901488471f,-0.12442350651053591f,0.7870248398504419f,0.028358648193716543f,0.5528099257100124f,0.7768070657529769f,-0.3016155974626327f,0.5771846641255309f,-0.5738383862643572f,0.6173245286102544f,0.5381634815050584f,-0.408456198020334f,0f,0f,0f,1f],start_interpolation:0}
execute if entity @s[tag=aj.tultaria.bone.rightleg] run data modify entity @s {} merge value {transformation:[0.604243901488471f,-0.12442350651053591f,0.7870248398504419f,0.10570313514950815f,0.5528099257100124f,0.7768070657529769f,-0.3016155974626327f,0.84375f,-0.5738383862643572f,0.6173245286102544f,0.5381634815050584f,-0.07021654252784608f,0f,0f,0f,1f],start_interpolation:0}
execute if entity @s[tag=aj.tultaria.bone.skirt_right_back] run data modify entity @s {} merge value {transformation:[0.7439280298865922f,-0.1736564552358875f,0.6453018843176888f,0.25572399295657f,0.4788320507853374f,0.8121067924191299f,-0.33347027580793526f,0.8443758156279958f,-0.46614477739191884f,0.5570691099510173f,0.6873012827345951f,0.01641075043485582f,0f,0f,0f,1f],start_interpolation:0}
execute if entity @s[tag=aj.tultaria.bone.skirt_right] run data modify entity @s {} merge value {transformation:[0.7439280298865922f,-0.1736564552358875f,0.6453018843176888f,0.108334117378419f,0.4788320507853374f,0.8121067924191299f,-0.33347027580793526f,0.9023711577598238f,-0.46614477739191884f,0.5570691099510173f,0.6873012827345951f,-0.22627657899968512f,0f,0f,0f,1f],start_interpolation:0}
execute if entity @s[tag=aj.tultaria.bone.skirt_left_back] run data modify entity @s {} merge value {transformation:[0.7526233518621847f,0.09226253030356776f,0.6519553019446297f,-0.03943379929526658f,0.14385082887508097f,0.9431775429056476f,-0.29953808036778473f,0.7936733048868777f,-0.6425457409894506f,0.3192236646310053f,0.6965854022845076f,0.3040991361560974f,0f,0f,0f,1f],start_interpolation:0}
execute if entity @s[tag=aj.tultaria.bone.skirt_left] run data modify entity @s {} merge value {transformation:[0.7526233518621847f,0.21374899997029123f,0.6227916627921656f,-0.2514727466993996f,0.14385082887508097f,0.869619315349684f,-0.4723020065622199f,0.8676616986208006f,-0.6425457409894506f,0.4450546161792365f,0.6237478331456313f,0.12093369897860667f,0f,0f,0f,1f],start_interpolation:0}
execute if entity @s[tag=aj.tultaria.bone.skirt_back_middle] run data modify entity @s {} merge value {transformation:[0.7604717467714763f,-0.04003572727377215f,0.6481356824801423f,0.08729809614016318f,0.22592210708397523f,0.9520566112503661f,-0.20627023659560334f,0.8569196458068934f,-0.6088036825554494f,0.30329086619304824f,0.7330571100472282f,0.09192369047954757f,0f,0f,0f,1f],start_interpolation:0}
execute if entity @s[tag=aj.tultaria.bone.skirt_front_middle] run data modify entity @s {} merge value {transformation:[0.7600623720827298f,0.23843226528572242f,0.6045289450594512f,-0.11492008866748835f,0.21936688577207566f,0.7815180792216097f,-0.5840442288700634f,0.963800940596165f,-0.6117052884932704f,0.5765236740329791f,0.5416983416154051f,-0.12100926741393439f,0f,0f,0f,1f],start_interpolation:0}
execute if entity @s[tag=aj.tultaria.bone.lower] run data modify entity @s {} merge value {transformation:[0.7251152666169369f,0f,0.6886275118807326f,0f,0f,1f,0f,0.9375f,-0.6886275118807326f,0f,0.7251152666169369f,0f,0f,0f,0f,1f],start_interpolation:0}