execute if entity @s[tag=aj.tultaria.bone.head] run data modify entity @s {} merge value {transformation:[0.9875445854176651f,-0.027321702855318833f,0.15494907668436686f,0f,-6.938893903907228e-18f,0.984807753012208f,0.17364817766693033f,1.625f,-0.15733941595243117f,-0.1714853176226218f,0.9725415641645434f,0f,0f,0f,0f,1f],start_interpolation:0}
execute if entity @s[tag=aj.tultaria.bone.bust] run data modify entity @s {} merge value {transformation:[0.5870437051049938f,0.4047776205203918f,0.7010954045081533f,-0.05818678294980628f,0f,0.8660254037844387f,-0.49999999999999994f,1.515625f,-0.8095552410407837f,0.29352185255249685f,0.5083947617526652f,-0.042193766304421454f,0f,0f,0f,1f],start_interpolation:0}
execute if entity @s[tag=aj.tultaria.bone.left_wing] run data modify entity @s {} merge value {transformation:[0.23255428550546076f,0f,0.9725834176527198f,0.06450417356103588f,0f,1f,0f,1.40625f,-0.9725834176527198f,0f,0.23255428550546076f,0.1239776657031732f,0f,0f,0f,1f],start_interpolation:0}
execute if entity @s[tag=aj.tultaria.bone.right_wing] run data modify entity @s {} merge value {transformation:[0.85216104216673f,0f,0.5232796176169227f,0.13788463669916007f,0f,1f,0f,1.40625f,-0.5232796176169227f,0f,0.85216104216673f,0.02278326057307528f,0f,0f,0f,1f],start_interpolation:0}
execute if entity @s[tag=aj.tultaria.bone.body] run data modify entity @s {} merge value {transformation:[0.5870437051049938f,0f,0.8095552410407837f,-0.6982994730728888f,0f,1f,0f,0.34375f,-0.8095552410407837f,0f,0.5870437051049938f,0.11125576796789494f,0f,0f,0f,1f],start_interpolation:0}
execute if entity @s[tag=aj.tultaria.bone.right_ring] run data modify entity @s {} merge value {transformation:[0.2890179927247073f,-0.18179456678611994f,0.9399038968790522f,0.2740597978562792f,0.9572882008696141f,0.0633330013010634f,-0.28211386251302195f,1.4653958809978127f,-0.008240167304001636f,0.9812948926970151f,0.1923341706758205f,-0.7771230266504433f,0f,0f,0f,1f],start_interpolation:0,interpolation_duration:0}
execute if entity @s[tag=aj.tultaria.bone.sword] run data modify entity @s {} merge value {transformation:[-0.000001182622813998105f,-0.0000018179456678611995f,0.000009761991437637912f,0.3253847746683081f,0.00000989272332962988f,6.33330013010634e-7f,0.000001316403516409991f,1.484513427862689f,-8.575712234023707e-7f,0.000009812948926970152f,0.0000017235442998273993f,-0.9917681565325676f,0f,0f,0f,1f],start_interpolation:0}
execute if entity @s[tag=aj.tultaria.bone.right_hand] run data modify entity @s {} merge value {transformation:[-0.1182622813998105f,-0.18179456678611994f,0.9761991437637911f,0.3371730665238034f,0.989272332962988f,0.0633330013010634f,0.13164035164099908f,1.4876329454174475f,-0.08575712234023707f,0.9812948926970151f,0.17235442998273992f,-0.6076374718556529f,0f,0f,0f,1f],start_interpolation:0}
execute if entity @s[tag=aj.tultaria.bone.right_arm] run data modify entity @s {} merge value {transformation:[-0.1182622813998105f,-0.12517022103096098f,0.9850616470887354f,0.20179627362984162f,0.989272332962988f,0.07082245760177797f,0.12776709565929228f,1.5f,-0.08575712234023707f,0.989604261948333f,0.11545181116646425f,-0.2782846141077694f,0f,0f,0f,1f],start_interpolation:0}
execute if entity @s[tag=aj.tultaria.bone.left_ring] run data modify entity @s {} merge value {transformation:[0.5429921577205328f,0.6630959284048711f,0.5152313134766583f,-0.4170426049139938f,-0.7767820247022343f,0.16353679771593535f,0.6081656040029841f,1.4875862729000724f,0.31901285672131996f,-0.7304515764413817f,0.6038801964966258f,0.7122061376491308f,0f,0f,0f,1f],start_interpolation:0,interpolation_duration:0}
execute if entity @s[tag=aj.tultaria.bone.left_hand] run data modify entity @s {} merge value {transformation:[0.28648456437011594f,0.6630959284048711f,0.6915420335095672f,-0.24860180045921076f,-0.9569889264514891f,0.16353679771593535f,0.23964121190238438f,1.5356052611590358f,0.04581254224435928f,-0.7304515764413817f,0.6814262289106646f,0.6619567877905397f,0f,0f,0f,1f],start_interpolation:0}
execute if entity @s[tag=aj.tultaria.bone.left_arm] run data modify entity @s {} merge value {transformation:[0.28648456437011594f,0.3479790773366549f,0.8926573565000154f,-0.20179627362984162f,-0.9569889264514891f,0.059381578715256955f,0.2839824338907426f,1.53125f,0.04581254224435928f,-0.9356197891479286f,0.3500240293578353f,0.2782846141077694f,0f,0f,0f,1f],start_interpolation:0}
execute if entity @s[tag=aj.tultaria.bone.leftfoot] run data modify entity @s {} merge value {transformation:[0.3526317321509314f,0.23642622398866664f,0.9054023978821212f,-0.3686078015146297f,0.5069590864481209f,0.7649947001607503f,-0.3972097599425903f,0.6424480528837002f,-0.7865388395673292f,0.5990707381740695f,0.1499029836782945f,-0.1604239594925928f,0f,0f,0f,1f],start_interpolation:0}
execute if entity @s[tag=aj.tultaria.bone.leftleg] run data modify entity @s {} merge value {transformation:[0.3526317321509314f,0.3676562813058428f,0.8605113132879736f,-0.07941434882483533f,0.5069590864481209f,0.697880553134727f,-0.5059201698134342f,0.84375f,-0.7865388395673292f,0.6146475350741486f,0.05970813578862538f,0.09897917369693172f,0f,0f,0f,1f],start_interpolation:0}
execute if entity @s[tag=aj.tultaria.bone.rightfoot] run data modify entity @s {} merge value {transformation:[0.5892804452455143f,-0.12738113460039677f,0.7978236668582628f,0.043461800987869934f,0.6197790317951402f,0.704750821544039f,-0.3452538649748626f,0.6041095389321437f,-0.5182880556199683f,0.6979257310637843f,0.4942440341782136f,-0.4264230815709995f,0f,0f,0f,1f],start_interpolation:0}
execute if entity @s[tag=aj.tultaria.bone.rightleg] run data modify entity @s {} merge value {transformation:[0.5892804452455143f,-0.15736074656147536f,0.7924557730831822f,0.10830806082328767f,0.6197790317951402f,0.7172627580421683f,-0.3184463654570744f,0.84375f,-0.5182880556199683f,0.6788016878053245f,0.5201978085635461f,-0.06612775200851019f,0f,0f,0f,1f],start_interpolation:0}
execute if entity @s[tag=aj.tultaria.bone.skirt_right_back] run data modify entity @s {} merge value {transformation:[0.717305348357143f,-0.23049729751735587f,0.6575287317337803f,0.2650062391943967f,0.6111229217787749f,0.6614047620827003f,-0.4348246947574392f,0.8023169186838761f,-0.33466671733952147f,0.7137329588379133f,0.6152913551917227f,0.006143934297668241f,0f,0f,0f,1f],start_interpolation:0}
execute if entity @s[tag=aj.tultaria.bone.skirt_right] run data modify entity @s {} merge value {transformation:[0.717305348357143f,-0.23049729751735587f,0.6575287317337803f,0.1168981566252664f,0.6111229217787749f,0.6614047620827003f,-0.4348246947574392f,0.9023711577598238f,-0.33466671733952147f,0.7137329588379133f,0.6152913551917227f,-0.2219734041942334f,0f,0f,0f,1f],start_interpolation:0}
execute if entity @s[tag=aj.tultaria.bone.skirt_left_back] run data modify entity @s {} merge value {transformation:[0.7823450290226274f,0.07698476191930712f,0.6180692533978797f,-0.05442012889525846f,0.2094267675432145f,0.9020396442057961f,-0.3774452401574053f,0.7551295078034916f,-0.5865805013806588f,0.42473265322236375f,0.6895835617868997f,0.2865205629296378f,0f,0f,0f,1f],start_interpolation:0}
execute if entity @s[tag=aj.tultaria.bone.skirt_left] run data modify entity @s {} merge value {transformation:[0.7823450290226274f,0.23257857641336566f,0.5777918841218843f,-0.2559085394873309f,0.2094267675432145f,0.7754234019017462f,-0.5957004086111771f,0.8676616986208006f,-0.5865805013806588f,0.5870483400680522f,0.5579404644075925f,0.11123992672889474f,0f,0f,0f,1f],start_interpolation:0}
execute if entity @s[tag=aj.tultaria.bone.skirt_back_middle] run data modify entity @s {} merge value {transformation:[0.7831262191004076f,-0.062434144917153406f,0.6187206983009093f,0.08372317413967517f,0.31581999675488f,0.8970167732837898f,-0.30922263516321996f,0.8569196458068934f,-0.5356967935383301f,0.4375647220652074f,0.7221953055765108f,0.09519113705095905f,0f,0f,0f,1f],start_interpolation:0}
execute if entity @s[tag=aj.tultaria.bone.skirt_front_middle] run data modify entity @s {} merge value {transformation:[0.7837656311855637f,0.20935279569833679f,0.5847074843933381f,-0.11021402551788859f,0.2432103468016939f,0.7628160392017308f,-0.5991330549595669f,0.963800940596165f,-0.5714544273876045f,0.6117868070413698f,0.5469522283977195f,-0.12531056682715422f,0f,0f,0f,1f],start_interpolation:0}
execute if entity @s[tag=aj.tultaria.bone.lower] run data modify entity @s {} merge value {transformation:[0.750889638592492f,0f,0.6604277028217677f,0f,0f,1f,0f,0.9375f,-0.6604277028217677f,0f,0.750889638592492f,0f,0f,0f,0f,1f],start_interpolation:0}