execute if entity @s[tag=aj.tultaria.bone.head] run data modify entity @s {} merge value {transformation:[0.9113148261257185f,-0.07149272572478824f,0.4054553956379069f,0f,-6.938893903907228e-18f,0.984807753012208f,0.17364817766693033f,1.625f,-0.41171019866339403f,-0.1582481588375865f,0.8974699062035799f,0f,0f,0f,0f,1f],start_interpolation:0}
execute if entity @s[tag=aj.tultaria.bone.bust] run data modify entity @s {} merge value {transformation:[0.35327381999078844f,0.46775998335394076f,0.8101840569165979f,-0.06724049760712902f,0f,0.8660254037844387f,-0.49999999999999994f,1.515625f,-0.9355199667078816f,0.1766369099953942f,0.3059441026039937f,-0.02539155581183794f,0f,0f,0f,1f],start_interpolation:0}
execute if entity @s[tag=aj.tultaria.bone.left_wing] run data modify entity @s {} merge value {transformation:[-0.03162554024428049f,0f,0.999499787495854f,0.09486038208906089f,0f,1f,0f,1.40625f,-0.999499787495854f,0f,-0.03162554024428049f,0.10262922541809116f,0f,0f,0f,1f],start_interpolation:0}
execute if entity @s[tag=aj.tultaria.bone.right_wing] run data modify entity @s {} merge value {transformation:[0.6843904435674126f,0f,0.7291157114982505f,0.1390196095879095f,0f,1f,0f,1.40625f,-0.7291157114982505f,0f,0.6843904435674126f,-0.014310770420394081f,0f,0f,0f,1f],start_interpolation:0}
execute if entity @s[tag=aj.tultaria.bone.body] run data modify entity @s {} merge value {transformation:[0.35327381999078844f,0f,0.9355199667078816f,-0.644396893349335f,0f,1f,0f,0.34375f,-0.9355199667078816f,0f,0.35327381999078844f,0.2911230733585466f,0f,0f,0f,1f],start_interpolation:0}
execute if entity @s[tag=aj.tultaria.bone.right_ring] run data modify entity @s {} merge value {transformation:[-0.8423499713000523f,-0.03594104835395098f,-0.5377311288125505f,0.1340692928005856f,-0.5384776162140837f,0.015213996504378616f,0.8425024576502803f,1.4921278691186295f,-0.022099382054681545f,0.9992380974290281f,-0.03216895956069306f,-0.8228202839687742f,0f,0f,0f,1f],start_interpolation:0}
execute if entity @s[tag=aj.tultaria.bone.sword] run data modify entity @s {} merge value {transformation:[-4.451383230732461e-7f,-3.5941048353950987e-7f,0.000009983620384292135f,0.15613974671886494f,0.00000998867339183008f,1.5213996504378617e-7f,4.5084066185543355e-7f,1.5207188502669147f,-1.6809445165533702e-7f,0.000009992380974290282f,3.5223106047638706e-7f,-1.0413785519108025f,0f,0f,0f,1f],start_interpolation:0}
execute if entity @s[tag=aj.tultaria.bone.right_hand] run data modify entity @s {} merge value {transformation:[-0.044513832307324606f,-0.03594104835395098f,0.9983620384292134f,0.2220499450980195f,0.998867339183008f,0.015213996504378616f,0.04508406618554335f,1.4987316872773333f,-0.0168094451655337f,0.9992380974290281f,0.0352231060476387f,-0.6633871650535224f,0f,0f,0f,1f],start_interpolation:0}
execute if entity @s[tag=aj.tultaria.bone.right_arm] run data modify entity @s {} merge value {transformation:[-0.044513832307324606f,-0.020288914127491176f,0.9988027226118492f,0.12143787562183353f,0.998867339183008f,0.015918747924818955f,0.0448400733492238f,1.5f,-0.0168094451655337f,0.9996674214097574f,0.019557329193771678f,-0.3215849885558343f,0f,0f,0f,1f],start_interpolation:0}
execute if entity @s[tag=aj.tultaria.bone.left_ring] run data modify entity @s {} merge value {transformation:[-0.887547017103063f,0.4584369159187416f,0.04578085357840911f,-0.23375155259571748f,0.3469068910760515f,0.7303798746375958f,-0.5883883476483182f,1.1894376349864086f,-0.30317635355581984f,-0.506340629267771f,-0.8072814043425711f,0.6488086702728235f,0f,0f,0f,1f],start_interpolation:0}
execute if entity @s[tag=aj.tultaria.bone.left_hand] run data modify entity @s {} merge value {transformation:[0.4834208907573698f,0.4584369159187416f,0.7457478370751496f,-0.09220692475761882f,-0.6830127018922192f,0.7303798746375958f,-0.006236006595582488f,1.302974864780197f,-0.5475380273855337f,-0.506340629267771f,0.6661991261773584f,0.6321491150288616f,0f,0f,0f,1f],start_interpolation:0}
execute if entity @s[tag=aj.tultaria.bone.left_arm] run data modify entity @s {} merge value {transformation:[0.4834208907573698f,0.1381551415941631f,0.8644173755949425f,-0.12143787562183353f,-0.6830127018922192f,0.6771694335440831f,0.27374295849843505f,1.53125f,-0.5475380273855337f,-0.7227411121035541f,0.4217195672980757f,0.3215849885558343f,0f,0f,0f,1f],start_interpolation:0}
execute if entity @s[tag=aj.tultaria.bone.leftfoot] run data modify entity @s {} merge value {transformation:[0.25230132954941653f,0.06879782123188288f,0.9651999269070333f,-0.34102392938382764f,0.3213938048432696f,0.9348855401575871f,-0.15064876040851774f,0.5622652799109453f,-0.9127157615139354f,0.3482181594891377f,0.21376167122764173f,-0.06425742835743667f,0f,0f,0f,1f],start_interpolation:0}
execute if entity @s[tag=aj.tultaria.bone.leftleg] run data modify entity @s {} merge value {transformation:[0.25230132954941653f,0.336140282144919f,0.9073884227976081f,-0.05701632105784302f,0.3213938048432696f,0.8553808326056951f,-0.4062384194277471f,0.84375f,-0.9127157615139354f,0.3941235110093308f,0.10778031709785807f,0.11336954951850592f,0f,0f,0f,1f],start_interpolation:0}
execute if entity @s[tag=aj.tultaria.bone.rightfoot] run data modify entity @s {} merge value {transformation:[0.5460544576066689f,-0.060869602926998084f,0.83553540964306f,-0.01891811284389712f,0.4027466898587373f,0.8936149423353565f,-0.19810966317372705f,0.5129117499419921f,-0.7345880703739454f,0.4446877851644759f,0.512477453738012f,-0.3512012721579274f,0f,0f,0f,1f],start_interpolation:0}
execute if entity @s[tag=aj.tultaria.bone.rightleg] run data modify entity @s {} merge value {transformation:[0.5460544576066689f,-0.060869602926998084f,0.83553540964306f,0.09212811503400717f,0.4027466898587373f,0.8936149423353565f,-0.19810966317372705f,0.84375f,-0.7345880703739454f,0.4446877851644759f,0.512477453738012f,-0.08726927320243213f,0f,0f,0f,1f],start_interpolation:0}
execute if entity @s[tag=aj.tultaria.bone.skirt_right_back] run data modify entity @s {} merge value {transformation:[0.6555209972492997f,-0.06104200502230385f,0.7527058494446157f,0.25541283993930675f,0.34102891102180133f,0.9132351400199783f,-0.2229368988749398f,0.8860901977330643f,-0.6737889165106293f,0.4028342744300041f,0.6194618982083435f,-0.021020835100976187f,0f,0f,0f,1f],start_interpolation:0}
execute if entity @s[tag=aj.tultaria.bone.skirt_right] run data modify entity @s {} merge value {transformation:[0.6555209972492997f,-0.06104200502230385f,0.7527058494446157f,0.06801447626094317f,0.34102891102180133f,0.9132351400199783f,-0.2229368988749398f,0.9023711577598238f,-0.6737889165106293f,0.4028342744300041f,0.6194618982083435f,-0.2414775397649052f,0f,0f,0f,1f],start_interpolation:0}
execute if entity @s[tag=aj.tultaria.bone.skirt_left_back] run data modify entity @s {} merge value {transformation:[0.6183914295066962f,0.12731081931019203f,0.7754895197223701f,0.018069851059980963f,0.08257855993295377f,0.9708010314544846f,-0.2252246406730587f,0.8306563815179671f,-0.7815195591615505f,0.20331579528771598f,0.5898218934851938f,0.3122570025397271f,0f,0f,0f,1f],start_interpolation:0}
execute if entity @s[tag=aj.tultaria.bone.skirt_left] run data modify entity @s {} merge value {transformation:[0.6183914295066962f,0.226023451963506f,0.7526655559245191f,-0.22706853446359343f,0.08257855993295377f,0.9337568024471876f,-0.3482513680131112f,0.8676616986208006f,-0.7815195591615505f,0.2775096990126732f,0.5587625127026967f,0.1621831758776f,0f,0f,0f,1f],start_interpolation:0}
execute if entity @s[tag=aj.tultaria.bone.skirt_back_middle] run data modify entity @s {} merge value {transformation:[0.6308782131226759f,-0.002325188906250525f,0.7758783884757261f,0.1017408507975801f,0.1403245269710701f,0.9838467198321422f,-0.11115151373633972f,0.8569196458068934f,-0.763086959223839f,0.178997836221795f,0.6210137416276958f,0.07562884198545802f,0f,0f,0f,1f],start_interpolation:0}
execute if entity @s[tag=aj.tultaria.bone.skirt_front_middle] run data modify entity @s {} merge value {transformation:[0.6273020834352365f,0.33766825447055127f,0.7017636682250105f,-0.13393267564496686f,0.12265449964846555f,0.8470271410221346f,-0.5172048879195298f,0.963800940596165f,-0.7690565452772611f,0.41051817535241947f,0.48992535949012084f,-0.09955856554802589f,0f,0f,0f,1f],start_interpolation:0}
execute if entity @s[tag=aj.tultaria.bone.lower] run data modify entity @s {} merge value {transformation:[0.5965777443674007f,0f,0.8025552908837522f,0f,0f,1f,0f,0.9375f,-0.8025552908837522f,0f,0.5965777443674007f,0f,0f,0f,0f,1f],start_interpolation:0}