execute if entity @s[tag=aj.tultaria.bone.head] run data modify entity @s {} merge value {transformation:[0.984925912115099f,-0.030037093201791223f,0.17034882058948125f,0f,-6.938893903907228e-18f,0.984807753012208f,0.17364817766693033f,1.625f,-0.17297672572990963f,-0.17103058977572616f,0.9699626743935703f,0f,0f,0f,0f,1f],start_interpolation:0}
execute if entity @s[tag=aj.tultaria.bone.bust] run data modify entity @s {} merge value {transformation:[0.5741347756718674f,0.4093804035869983f,0.7090676586357334f,-0.05884843301563114f,0f,0.8660254037844387f,-0.49999999999999994f,1.515625f,-0.8187608071739967f,0.28706738783593366f,0.49721530092791716f,-0.04126593700141548f,0f,0f,0f,1f],start_interpolation:0}
execute if entity @s[tag=aj.tultaria.bone.left_wing] run data modify entity @s {} merge value {transformation:[0.21710517217084097f,0f,0.976148218364747f,0.06646167741725773f,0f,1f,0f,1.40625f,-0.976148218364747f,0f,0.21710517217084097f,0.12293939740735821f,0f,0f,0f,1f],start_interpolation:0}
execute if entity @s[tag=aj.tultaria.bone.right_wing] run data modify entity @s {} merge value {transformation:[0.8437575641215538f,0f,0.5367244851762047f,0.1382285243762411f,0f,1f,0f,1.40625f,-0.5367244851762047f,0f,0.8437575641215538f,0.02059429651060868f,0f,0f,0f,1f],start_interpolation:0}
execute if entity @s[tag=aj.tultaria.bone.body] run data modify entity @s {} merge value {transformation:[0.5741347756718674f,0f,0.8187608071739967f,-0.6964477914229321f,0f,1f,0f,0.34375f,-0.8187608071739967f,0f,0.5741347756718674f,0.12231301575106462f,0f,0f,0f,1f],start_interpolation:0}
execute if entity @s[tag=aj.tultaria.bone.right_ring] run data modify entity @s {} merge value {transformation:[-0.12808240886617203f,-0.14723354278560785f,0.9807737661753793f,0.2529115697652826f,0.9876883405951379f,0.0706203535433647f,0.1395869174308017f,1.4616930182664472f,-0.08981446649322157f,0.9865774422437448f,0.13637562855704524f,-0.7819328561349708f,0f,0f,0f,1f],start_interpolation:0}
execute if entity @s[tag=aj.tultaria.bone.sword] run data modify entity @s {} merge value {transformation:[-0.0000012808240886617178f,-0.0000014723354278560786f,0.000009807737661753793f,0.29644092206905676f,0.000009876883405951379f,7.06203535433647e-7f,0.0000013958691743080147f,1.4792911221572904f,-8.981446649322155e-7f,0.000009865774422437449f,0.0000013637562855704529f,-0.9984225045074993f,0f,0f,0f,1f],start_interpolation:0}
execute if entity @s[tag=aj.tultaria.bone.right_hand] run data modify entity @s {} merge value {transformation:[-0.12808240886617178f,-0.14723354278560785f,0.9807737661753793f,0.3218538692839732f,0.9876883405951379f,0.0706203535433647f,0.13958691743080145f,1.4858137220167356f,-0.08981446649322154f,0.9865774422437448f,0.13637562855704527f,-0.6149949156071627f,0f,0f,0f,1f],start_interpolation:0}
execute if entity @s[tag=aj.tultaria.bone.right_arm] run data modify entity @s {} merge value {transformation:[-0.12808240886617178f,-0.09287504943690711f,0.9874052469635408f,0.19735882913720443f,0.9876883405951379f,0.07821723252011548f,0.13547622075226853f,1.5f,-0.08981446649322154f,0.9926007705663878f,0.08171335190500817f,-0.2814490274660614f,0f,0f,0f,1f],start_interpolation:0}
execute if entity @s[tag=aj.tultaria.bone.left_ring] run data modify entity @s {} merge value {transformation:[0.284297010532497f,0.653661852569019f,0.7013568223795384f,-0.40686262458857336f,-0.957662196942549f,0.15899754095768026f,0.24000603850024677f,1.489755077602737f,0.04536878166158338f,-0.7398959146160015f,0.6711897713650699f,0.7183834892503389f,0f,0f,0f,1f],start_interpolation:0}
execute if entity @s[tag=aj.tultaria.bone.left_hand] run data modify entity @s {} merge value {transformation:[0.2842970105324972f,0.653661852569019f,0.7013568223795383f,-0.23897575802658244f,-0.9576621969425488f,0.15899754095768026f,0.240006038500247f,1.5370990094867727f,0.04536878166158355f,-0.7398959146160015f,0.6711897713650699f,0.665698793657064f,0f,0f,0f,1f],start_interpolation:0}
execute if entity @s[tag=aj.tultaria.bone.left_arm] run data modify entity @s {} merge value {transformation:[0.2842970105324972f,0.3355071706710526f,0.898114774530845f,-0.19735882913720443f,-0.9576621969425488f,0.05504823920880342f,0.2825823913607881f,1.53125f,0.04536878166158355f,-0.9404278971767671f,0.3369525839969594f,0.2814490274660614f,0f,0f,0f,1f],start_interpolation:0}
execute if entity @s[tag=aj.tultaria.bone.leftfoot] run data modify entity @s {} merge value {transformation:[0.3235586824133592f,0.2601093529389896f,0.9097543094421654f,-0.3752751956955839f,0.509311947641925f,0.7624297151748265f,-0.39912688384475165f,0.6434922950397036f,-0.7974403545244747f,0.5924897078701815f,0.1142139529295219f,-0.1478751002513853f,0f,0f,0f,1f],start_interpolation:0}
execute if entity @s[tag=aj.tultaria.bone.leftleg] run data modify entity @s {} merge value {transformation:[0.3235586824133592f,0.39078274341164615f,0.8617416239724054f,-0.0764866922890868f,0.509311947641925f,0.6956134877156465f,-0.5066786118411385f,0.84375f,-0.7974403545244747f,0.6028355689238499f,0.026041463402395826f,0.10125858742681804f,0f,0f,0f,1f],start_interpolation:0}
execute if entity @s[tag=aj.tultaria.bone.rightfoot] run data modify entity @s {} merge value {transformation:[0.5715449714020354f,-0.10299130272625281f,0.814081775516315f,0.03303825751331271f,0.6237943423389003f,0.6990895896216351f,-0.34950588571386404f,0.6042720963729193f,-0.533120027883989f,0.7075779372234575f,0.4638065314585076f,-0.42804746553485906f,0f,0f,0f,1f],start_interpolation:0}
execute if entity @s[tag=aj.tultaria.bone.rightleg] run data modify entity @s {} merge value {transformation:[0.5715449714020354f,-0.14281234462855347f,0.8080476346644063f,0.10632848314092888f,0.6237943423389003f,0.7153969465701515f,-0.31478219025872894f,0.84375f,-0.533120027883989f,0.6839677207732827f,0.49796705996398555f,-0.06926593172656528f,0f,0f,0f,1f],start_interpolation:0}
execute if entity @s[tag=aj.tultaria.bone.skirt_right_back] run data modify entity @s {} merge value {transformation:[0.6688754774873562f,-0.2687426502396208f,0.6930966624925026f,0.26759333532175017f,0.6880336232810297f,0.5768151927451143f,-0.440333926302749f,0.7930771398062131f,-0.28145217862158955f,0.7714023731883393f,0.5707215168438625f,-0.007772648348886496f,0f,0f,0f,1f],start_interpolation:0}
execute if entity @s[tag=aj.tultaria.bone.skirt_right] run data modify entity @s {} merge value {transformation:[0.6688754774873562f,-0.2687426502396208f,0.6930966624925026f,0.11035867330719f,0.6880336232810297f,0.5768151927451143f,-0.440333926302749f,0.9023711577598238f,-0.28145217862158955f,0.7714023731883393f,0.5707215168438625f,-0.22529610386741872f,0f,0f,0f,1f],start_interpolation:0}
execute if entity @s[tag=aj.tultaria.bone.skirt_left_back] run data modify entity @s {} merge value {transformation:[0.7577444983802388f,0.15589892353795867f,0.6336551118819967f,-0.04886710286633794f,0.13914885435214952f,0.910106214182162f,-0.3903130477443675f,0.746168820993087f,-0.6375428389582651f,0.383929947447081f,0.6679348201331603f,0.28522237324737915f,0f,0f,0f,1f],start_interpolation:0}
execute if entity @s[tag=aj.tultaria.bone.skirt_left] run data modify entity @s {} merge value {transformation:[0.7577444983802388f,0.319449539545965f,0.5690125366442739f,-0.25254699059354524f,0.13914885435214952f,0.7728260950609007f,-0.6191747920623092f,0.8676616986208006f,-0.6375428389582651f,0.5483537348070044f,0.5411536842859384f,0.11867400483396699f,0f,0f,0f,1f],start_interpolation:0}
execute if entity @s[tag=aj.tultaria.bone.skirt_back_middle] run data modify entity @s {} merge value {transformation:[0.7666338715557368f,-0.07739148954570463f,0.6374033764652955f,0.08647035217428505f,0.3295073120590127f,0.899441529225993f,-0.28710602014456543f,0.8569196458068934f,-0.5510875051052299f,0.4301342730468061f,0.7150434034849836f,0.09270275430607199f,0f,0f,0f,1f],start_interpolation:0}
execute if entity @s[tag=aj.tultaria.bone.skirt_front_middle] run data modify entity @s {} merge value {transformation:[0.7667238243603824f,0.22714923333755727f,0.6004480018722266f,-0.11383043821508945f,0.2432103468016939f,0.7628160392017308f,-0.5991330549595669f,0.963800940596165f,-0.5941239806360195f,0.6054047539710468f,0.5296241870444242f,-0.12203483484301182f,0f,0f,0f,1f],start_interpolation:0}
execute if entity @s[tag=aj.tultaria.bone.lower] run data modify entity @s {} merge value {transformation:[0.7312607017200627f,0f,0.6820980766135333f,0f,0f,1f,0f,0.9375f,-0.6820980766135333f,0f,0.7312607017200627f,0f,0f,0f,0f,1f],start_interpolation:0}