execute if entity @s[tag=aj.tultaria.bone.head] run data modify entity @s {} merge value {transformation:[0.977461974943572f,-0.036659136351571f,0.20790429351355133f,0f,-6.938893903907228e-18f,0.984807753012208f,0.17364817766693033f,1.625f,-0.21111155235896484f,-0.16973449068767002f,0.9626121311990545f,0f,0f,0f,0f,1f],start_interpolation:0}
execute if entity @s[tag=aj.tultaria.bone.bust] run data modify entity @s {} merge value {transformation:[0.5418915805747521f,0.42022420054721893f,0.7278496659177965f,-0.060407228828662674f,0f,0.8660254037844387f,-0.49999999999999994f,1.515625f,-0.840448401094438f,0.270945790287376f,0.46929187487463736f,-0.038948457353810306f,0f,0f,0f,1f],start_interpolation:0}
execute if entity @s[tag=aj.tultaria.bone.left_wing] run data modify entity @s {} merge value {transformation:[0.17901686127663302f,0f,0.9838460059270775f,0.07118782635088283f,0f,1f,0f,1.40625f,-0.9838460059270775f,0f,0.17901686127663302f,0.12026447264024637f,0f,0f,0f,1f],start_interpolation:0}
execute if entity @s[tag=aj.tultaria.bone.right_wing] run data modify entity @s {} merge value {transformation:[0.8222682189897754f,0f,0.569100145878898f,0.13892427392272677f,0f,1f,0f,1.40625f,-0.569100145878898f,0f,0.8222682189897754f,0.015208422503441621f,0f,0f,0f,1f],start_interpolation:0}
execute if entity @s[tag=aj.tultaria.bone.body] run data modify entity @s {} merge value {transformation:[0.5418915805747521f,0f,0.840448401094438f,-0.691169990834595f,0f,1f,0f,0.34375f,-0.840448401094438f,0f,0.5418915805747521f,0.14927841025984295f,0f,0f,0f,1f],start_interpolation:0}
execute if entity @s[tag=aj.tultaria.bone.right_ring] run data modify entity @s {} merge value {transformation:[0.9824139230533431f,-0.18611889277927995f,-0.014921177619582837f,0.26349734709681005f,-0.007697619020624921f,0.03947400178281887f,-0.9991909476394706f,1.4784542977813173f,0.186557311441695f,0.9817339562905344f,0.03734713662091832f,-0.7869647779700281f,0f,0f,0f,1f],start_interpolation:0}
execute if entity @s[tag=aj.tultaria.bone.sword] run data modify entity @s {} merge value {transformation:[-8.785077982215793e-7f,-0.0000018611889277927998f,0.000009785918445579105f,0.3167560155940525f,0.000009945218953682734f,3.947400178281887e-7f,9.67884436094889e-7f,1.5024104885529825f,-5.664309417515884e-7f,0.000009817339562905345f,0.000001816314921713721f,-1.0006511855363784f,0f,0f,0f,1f],start_interpolation:0}
execute if entity @s[tag=aj.tultaria.bone.right_hand] run data modify entity @s {} merge value {transformation:[-0.08785077982215793f,-0.18611889277927995f,0.9785918445579105f,0.3261592555273517f,0.9945218953682733f,0.03947400178281887f,0.09678844360948889f,1.4936960271482724f,-0.05664309417515884f,0.9817339562905344f,0.1816314921713721f,-0.6165408949085659f,0f,0f,0f,1f],start_interpolation:0}
execute if entity @s[tag=aj.tultaria.bone.right_arm] run data modify entity @s {} merge value {transformation:[-0.08785077982215793f,-0.13787747849364768f,0.9865455090409527f,0.18627523082257103f,0.9945218953682733f,0.04417563744860242f,0.09473496022644878f,1.5f,-0.05664309417515884f,0.9894636496507809f,0.1332413070411002f,-0.28890413787621305f,0f,0f,0f,1f],start_interpolation:0}
execute if entity @s[tag=aj.tultaria.bone.left_ring] run data modify entity @s {} merge value {transformation:[0.6723175265027281f,0.6195388005498188f,-0.4051676420576372f,-0.37853628357290714f,0.321163118523864f,0.24901938849530836f,0.9136977593566972f,1.4455334550455814f,0.6669658123601838f,-0.744419920989971f,-0.031552913906726425f,0.7273260286440096f,0f,0f,0f,1f],start_interpolation:0}
execute if entity @s[tag=aj.tultaria.bone.left_hand] run data modify entity @s {} merge value {transformation:[0.3326717734478159f,0.6195388005498188f,0.7109860517368658f,-0.2150784036366668f,-0.9422631146667136f,0.24901938849530836f,0.2238963306800854f,1.5054330154992313f,-0.03833684767516221f,-0.744419920989971f,0.6666102814565769f,0.6735051298758807f,0f,0f,0f,1f],start_interpolation:0}
execute if entity @s[tag=aj.tultaria.bone.left_arm] run data modify entity @s {} merge value {transformation:[0.3326717734478159f,0.30029663478220286f,0.8939526957784566f,-0.18627523082257103f,-0.9422631146667136f,0.14438249991068774f,0.30214883163455014f,1.53125f,-0.03833684767516221f,-0.9428550391539648f,0.3309904247139286f,0.28890413787621305f,0f,0f,0f,1f],start_interpolation:0}
execute if entity @s[tag=aj.tultaria.bone.leftfoot] run data modify entity @s {} merge value {transformation:[0.36148569094732963f,0.204374376506812f,0.9097028138176685f,-0.360493973236524f,0.4809077253103079f,0.7950132330133377f,-0.36970490809637074f,0.6306954226423187f,-0.798783985178219f,0.571126145051277f,0.18910069133049354f,-0.15574932372493772f,0f,0f,0f,1f],start_interpolation:0}
execute if entity @s[tag=aj.tultaria.bone.leftleg] run data modify entity @s {} merge value {transformation:[0.36148569094732963f,0.35205588943263966f,0.8633566736616592f,-0.0771758086844945f,0.4809077253103079f,0.7228958180095872f,-0.4961344535920836f,0.84375f,-0.798783985178219f,0.5945403998216126f,0.09201009728698284f,0.10073435451172706f,0f,0f,0f,1f],start_interpolation:0}
execute if entity @s[tag=aj.tultaria.bone.rightfoot] run data modify entity @s {} merge value {transformation:[0.5961140986893574f,-0.1278886421274492f,0.7926490248266078f,0.03080507697842537f,0.5863604932783035f,0.7437444442687584f,-0.3209759703494643f,0.5931351041394555f,-0.5484791274663053f,0.6561163744597089f,0.5183453963330316f,-0.41905625985521666f,0f,0f,0f,1f],start_interpolation:0}
execute if entity @s[tag=aj.tultaria.bone.rightleg] run data modify entity @s {} merge value {transformation:[0.5961140986893574f,-0.12986972078510545f,0.7923268498334346f,0.10679861600740942f,0.5863604932783035f,0.7445445018911084f,-0.3191157417398046f,0.84375f,-0.5484791274663053f,0.6548185552707865f,0.5199839482204047f,-0.06853883019064387f,0f,0f,0f,1f],start_interpolation:0}
execute if entity @s[tag=aj.tultaria.bone.skirt_right_back] run data modify entity @s {} merge value {transformation:[0.7439749473179235f,-0.19196391852761996f,0.6400399454306073f,0.2566575934706226f,0.5092115195321067f,0.7830906558128514f,-0.3570331261303372f,0.8349858970385913f,-0.43267182267753035f,0.5915394143775373f,0.6803500680523109f,0.017302792534113737f,0f,0f,0f,1f],start_interpolation:0}
execute if entity @s[tag=aj.tultaria.bone.skirt_right] run data modify entity @s {} merge value {transformation:[0.7439749473179235f,-0.19196391852761996f,0.6400399454306073f,0.11189332082992569f,0.5092115195321067f,0.7830906558128514f,-0.3570331261303372f,0.9023711577598238f,-0.43267182267753035f,0.5915394143775373f,0.6803500680523109f,-0.22453787196286762f,0f,0f,0f,1f],start_interpolation:0}
execute if entity @s[tag=aj.tultaria.bone.skirt_left_back] run data modify entity @s {} merge value {transformation:[0.7643728084699186f,0.08705643191287481f,0.6388703994820926f,-0.0450625419524274f,0.15812614468365838f,0.9352743742122422f,-0.31663538543470043f,0.7851957775457861f,-0.6250842599516422f,0.343049592048289f,0.701132402158259f,0.30079512902826105f,0f,0f,0f,1f],start_interpolation:0}
execute if entity @s[tag=aj.tultaria.bone.skirt_left] run data modify entity @s {} merge value {transformation:[0.7643728084699186f,0.21500138155702586f,0.6078722033457195f,-0.25335083575541006f,0.15812614468365838f,0.8514687899449878f,-0.49999702210823327f,0.8676616986208006f,-0.6250842599516422f,0.4783046159908856f,0.6168422507274608f,0.11694809063522114f,0f,0f,0f,1f],start_interpolation:0}
execute if entity @s[tag=aj.tultaria.bone.skirt_back_middle] run data modify entity @s {} merge value {transformation:[0.7708474790486529f,-0.04699685397836238f,0.6352837631802605f,0.08583581978443251f,0.24568473449707606f,0.9420525473649473f,-0.22842068478645938f,0.8569196458068934f,-0.5877356338350076f,0.332157031717455f,0.737725240859503f,0.09329059171755351f,0f,0f,0f,1f],start_interpolation:0}
execute if entity @s[tag=aj.tultaria.bone.skirt_front_middle] run data modify entity @s {} merge value {transformation:[0.7707597404210359f,0.22301321255080975f,0.5968203494971204f,-0.11299513341775262f,0.2432103468016939f,0.7628160392017308f,-0.5991330549595669f,0.963800940596165f,-0.5888787224502999f,0.6069405220978008f,0.5337087715982863f,-0.12280866990284015f,0f,0f,0f,1f],start_interpolation:0}
execute if entity @s[tag=aj.tultaria.bone.lower] run data modify entity @s {} merge value {transformation:[0.7358976987676157f,0f,0.6770927388094837f,0f,0f,1f,0f,0.9375f,-0.6770927388094837f,0f,0.7358976987676157f,0f,0f,0f,0f,1f],start_interpolation:0}