execute if entity @s[tag=aj.labyria.bone.wing_right_1] run data modify entity @s {} merge value {transformation:[-0.7981562491977695f,-0.13607723330781474f,0.10664911104309946f,0.09799201305877778f,-0.13154839453990333f,0.8048821674103042f,0.04247541551662158f,1.0810178632179277f,-0.11218763837859654f,0.024333672238819347f,-0.8085581306466786f,-0.3303519687778324f,0f,0f,0f,1f],start_interpolation:0}
execute if entity @s[tag=aj.labyria.bone.wing_right_2] run data modify entity @s {} merge value {transformation:[-0.7733629960053325f,0.17605440226559524f,0.10447259857283213f,0.09799201305877778f,0.18267448283156745f,0.7777523771738942f,0.041608570301996654f,1.0810178632179277f,-0.09241054989488776f,0.06407875812826588f,-0.7920569443069505f,-0.3303519687778324f,0f,0f,0f,1f],start_interpolation:0}
execute if entity @s[tag=aj.labyria.bone.wing_left_1] run data modify entity @s {} merge value {transformation:[-0.7405199039580775f,0.13523288706627137f,0.3166808843963985f,0.04801195261265724f,0.16236032631758232f,0.7994491925101508f,0.03826953719815042f,1.082018712038228f,-0.3036673191576799f,0.09766012131383789f,-0.7517932590978711f,-0.3438599807606352f,0f,0f,0f,1f],start_interpolation:0}
execute if entity @s[tag=aj.labyria.bone.wing_left_2] run data modify entity @s {} merge value {transformation:[-0.7208841483186152f,-0.15521221430047868f,0.3102180092046353f,0.04801195261265724f,-0.15275224027554218f,0.7843859786428724f,0.03748852623492286f,1.082018712038228f,-0.3114366673880068f,-0.025452014466555477f,-0.7364505395244452f,-0.3438599807606352f,0f,0f,0f,1f],start_interpolation:0}
execute if entity @s[tag=aj.labyria.bone.musket] run data modify entity @s {} merge value {transformation:[-1.4618959593365307e-10f,-3.057678146241931e-11f,-6.418900904675732e-11f,-0.41835343305441985f,1.0383030006885978e-11f,1.3600735686750862e-10f,-8.843504945461544e-11f,0.7555340746215125f,7.033748029949145e-11f,-8.362790036562929e-11f,-1.203560532412269e-10f,0.13171860288663537f,0f,0f,0f,1f],start_interpolation:0}
execute if entity @s[tag=aj.labyria.bone.omega_blade] run data modify entity @s {} merge value {transformation:[-0.000016133369898133343f,-0.000003374429777146934f,-0.000007083849023127165f,-0.41835343305441985f,0.000001145863101232826f,0.000015009665928666958f,-0.000009759623150326969f,0.7555340746215125f,0.000007762389519767008f,-0.0000092291099225369f,-0.00001328240025577053f,0.13171860288663537f,0f,0f,0f,1f],start_interpolation:0}
execute if entity @s[tag=aj.labyria.bone.arm_right_2] run data modify entity @s {} merge value {transformation:[-0.067465363173706f,-0.9721457079435114f,-0.22445745097645792f,-0.38674307801196345f,-0.6670469991959964f,0.211247816665066f,-0.714438703331405f,0.9606334779392434f,0.7419546654853358f,0.10152380253542387f,-0.662718787935948f,-0.10009334250294244f,0f,0f,0f,1f],start_interpolation:0}
execute if entity @s[tag=aj.labyria.bone.arm_right_1] run data modify entity @s {} merge value {transformation:[-0.21751787931898178f,-0.9721457079435114f,-0.08728513449369216f,-0.3100248627803571f,-0.9744972347089569f,0.211247816665066f,0.07569345743747644f,1.2889311341144842f,-0.05514627567813851f,0.10152380253542387f,-0.9933034812168833f,-0.048586991828282675f,0f,0f,0f,1f],start_interpolation:0}
execute if entity @s[tag=aj.labyria.bone.arm_left_2] run data modify entity @s {} merge value {transformation:[0.35272129465939295f,0.7876332281779929f,0.5051946022709627f,0.33414860631366433f,0.5961960976542783f,0.22695280825097297f,-0.7700926151891136f,0.9390515379150968f,-0.7212058661960623f,0.5728231146670948f,-0.38953276866969266f,0.1475550998647866f,0f,0f,0f,1f],start_interpolation:0}
execute if entity @s[tag=aj.labyria.bone.arm_left_1] run data modify entity @s {} merge value {transformation:[-0.13581292667954947f,0.7876332281779929f,0.600989805917413f,0.26606910528086414f,0.9707725577377152f,0.22695280825097297f,-0.07805808074999257f,1.2773948741906347f,-0.19787746230965914f,0.5728231146670948f,-0.7954358485842703f,0.10711278432905848f,0f,0f,0f,1f],start_interpolation:0}
execute if entity @s[tag=aj.labyria.bone.himo_right_2] run data modify entity @s {} merge value {transformation:[-0.96518361141147f,0.07311161510190564f,0.2511479404651836f,-0.23503761414309177f,0.019327765317444193f,0.9774527699492223f,-0.21026773410684488f,0.9322753974226805f,-0.2608582637191056f,-0.19809284251528067f,-0.9448344786224038f,0.19260789031018535f,0f,0f,0f,1f],start_interpolation:0}
execute if entity @s[tag=aj.labyria.bone.himo_right_1] run data modify entity @s {} merge value {transformation:[-0.96518361141147f,0.03970475074669561f,0.2585423157451317f,-0.22597708390467927f,0.019327765317444193f,0.9965359726814583f,-0.08088567635653202f,1.1186203568232256f,-0.2608582637191056f,-0.07307248401390641f,-0.9626075931185515f,0.17289050210058698f,0f,0f,0f,1f],start_interpolation:0}
execute if entity @s[tag=aj.labyria.bone.himo_left_2] run data modify entity @s {} merge value {transformation:[-0.96518361141147f,0.07311161510190564f,0.2511479404651836f,0.06658226442299264f,0.019327765317444193f,0.9774527699492223f,-0.21026773410684488f,0.9262354707609792f,-0.2608582637191056f,-0.19809284251528067f,-0.9448344786224038f,0.27412609772240587f,0f,0f,0f,1f],start_interpolation:0}
execute if entity @s[tag=aj.labyria.bone.himo_left_1] run data modify entity @s {} merge value {transformation:[-0.96518361141147f,0.03970475074669561f,0.2585423157451317f,0.07564279466140514f,0.019327765317444193f,0.9965359726814583f,-0.08088567635653202f,1.1125804301615243f,-0.2608582637191056f,-0.07307248401390641f,-0.9626075931185515f,0.2544087095128075f,0f,0f,0f,1f],start_interpolation:0}
execute if entity @s[tag=aj.labyria.bone.ribbon_left_himo_1] run data modify entity @s {} merge value {transformation:[-0.9993735178678607f,-0.026226806484620432f,-0.023763972858832055f,0.2740829188736587f,-0.03286909447048541f,0.9367518925522366f,0.3484472907463818f,1.5148173774731601f,0.013122286885575207f,0.3490100950136278f,-0.9370270856093068f,0.16932727928006475f,0f,0f,0f,1f],start_interpolation:0}
execute if entity @s[tag=aj.labyria.bone.ribbon_left_himo_2] run data modify entity @s {} merge value {transformation:[-0.9993735178678607f,-0.026226806484620432f,-0.023763972858832055f,0.2709267662283451f,-0.03286909447048541f,0.9367518925522366f,0.3484472907463818f,1.561095533275414f,0.013122286885575207f,0.3490100950136278f,-0.9370270856093068f,0.04487836947257867f,0f,0f,0f,1f],start_interpolation:0}
execute if entity @s[tag=aj.labyria.bone.ribbon_left] run data modify entity @s {} merge value {transformation:[-0.9993735178678607f,-0.026226806484620432f,-0.023763972858832055f,0.2691698371790692f,-0.03286909447048541f,0.9367518925522366f,0.3484472907463818f,1.6380935786698705f,0.013122286885575207f,0.3490100950136278f,-0.9370270856093068f,0.14442486429353985f,0f,0f,0f,1f],start_interpolation:0}
execute if entity @s[tag=aj.labyria.bone.ribbon_right_himo_1] run data modify entity @s {} merge value {transformation:[-0.9993735178678607f,-0.026226806484620432f,-0.023763972858832055f,-0.32660302620979237f,-0.03286909447048541f,0.9367518925522366f,0.3484472907463818f,1.495060997377994f,0.013122286885575207f,0.3490100950136278f,-0.9370270856093068f,0.1772145938412258f,0f,0f,0f,1f],start_interpolation:0}
execute if entity @s[tag=aj.labyria.bone.ribbon_right_himo_2] run data modify entity @s {} merge value {transformation:[-0.9993735178678607f,-0.026226806484620432f,-0.023763972858832055f,-0.32975917885510597f,-0.03286909447048541f,0.9367518925522366f,0.3484472907463818f,1.5413391531802478f,0.013122286885575207f,0.3490100950136278f,-0.9370270856093068f,0.05276568403373971f,0f,0f,0f,1f],start_interpolation:0}
execute if entity @s[tag=aj.labyria.bone.ribbon_right] run data modify entity @s {} merge value {transformation:[-0.9993735178678607f,-0.026226806484620432f,-0.023763972858832055f,-0.3304542735416472f,-0.03286909447048541f,0.9367518925522366f,0.3484472907463818f,1.6183721219875793f,0.013122286885575207f,0.3490100950136278f,-0.9370270856093068f,0.15229823642488496f,0f,0f,0f,1f],start_interpolation:0}
execute if entity @s[tag=aj.labyria.bone.crown] run data modify entity @s {} merge value {transformation:[-0.9813608949861543f,0.19069889193684142f,-0.023763972858832055f,0.13098002878438283f,0.17066025229061052f,0.9216613064784763f,0.3484472907463818f,1.8930070636185656f,0.08835084651591954f,0.33789697949885444f,-0.9370270856093068f,0.2606805507450308f,0f,0f,0f,1f],start_interpolation:0}
execute if entity @s[tag=aj.labyria.bone.ear_edge_a1] run data modify entity @s {} merge value {transformation:[-0.9911723479397677f,0.13043255066712783f,-0.023763972858832055f,0.15714529416527456f,0.11407585981241442f,0.9303607815141204f,0.3484472907463818f,1.8964028653622833f,0.06755793726592413f,0.34266042366591204f,-0.9370270856093068f,0.24332202612109344f,0f,0f,0f,1f],start_interpolation:0}
execute if entity @s[tag=aj.labyria.bone.ear_edge_a2] run data modify entity @s {} merge value {transformation:[-0.9993735178678607f,-0.02622680648462044f,-0.023763972858832055f,0.04176814598291194f,-0.0328690944704854f,0.9367518925522366f,0.3484472907463818f,1.9020568456902656f,0.01312228688557521f,0.34901009501362784f,-0.9370270856093068f,0.24835062520592133f,0f,0f,0f,1f],start_interpolation:0}
execute if entity @s[tag=aj.labyria.bone.ear_edge_b1] run data modify entity @s {} merge value {transformation:[-0.9760326920808785f,0.21632257760880647f,-0.023763972858832055f,0.0195589485194282f,0.19472805166153936f,0.9168781115653309f,0.3484472907463818f,1.897276192649646f,0.09716568265315817f,0.33546843510094154f,-0.9370270856093068f,0.24713611726720602f,0f,0f,0f,1f],start_interpolation:0}
execute if entity @s[tag=aj.labyria.bone.ear_edge_b2] run data modify entity @s {} merge value {transformation:[-0.9951096046687352f,-0.09587569186190215f,-0.023763972858832055f,0.04838583693526556f,-0.09813353580592996f,0.9321771798975412f,0.3484472907463818f,1.9076015501265582f,-0.011255391875007022f,0.34907528842395713f,-0.9370270856093068f,0.25024467356150504f,0f,0f,0f,1f],start_interpolation:0}
execute if entity @s[tag=aj.labyria.bone.ear_right_2] run data modify entity @s {} merge value {transformation:[-0.9978564167123253f,0.06097413566425634f,-0.023763972858832055f,0.10264592905620834f,0.0488992893230904f,0.9360519991299646f,0.3484472907463818f,2.0185026560406354f,0.04349058667959235f,0.34653832357301223f,-0.9370270856093068f,0.2567586309847197f,0f,0f,0f,1f],start_interpolation:0}
execute if entity @s[tag=aj.labyria.bone.ear_right_1] run data modify entity @s {} merge value {transformation:[-0.9978564167123253f,0.06097413566425634f,-0.023763972858832055f,0.08892674853175069f,0.0488992893230904f,0.9360519991299646f,0.3484472907463818f,1.8078909562363936f,0.04349058667959235f,0.34653832357301223f,-0.9370270856093068f,0.17878750818079206f,0f,0f,0f,1f],start_interpolation:0}
execute if entity @s[tag=aj.labyria.bone.ear_edge_a3] run data modify entity @s {} merge value {transformation:[-0.9829667950554973f,-0.18224037261893694f,-0.023763972858832055f,-0.2330866268106439f,-0.1790047025612515f,0.920077063094426f,0.3484472907463818f,1.8835682548321566f,-0.041636477748269896f,0.3467659795240108f,-0.9370270856093068f,0.24844597140021196f,0f,0f,0f,1f],start_interpolation:0}
execute if entity @s[tag=aj.labyria.bone.ear_edge_a4] run data modify entity @s {} merge value {transformation:[-0.9993735178678608f,-0.026226806484620432f,-0.023763972858832055f,-0.1182380737630653f,-0.032869094470485416f,0.9367518925522367f,0.3484472907463818f,1.8967942892399843f,0.013122286885575207f,0.3490100950136278f,-0.9370270856093068f,0.25045158894114483f,0f,0f,0f,1f],start_interpolation:0}
execute if entity @s[tag=aj.labyria.bone.ear_edge_b3] run data modify entity @s {} merge value {transformation:[-0.9633430146003085f,-0.26721809410059605f,-0.023763972858832055f,-0.09580229321494252f,-0.2585135354440873f,0.9009746042834422f,0.3484472907463818f,1.8934819961005025f,-0.0717006848850758f,0.34181757213686353f,-0.9370270856093068f,0.2486508695419554f,0f,0f,0f,1f],start_interpolation:0}
execute if entity @s[tag=aj.labyria.bone.ear_edge_b4] run data modify entity @s {} merge value {transformation:[-0.9987685837446086f,0.043549853257544985f,-0.023763972858832055f,-0.1251537795750288f,0.03255548178922954f,0.9367628441483885f,0.3484472907463818f,1.9018938843264697f,0.03743603518349858f,0.34724455950276417f,-0.9370270856093068f,0.2525233377377574f,0f,0f,0f,1f],start_interpolation:0}
execute if entity @s[tag=aj.labyria.bone.ear_left_2] run data modify entity @s {} merge value {transformation:[-0.993284783114193f,-0.11322814679997052f,-0.023763972858832055f,-0.1863929639652078f,-0.11438732460823894f,0.9303225384459285f,0.3484472907463818f,2.008996253769106f,-0.017345881435094617f,0.34882568889313254f,-0.9370270856093068f,0.26055385990314056f,0f,0f,0f,1f],start_interpolation:0}
execute if entity @s[tag=aj.labyria.bone.ear_left_1] run data modify entity @s {} merge value {transformation:[-0.993284783114193f,-0.11322814679997052f,-0.023763972858832055f,-0.16091663093521447f,-0.11438732460823894f,0.9303225384459285f,0.3484472907463818f,1.7996736826187723f,-0.017345881435094617f,0.34882568889313254f,-0.9370270856093068f,0.18206807990218585f,0f,0f,0f,1f],start_interpolation:0}
execute if entity @s[tag=aj.labyria.bone.head] run data modify entity @s {} merge value {transformation:[-0.9993735178678607f,-0.026226806484620432f,-0.023763972858832055f,-0.021811078726525417f,-0.03286909447048541f,0.9367518925522366f,0.3484472907463818f,1.3128079966587372f,0.013122286885575207f,0.3490100950136278f,-0.9370270856093068f,0.030842216772295483f,0f,0f,0f,1f],start_interpolation:0}
execute if entity @s[tag=aj.labyria.bone.back_musket] run data modify entity @s {} merge value {transformation:[0.44352804337967233f,1.0149141191491864f,1.189911276571674f,-0.05953910987076691f,-0.05581668339841804f,1.246320296560561f,-1.0422220765559502f,1.27340091094264f,-1.56295361838258f,0.24349884960267676f,0.37488790011411816f,-0.2116565166450145f,0f,0f,0f,1f],start_interpolation:0}
execute if entity @s[tag=aj.labyria.bone.body_1] run data modify entity @s {} merge value {transformation:[-0.96518361141147f,0.005618527097973003f,0.26151296032120847f,-0.023918026388265293f,0.019327765317444193f,0.9985681686291454f,0.04988035774198732f,0.9383449334228077f,-0.2608582637191056f,0.053198164948465826f,-0.9639102248111955f,0.010892904916620798f,0f,0f,0f,1f],start_interpolation:0}
execute if entity @s[tag=aj.labyria.bone.belt2] run data modify entity @s {} merge value {transformation:[-0.7337430627977535f,0.1192580922786427f,0.6688786326548566f,0.023819404209178753f,0.1298619809102141f,0.9909412238053877f,-0.03422509133889877f,0.3049426434297862f,-0.6669010299214172f,0.06174948088153866f,-0.7425833407103968f,0.48457271906395016f,0f,0f,0f,1f],start_interpolation:0}
execute if entity @s[tag=aj.labyria.bone.leg_left_2] run data modify entity @s {} merge value {transformation:[-0.9385710981738284f,-0.021375536356665226f,0.34442325722610334f,0.01067806247683585f,0.01329546529141806f,0.995098733794982f,0.09798847178269637f,0.43936600142020377f,-0.34482970329636403f,0.09654841503146733f,-0.9336867136676268f,0.3261504751387241f,0f,0f,0f,1f],start_interpolation:0}
execute if entity @s[tag=aj.labyria.bone.leg_left_1] run data modify entity @s {} merge value {transformation:[-0.9385710981738284f,0.25010359235852636f,0.23776561307753014f,0.10470036395017902f,0.01329546529141806f,0.7147006607970338f,-0.699304079824341f,0.6358770580878059f,-0.34482970329636403f,-0.6531853937020051f,-0.6741226277012945f,0.0778136642585883f,0f,0f,0f,1f],start_interpolation:0}
execute if entity @s[tag=aj.labyria.bone.belt] run data modify entity @s {} merge value {transformation:[-0.9709467145377493f,0.1422573513918673f,-0.1924196546699978f,-0.28073117482908605f,0.2348235294781468f,0.7211583439468293f,-0.6517580478669156f,0.5573845608303153f,0.04604766586675499f,-0.6780069977004939f,-0.7336116980647094f,0.2145813768691963f,0f,0f,0f,1f],start_interpolation:0}
execute if entity @s[tag=aj.labyria.bone.leg_right_2] run data modify entity @s {} merge value {transformation:[-0.9481610931546566f,-0.019483716133484735f,0.3171922543716926f,-0.21635633823278327f,0.060126752142483926f,0.9690921065140362f,0.2392598227220447f,0.4104932336147864f,-0.3120501804270639f,0.24592859512024573f,-0.9176839385091249f,0.21099280704161635f,0f,0f,0f,1f],start_interpolation:0}
execute if entity @s[tag=aj.labyria.bone.leg_right_1] run data modify entity @s {} merge value {transformation:[-0.9481610931546566f,0.24204523666244526f,0.20592388117163002f,-0.12430661559229905f,0.060126752142483926f,0.7729193753098705f,-0.6316489633866234f,0.6427574035220822f,-0.3120501804270639f,-0.5865234374512415f,-0.7474054737662928f,-0.02394593059171842f,0f,0f,0f,1f],start_interpolation:0}
execute if entity @s[tag=aj.labyria.bone.skirt_forward_right] run data modify entity @s {} merge value {transformation:[-0.9231371395281442f,0.23025788254131402f,0.30789467217116023f,-0.006636595878460253f,0.0784596736911262f,0.8967981739471607f,-0.435427508099018f,0.8537411627874455f,-0.3763799957862769f,-0.37780198878860977f,-0.845933659360646f,0.018233897318115155f,0f,0f,0f,1f],start_interpolation:0}
execute if entity @s[tag=aj.labyria.bone.skirt_forward_left] run data modify entity @s {} merge value {transformation:[-0.9490964737975742f,0.06645866590313532f,0.30789467217116023f,-0.006636595878460253f,-0.0784596736911262f,0.8967981739471607f,-0.435427508099018f,0.8537411627874455f,-0.30505731105694356f,-0.43742002804102814f,-0.845933659360646f,0.018233897318115155f,0f,0f,0f,1f],start_interpolation:0}
execute if entity @s[tag=aj.labyria.bone.skirt_forward] run data modify entity @s {} merge value {transformation:[-0.9396926207859084f,0.14892497872796495f,0.30789467217116023f,-0.006636595878460253f,0f,0.9002237972808094f,-0.435427508099018f,0.8537411627874455f,-0.3420201433256689f,-0.40916801624784355f,-0.845933659360646f,0.018233897318115155f,0f,0f,0f,1f],start_interpolation:0}
execute if entity @s[tag=aj.labyria.bone.skirt_back_right] run data modify entity @s {} merge value {transformation:[-0.932064815447417f,0.12821407984192262f,0.3388455836148107f,-0.006636595878460253f,0.08634678130226994f,0.9869482264600405f,-0.13593171685121416f,0.8537411627874455f,-0.351851407789866f,-0.0974389450767494f,-0.9309705896636153f,0.018233897318115155f,0f,0f,0f,1f],start_interpolation:0}
execute if entity @s[tag=aj.labyria.bone.skirt_back_left] run data modify entity @s {} merge value {transformation:[-0.9401687978783014f,-0.035585136796256064f,0.3388455836148107f,-0.006636595878460253f,-0.08634678130226994f,0.9869482264600405f,-0.13593171685121416f,0.8537411627874455f,-0.32958589905335445f,-0.15705698432916776f,-0.9309705896636153f,0.018233897318115155f,0f,0f,0f,1f],start_interpolation:0}
execute if entity @s[tag=aj.labyria.bone.skirt_back] run data modify entity @s {} merge value {transformation:[-0.9396926207859084f,0.0464913852799565f,0.3388455836148107f,-0.006636595878460253f,0f,0.9907182083488127f,-0.13593171685121416f,0.8537411627874455f,-0.3420201433256689f,-0.12773403125584548f,-0.9309705896636153f,0.018233897318115155f,0f,0f,0f,1f],start_interpolation:0}
execute if entity @s[tag=aj.labyria.bone.skirt_right] run data modify entity @s {} merge value {transformation:[-0.9295063215988221f,0.15745779834765666f,0.3335041826534355f,-0.18680587090474135f,0.08498565162266966f,0.9713904430313686f,-0.22176123693195787f,0.8781186877053182f,-0.35888081186669435f,-0.17778540133214094f,-0.9162952111339838f,-0.0532421903992661f,0f,0f,0f,1f],start_interpolation:0}
execute if entity @s[tag=aj.labyria.bone.skirt_left] run data modify entity @s {} merge value {transformation:[-0.9427272917268964f,-0.0063414182905220245f,0.3335041826534355f,0.17732501964979816f,-0.08498565162266966f,0.9713904430313686f,-0.22176123693195787f,0.8781186877053182f,-0.3225564949765261f,-0.2374034405845593f,-0.9162952111339838f,0.0792906151394306f,0f,0f,0f,1f],start_interpolation:0}
execute if entity @s[tag=aj.labyria.bone.coat_downer] run data modify entity @s {} merge value {transformation:[-0.9396926207859084f,0.08743973433496581f,0.33065400541947415f,-0.017421064180958186f,0f,0.9667676359770077f,-0.2556566799976644f,0.7150939898170443f,-0.3420201433256689f,-0.24023869564842956f,-0.9084644135422313f,0.047863980460052344f,0f,0f,0f,1f],start_interpolation:0}
execute if entity @s[tag=aj.labyria.bone.body_2] run data modify entity @s {} merge value {transformation:[-0.9396926207859084f,0.07584681003954583f,0.3335041826534355f,0f,0f,0.9751009967149086f,-0.22176123693195787f,0.9390624999999999f,-0.3420201433256689f,-0.20838739792131628f,-0.9162952111339838f,0f,0f,0f,0f,1f],start_interpolation:0}
execute if entity @s[tag=aj.labyria.bone.sphere] run data modify entity @s {} merge value {transformation:[-1f,0f,1.3877787807814457e-16f,0.7177457971940946f,0f,1f,0f,1.9078125f,-1.3877787807814457e-16f,0f,-1f,-0.3785529081965443f,0f,0f,0f,1f],start_interpolation:0}