execute if entity @s[tag=aj.labyria.bone.wing_right_1] run data modify entity @s {} merge value {transformation:[-0.8012943841817454f,-0.10806249447785773f,0.1148662335521849f,0.15708805263457376f,-0.11199839739683194f,0.808690686322445f,-0.02049822627250132f,1.264480416716694f,-0.11103203728556647f,-0.03586524204575134f,-0.8082883245189558f,-0.30205698291326033f,0f,0f,0f,1f],start_interpolation:0}
execute if entity @s[tag=aj.labyria.bone.wing_right_2] run data modify entity @s {} merge value {transformation:[-0.7657011010858487f,0.20258484087510317f,0.11252202470418113f,0.15708805263457376f,0.20179542909507422f,0.7738704042720207f,-0.02007989512408293f,1.264480416716694f,-0.11393168388229005f,0.009164040564535158f,-0.7917926444267323f,-0.30205698291326033f,0f,0f,0f,1f],start_interpolation:0}
execute if entity @s[tag=aj.labyria.bone.wing_left_1] run data modify entity @s {} merge value {transformation:[-0.5824232390715289f,0.13592425618348536f,0.5561044970280671f,0.1037208097618359f,0.15447663170615086f,0.801200627520856f,-0.034043636135894256f,1.2661187179199846f,-0.551239136210951f,0.08091103438714153f,-0.5971040643541559f,-0.32759946786080696f,0f,0f,0f,1f],start_interpolation:0}
execute if entity @s[tag=aj.labyria.bone.wing_left_2] run data modify entity @s {} merge value {transformation:[-0.5780619141894676f,-0.09532024746841777f,0.5447554256601473f,0.1037208097618359f,-0.1605437464830838f,0.7830156821321396f,-0.033348868051488255f,1.2661187179199846f,-0.5292165235787559f,-0.13341848431795297f,-0.5849182671224384f,-0.32759946786080696f,0f,0f,0f,1f],start_interpolation:0}
execute if entity @s[tag=aj.labyria.bone.musket] run data modify entity @s {} merge value {transformation:[-0.000004397419939453419f,0.000002743016629432749f,0.000003926966245940111f,-0.6374493373773675f,0.000003251811018859766f,0.000005623697010672836f,-2.8681575928059024e-7f,1.0676044605868966f,-0.000003517233177331264f,0.0000017698581730762738f,-0.0000051748602950683995f,-0.4641842236683656f,0f,0f,0f,1f],start_interpolation:0}
execute if entity @s[tag=aj.labyria.bone.omega_blade] run data modify entity @s {} merge value {transformation:[-0.4852958381034655f,0.3027171778999502f,0.43337693505897035f,-0.6374493373773675f,0.3588673302708915f,0.6206268201834847f,-0.031652763710953796f,1.0676044605868966f,-0.3881591128661801f,0.1953201689293465f,-0.5710935499773339f,-0.4641842236683656f,0f,0f,0f,1f],start_interpolation:0}
execute if entity @s[tag=aj.labyria.bone.arm_right_2] run data modify entity @s {} merge value {transformation:[-0.7169050379159383f,-0.3833631922219416f,0.5823056151714063f,-0.41034364223545294f,-0.6251620873927146f,0.7231856248327667f,-0.2935556446775035f,1.2540809543639604f,-0.3085766211130243f,-0.5744869144590184f,-0.7581195512699994f,-0.36195272991413907f,0f,0f,0f,1f],start_interpolation:0}
execute if entity @s[tag=aj.labyria.bone.arm_right_1] run data modify entity @s {} merge value {transformation:[-0.3661359804564063f,-0.3833631922219416f,0.8479251775154628f,-0.2811156322140939f,-0.6900444620073466f,0.7231856248327667f,0.02900331857274877f,1.505948725412158f,-0.6243261041060334f,-0.5744869144590184f,-0.5293219255303323f,-0.13112782233670225f,0f,0f,0f,1f],start_interpolation:0}
execute if entity @s[tag=aj.labyria.bone.arm_left_2] run data modify entity @s {} merge value {transformation:[-0.34655315208474075f,0.857864615475185f,0.37943275332493887f,0.4300614727903713f,0.5699901661136744f,0.5138416534413228f,-0.6411536210007656f,1.2025705134913445f,-0.7449913578786242f,-0.0059208702317098405f,-0.6670478393502693f,0.2968357256072036f,0f,0f,0f,1f],start_interpolation:0}
execute if entity @s[tag=aj.labyria.bone.arm_left_1] run data modify entity @s {} merge value {transformation:[-0.4603119583710586f,0.857864615475185f,0.22843205225233637f,0.2570647310355682f,0.7632723008775408f,0.5138416534413228f,-0.3916403323226456f,1.4894273259686464f,-0.4533522865208751f,-0.0059208702317098405f,-0.8913117566833691f,0.1264546025254957f,0f,0f,0f,1f],start_interpolation:0}
execute if entity @s[tag=aj.labyria.bone.himo_right_2] run data modify entity @s {} merge value {transformation:[-0.9016634358109521f,0.15014493722829134f,0.4055361221226807f,-0.2659710733595137f,0.027679831528396016f,0.9559047733216711f,-0.2923694431150487f,1.167535585354202f,-0.4315517065754102f,-0.25239366506621463f,-0.866060368788628f,0.14500359948335084f,0f,0f,0f,1f],start_interpolation:0}
execute if entity @s[tag=aj.labyria.bone.himo_right_1] run data modify entity @s {} merge value {transformation:[-0.9016634358109521f,0.09592734064792344f,0.42166455131752134f,-0.24534929354229357f,0.027679831528396016f,0.9858887456037723f,-0.16509757181248833f,1.3513578653310812f,-0.4315517065754102f,-0.1371908401025279f,-0.8915950863165485f,0.11370784767464846f,0f,0f,0f,1f],start_interpolation:0}
execute if entity @s[tag=aj.labyria.bone.himo_left_2] run data modify entity @s {} merge value {transformation:[-0.9016634358109521f,0.15014493722829134f,0.4055361221226807f,0.015798750331408803f,0.027679831528396016f,0.9559047733216711f,-0.2923694431150487f,1.1588856380015782f,-0.4315517065754102f,-0.25239366506621463f,-0.866060368788628f,0.2798635077881666f,0f,0f,0f,1f],start_interpolation:0}
execute if entity @s[tag=aj.labyria.bone.himo_left_1] run data modify entity @s {} merge value {transformation:[-0.9016634358109521f,0.09592734064792344f,0.42166455131752134f,0.03642053014862895f,0.027679831528396016f,0.9858887456037723f,-0.16509757181248833f,1.3427079179784573f,-0.4315517065754102f,-0.1371908401025279f,-0.8915950863165485f,0.24856775597946418f,0f,0f,0f,1f],start_interpolation:0}
execute if entity @s[tag=aj.labyria.bone.ribbon_left_himo_1] run data modify entity @s {} merge value {transformation:[-0.9993967061104533f,-0.017437326999737865f,-0.030036035735110322f,0.28750141695583353f,-0.01862543684150294f,0.9990363903340633f,0.03974146311785654f,1.7598879555799483f,0.029314107832915437f,0.040276921622549325f,-0.9987584556170581f,0.06385014473725137f,0f,0f,0f,1f],start_interpolation:0}
execute if entity @s[tag=aj.labyria.bone.ribbon_left_himo_2] run data modify entity @s {} merge value {transformation:[-0.9993967061104533f,-0.017437326999737865f,-0.030036035735110322f,0.2835122559597642f,-0.01862543684150294f,0.9990363903340633f,0.03974146311785654f,1.7651661186502885f,0.029314107832915437f,0.040276921622549325f,-0.9987584556170581f,-0.06879746264938916f,0f,0f,0f,1f],start_interpolation:0}
execute if entity @s[tag=aj.labyria.bone.ribbon_left] run data modify entity @s {} merge value {transformation:[-0.9993967061104533f,-0.017437326999737865f,-0.030036035735110322f,0.28311156244651253f,-0.01862543684150294f,0.9990363903340633f,0.03974146311785654f,1.8693309912175946f,0.029314107832915437f,0.040276921622549325f,-0.9987584556170581f,0.0018481967582202486f,0f,0f,0f,1f],start_interpolation:0}
execute if entity @s[tag=aj.labyria.bone.ribbon_right_himo_1] run data modify entity @s {} merge value {transformation:[-0.9993967061104533f,-0.017437326999737865f,-0.030036035735110322f,-0.3131984657106809f,-0.01862543684150294f,0.9990363903340633f,0.03974146311785654f,1.7486929039484025f,0.029314107832915437f,0.040276921622549325f,-0.9987584556170581f,0.08146975567657311f,0f,0f,0f,1f],start_interpolation:0}
execute if entity @s[tag=aj.labyria.bone.ribbon_right_himo_2] run data modify entity @s {} merge value {transformation:[-0.9993967061104533f,-0.017437326999737865f,-0.030036035735110322f,-0.3171876267067502f,-0.01862543684150294f,0.9990363903340633f,0.03974146311785654f,1.7539710670187427f,0.029314107832915437f,0.040276921622549325f,-0.9987584556170581f,-0.05117785171006743f,0f,0f,0f,1f],start_interpolation:0}
execute if entity @s[tag=aj.labyria.bone.ribbon_right] run data modify entity @s {} merge value {transformation:[-0.9993967061104533f,-0.017437326999737865f,-0.030036035735110322f,-0.3165264612197594f,-0.01862543684150294f,0.9990363903340633f,0.03974146311785654f,1.8581557291126929f,0.029314107832915437f,0.040276921622549325f,-0.9987584556170581f,0.019436661457969507f,0f,0f,0f,1f],start_interpolation:0}
execute if entity @s[tag=aj.labyria.bone.crown] run data modify entity @s {} merge value {transformation:[-0.9794811420283848f,0.1992850445168695f,-0.030036035735110322f,0.1475115791189994f,0.1980471110147967f,0.9793865212100606f,0.03974146311785654f,2.1489343617028385f,0.037336767796158306f,0.03297746357688128f,-0.9987584556170581f,0.033899597976040904f,0f,0f,0f,1f],start_interpolation:0}
execute if entity @s[tag=aj.labyria.bone.ear_edge_a1] run data modify entity @s {} merge value {transformation:[-0.9898202731754157f,0.1391174445145717f,-0.030036035735110322f,0.17354059811820244f,0.1378875964707889f,0.9896502548116485f,0.03974146311785654f,2.146536367866156f,0.03525390120900998f,0.035195309104682396f,-0.9987584556170581f,0.01617360704313879f,0f,0f,0f,1f],start_interpolation:0}
execute if entity @s[tag=aj.labyria.bone.ear_edge_a2] run data modify entity @s {} merge value {transformation:[-0.9993967061104533f,-0.01743732699973788f,-0.030036035735110322f,0.058249353946827405f,-0.018625436841502932f,0.9990363903340633f,0.03974146311785654f,2.154458668792447f,0.029314107832915437f,0.040276921622549325f,-0.9987584556170581f,0.01995603886006246f,0f,0f,0f,1f],start_interpolation:0}
execute if entity @s[tag=aj.labyria.bone.ear_edge_b1] run data modify entity @s {} merge value {transformation:[-0.9739288239952488f,0.22485658173278222f,-0.030036035735110322f,0.03600167075696595f,0.22361659555533242f,0.9738666409224083f,0.03974146311785654f,2.149727119549746f,0.03818722277771794f,0.03198880038316091f,-0.9987584556170581f,0.020436829300327905f,0f,0f,0f,1f],start_interpolation:0}
execute if entity @s[tag=aj.labyria.bone.ear_edge_b2] run data modify entity @s {} merge value {transformation:[-0.9957458595208462f,-0.08710924063732263f,-0.030036035735110322f,0.0649171392756922f,-0.08826932194523203f,0.995303543102596f,0.03974146311785654f,2.160260799241404f,0.02643312411389881f,0.04222365785916702f,-0.9987584556170581f,0.019986387854516417f,0f,0f,0f,1f],start_interpolation:0}
execute if entity @s[tag=aj.labyria.bone.ear_right_2] run data modify entity @s {} merge value {transformation:[-0.9971134631037839f,0.0697321895145887f,-0.030036035735110322f,0.11990315475621768f,0.06851719720035676f,0.9968580690334303f,0.03974146311785654f,2.267215269524976f,0.032712923822042564f,0.03756876293467773f,-0.9987584556170581f,-0.008700262685166459f,0f,0f,0f,1f],start_interpolation:0}
execute if entity @s[tag=aj.labyria.bone.ear_right_1] run data modify entity @s {} merge value {transformation:[-0.9971134631037839f,0.0697321895145887f,-0.030036035735110322f,0.10421341211543525f,0.06851719720035676f,0.9968580690334303f,0.03974146311785654f,2.0429222039924544f,0.032712923822042564f,0.03756876293467773f,-0.9987584556170581f,-0.017153234345468935f,0f,0f,0f,1f],start_interpolation:0}
execute if entity @s[tag=aj.labyria.bone.ear_edge_a3] run data modify entity @s {} merge value {transformation:[-0.9843646753335445f,-0.17356273365214347f,-0.030036035735110322f,-0.21670037732262745f,-0.17467985008447606f,0.9838229343147661f,0.03974146311785654f,2.1392635715915644f,0.022652503834028365f,0.04436678265862993f,-0.9987584556170581f,0.027620078664419373f,0f,0f,0f,1f],start_interpolation:0}
execute if entity @s[tag=aj.labyria.bone.ear_edge_a4] run data modify entity @s {} merge value {transformation:[-0.9993967061104533f,-0.01743732699973788f,-0.030036035735110322f,-0.10176057838806024f,-0.018625436841502946f,0.9990363903340633f,0.03974146311785654f,2.1514766148488085f,0.029314107832915434f,0.04027692162254933f,-0.9987584556170581f,0.02464941875827878f,0f,0f,0f,1f],start_interpolation:0}
execute if entity @s[tag=aj.labyria.bone.ear_edge_b3] run data modify entity @s {} merge value {transformation:[-0.965491881591313f,-0.25869530946382757f,-0.030036035735110322f,-0.07936224767876944f,-0.25976095908999997f,0.9648548389482716f,0.03974146311785654f,2.147577119090994f,0.01869948432202518f,0.04617224945266485f,-0.9987584556170581f,0.023820661090422933f,0f,0f,0f,1f],start_interpolation:0}
execute if entity @s[tag=aj.labyria.bone.ear_edge_b4] run data modify entity @s {} merge value {transformation:[-0.9981785924068961f,0.05231953954219562f,-0.030036035735110322f,-0.10862650383592296f,0.05110918951829557f,0.9979020326946102f,0.03974146311785654f,2.1570265218576017f,0.03205227616521392f,0.038133960272408576f,-0.9987584556170581f,0.025076735898277767f,0f,0f,0f,1f],start_interpolation:0}
execute if entity @s[tag=aj.labyria.bone.ear_left_2] run data modify entity @s {} merge value {transformation:[-0.994073936731392f,-0.10447413492665053f,-0.030036035735110322f,-0.16914244477067436f,-0.10562632006265255f,0.9936114414695887f,0.03974146311785654f,2.261828419112736f,0.025692193782837564f,0.04267854861700311f,-0.9987584556170581f,-0.00022203394841439038f,0f,0f,0f,1f],start_interpolation:0}
execute if entity @s[tag=aj.labyria.bone.ear_left_1] run data modify entity @s {} merge value {transformation:[-0.994073936731392f,-0.10447413492665053f,-0.030036035735110322f,-0.14563576441217804f,-0.10562632006265255f,0.9936114414695887f,0.03974146311785654f,2.038265844782079f,0.025692193782837564f,0.04267854861700311f,-0.9987584556170581f,-0.009824707387240075f,0f,0f,0f,1f],start_interpolation:0}
execute if entity @s[tag=aj.labyria.bone.head] run data modify entity @s {} merge value {transformation:[-0.9993967061104533f,-0.017437326999737865f,-0.030036035735110322f,-0.010835919944283552f,-0.01862543684150294f,0.9990363903340633f,0.03974146311785654f,1.527345953618626f,0.029314107832915437f,0.040276921622549325f,-0.9987584556170581f,-0.0029196914598779745f,0f,0f,0f,1f],start_interpolation:0}
execute if entity @s[tag=aj.labyria.bone.back_musket] run data modify entity @s {} merge value {transformation:[0.7113101242368232f,1.0094042424973049f,1.057259487075731f,-0.006570369923351527f,-0.19354171886161856f,1.2304770295202538f,-1.044569061148234f,1.4699057068359465f,-1.4488740976507535f,0.33118876139817116f,0.6585852215964613f,-0.24471378067675698f,0f,0f,0f,1f],start_interpolation:0}
execute if entity @s[tag=aj.labyria.bone.body_1] run data modify entity @s {} merge value {transformation:[-0.9016634358109521f,0.04006840067298616f,0.43057818313181917f,-0.02586157019665336f,0.027679831528396016f,0.9990038881085925f,-0.03500083528252168f,1.1527194955779039f,-0.4315517065754102f,-0.01964064182820008f,-0.9018743647207339f,0.004445549225697055f,0f,0f,0f,1f],start_interpolation:0}
execute if entity @s[tag=aj.labyria.bone.belt2] run data modify entity @s {} merge value {transformation:[-0.5407516080163809f,0.19175548109602547f,0.8190345132516275f,-0.010844745863555674f,-0.0009067285889872226f,0.9735371801259274f,-0.22852688409840036f,0.3967760123523844f,-0.8411818330604652f,-0.12431892205971556f,-0.5262679254400232f,0.38568557028917927f,0f,0f,0f,1f],start_interpolation:0}
execute if entity @s[tag=aj.labyria.bone.leg_left_2] run data modify entity @s {} merge value {transformation:[-0.8255371353182138f,0.04787410549002449f,0.5623135319678224f,0.026121838458969718f,-0.032654655086401245f,0.9906737796640309f,-0.13228429909619469f,0.49146275557305f,-0.5634022645603988f,-0.12756775576027565f,-0.8162746816963644f,0.2040049887510321f,0f,0f,0f,1f],start_interpolation:0}
execute if entity @s[tag=aj.labyria.bone.leg_left_1] run data modify entity @s {} merge value {transformation:[-0.8255371353182138f,0.16810776201536204f,0.5387283346555884f,0.09020948222246555f,-0.032654655086401245f,0.9387749787382634f,-0.34297990144636953f,0.8496866467007791f,-0.5634022645603988f,-0.3007346332652088f,-0.7695041056700445f,0.08933663983925869f,0f,0f,0f,1f],start_interpolation:0}
execute if entity @s[tag=aj.labyria.bone.belt] run data modify entity @s {} merge value {transformation:[-0.9231569798696105f,0.3731372528178859f,-0.09246502623987596f,-0.3210565990501676f,0.3403393114112411f,0.681459665531849f,-0.6479057627165716f,0.7965172655856438f,-0.17874659053011915f,-0.6295882105096484f,-0.7560875224212582f,0.12983461921488354f,0f,0f,0f,1f],start_interpolation:0}
execute if entity @s[tag=aj.labyria.bone.leg_right_2] run data modify entity @s {} merge value {transformation:[-0.8392588084678732f,-0.10637595013822784f,0.5332249146854218f,-0.2746030652890342f,0.15390757744635852f,0.8940928357220885f,0.42060724995537996f,0.6736259963825721f,-0.5214950718977881f,0.4350656942837756f,-0.7340032231834526f,0.15063935095409847f,0f,0f,0f,1f],start_interpolation:0}
execute if entity @s[tag=aj.labyria.bone.leg_right_1] run data modify entity @s {} merge value {transformation:[-0.8392588084678732f,0.4546525258917158f,0.298220946798458f,-0.10584578579876197f,0.15390757744635852f,0.7246789065453718f,-0.6716791942682141f,0.8574168292540238f,-0.5214950718977881f,-0.5178142167886923f,-0.6781676244689318f,-0.06670542864030439f,0f,0f,0f,1f],start_interpolation:0}
execute if entity @s[tag=aj.labyria.bone.skirt_forward_right] run data modify entity @s {} merge value {transformation:[-0.8002637291545547f,0.29267785001310875f,0.5233714167886415f,-0.00860986411983783f,0.08024610134436415f,0.9172171354587695f,-0.39022210296168425f,1.068170933593622f,-0.5942545978102951f,-0.27028207956228517f,-0.7575018616800957f,0.01246149080820678f,0f,0f,0f,1f],start_interpolation:0}
execute if entity @s[tag=aj.labyria.bone.skirt_forward_left] run data modify entity @s {} merge value {transformation:[-0.8389289002241187f,0.1492670776072233f,0.5233714167886415f,-0.00860986411983783f,-0.08024610134436415f,0.9172171354587695f,-0.39022210296168425f,1.068170933593622f,-0.5382925446147111f,-0.3693671154331533f,-0.7575018616800957f,0.01246149080820678f,0f,0f,0f,1f],start_interpolation:0}
execute if entity @s[tag=aj.labyria.bone.skirt_forward] run data modify entity @s {} merge value {transformation:[-0.8227270394625762f,0.22181654272347406f,0.5233714167886415f,-0.00860986411983783f,0f,0.9207207559081965f,-0.39022210296168425f,1.068170933593622f,-0.568436644259626f,-0.321046275502527f,-0.7575018616800957f,0.01246149080820678f,0f,0f,0f,1f],start_interpolation:0}
execute if entity @s[tag=aj.labyria.bone.skirt_back_right] run data modify entity @s {} merge value {transformation:[-0.8153056892250811f,0.12074745967094451f,0.5663008777145143f,-0.00860986411983783f,0.08682827561221819f,0.992451731606231f,-0.08660491317472763f,1.068170933593622f,-0.5724836099587692f,-0.0214385497365627f,-0.8196358367676273f,0.01246149080820678f,0f,0f,0f,1f],start_interpolation:0}
execute if entity @s[tag=aj.labyria.bone.skirt_back_left] run data modify entity @s {} merge value {transformation:[-0.8238869401535923f,-0.02266331273494092f,0.5663008777145143f,-0.00860986411983783f,-0.08682827561221819f,0.992451731606231f,-0.08660491317472763f,1.068170933593622f,-0.560063532466237f,-0.12052358560743082f,-0.8196358367676273f,0.01246149080820678f,0f,0f,0f,1f],start_interpolation:0}
execute if entity @s[tag=aj.labyria.bone.skirt_back] run data modify entity @s {} merge value {transformation:[-0.8227270394625762f,0.04922940622143847f,0.5663008777145143f,-0.00860986411983783f,0f,0.9962427359905807f,-0.08660491317472763f,1.068170933593622f,-0.568436644259626f,-0.07125220381915713f,-0.8196358367676273f,0.01246149080820678f,0f,0f,0f,1f],start_interpolation:0}
execute if entity @s[tag=aj.labyria.bone.skirt_right] run data modify entity @s {} merge value {transformation:[-0.8110203249485266f,0.16972939748834626f,0.5598553064396454f,-0.16555326683861546f,0.0858400061936872f,0.9811557604632023f,-0.17310363094557782f,1.0927935239954443f,-0.5786860339225874f,-0.09233258004690455f,-0.8103068362076356f,-0.1012335349622977f,0f,0f,0f,1f],start_interpolation:0}
execute if entity @s[tag=aj.labyria.bone.skirt_left] run data modify entity @s {} merge value {transformation:[-0.8281723044301468f,0.026318625082460828f,0.5598553064396454f,0.15325346095313283f,-0.0858400061936872f,0.9811557604632023f,-0.17310363094557782f,1.0927935239954443f,-0.5538611085024188f,-0.19141761591777268f,-0.8103068362076356f,0.1190356646883074f,0f,0f,0f,1f],start_interpolation:0}
execute if entity @s[tag=aj.labyria.bone.coat_downer] run data modify entity @s {} merge value {transformation:[-0.8227270394625762f,0.11787717382950268f,0.5560802014342121f,-0.022600893314574336f,0f,0.9782624098038085f,-0.20737082139212648f,0.9281299506832578f,-0.568436644259626f,-0.1706095819548669f,-0.8048429362354129f,0.03271141337154284f,0f,0f,0f,1f],start_interpolation:0}
execute if entity @s[tag=aj.labyria.bone.body_2] run data modify entity @s {} merge value {transformation:[-0.8227270394625762f,0.09839844708386103f,0.5598553064396454f,0f,0f,0.9849036160728912f,-0.17310363094557782f,1.15435f,-0.568436644259626f,-0.14241703780807763f,-0.8103068362076356f,0f,0f,0f,0f,1f],start_interpolation:0}
execute if entity @s[tag=aj.labyria.bone.sphere] run data modify entity @s {} merge value {transformation:[-0.999286944376016f,0f,-0.03775715560851217f,0.7704932293408208f,0f,1f,0f,2.1231f,0.03775715560851217f,0f,-0.999286944376016f,-0.29195868702631683f,0f,0f,0f,1f],start_interpolation:0}