execute if entity @s[tag=aj.labyria.bone.wing_right_1] run data modify entity @s {} merge value {transformation:[-0.7480139051334965f,-0.11694734174533819f,-0.30617472369560456f,0.05594049605337187f,-0.12582158612043767f,0.8069155497441051f,-0.0008176134479377665f,1.3958639082963435f,0.3026360365811019f,0.04642261608647281f,-0.7571002671526502f,-0.3136725237183429f,0f,0f,0f,1f],start_interpolation:0}
execute if entity @s[tag=aj.labyria.bone.wing_right_2] run data modify entity @s {} merge value {transformation:[-0.7208116380066182f,0.17457039012556444f,-0.2999262599467147f,0.05594049605337187f,0.18861964803924136f,0.777445809615537f,-0.0008009274592043428f,1.3958639082963435f,0.29129574471277264f,-0.07143662927833618f,-0.7416492412923921f,-0.3136725237183429f,0f,0f,0f,1f],start_interpolation:0}
execute if entity @s[tag=aj.labyria.bone.wing_left_1] run data modify entity @s {} merge value {transformation:[-0.6526668969768026f,0.13003047502708176f,0.4733523440306887f,-0.018152079112696257f,0.1496940603726248f,0.8027061884371763f,-0.014103466888023308f,1.3971267035672328f,-0.46750620779223134f,0.07549367558501893f,-0.6653443432290045f,-0.32239375094920003f,0f,0f,0f,1f],start_interpolation:0}
execute if entity @s[tag=aj.labyria.bone.wing_left_2] run data modify entity @s {} merge value {transformation:[-0.639424747258724f,-0.1269867564204876f,0.4636920921116951f,-0.018152079112696257f,-0.16543648736822225f,0.7825853925994957f,-0.01381564103316569f,1.3971267035672328f,-0.45140531813480117f,-0.1069320671440378f,-0.6517658872447392f,-0.32239375094920003f,0f,0f,0f,1f],start_interpolation:0}
execute if entity @s[tag=aj.labyria.bone.musket] run data modify entity @s {} merge value {transformation:[-1.2334902458557063e-11f,1.6071709556457866e-10f,2.1081550722704657e-11f,-0.9349096057226528f,-2.8852707992181487e-11f,1.8627902356202834e-11f,-1.5889332554130677e-10f,1.5738647475588154f,-1.595052909125769e-10f,-1.579819145800743e-11f,2.7111726684229332e-11f,-0.1942290735929784f,0f,0f,0f,1f],start_interpolation:0}
execute if entity @s[tag=aj.labyria.bone.omega_blade] run data modify entity @s {} merge value {transformation:[-0.0000013612702241246466f,0.000017736613437756288f,0.000002326543511277051f,-0.9349096057226528f,-0.000003184162372347971f,0.0000020557607894020266f,-0.000017535343599046792f,1.5738647475588154f,-0.0000176028796205844f,-0.0000017434760995525195f,0.0000029920290317532303f,-0.1942290735929784f,0f,0f,0f,1f],start_interpolation:0}
execute if entity @s[tag=aj.labyria.bone.arm_right_2] run data modify entity @s {} merge value {transformation:[-0.9630097442161841f,0.2583136086685832f,-0.0767223052396992f,-0.6382990684752458f,-0.010222692766625005f,-0.31953563704971194f,-0.9475191149564391f,1.580538287121169f,-0.2692725925475497f,-0.9116858319793331f,0.3103565927620557f,-0.10053056306045066f,0f,0f,0f,1f],start_interpolation:0}
execute if entity @s[tag=aj.labyria.bone.arm_right_1] run data modify entity @s {} merge value {transformation:[-0.9650446198795983f,0.2583136086685832f,0.04430531816899258f,-0.31237267065566515f,-0.12863070539278365f,-0.31953563704971194f,-0.938803024220411f,1.6252860828830458f,-0.22834846894953448f,-0.9116858319793331f,0.3415932090902199f,-0.023867412110693605f,0f,0f,0f,1f],start_interpolation:0}
execute if entity @s[tag=aj.labyria.bone.arm_left_2] run data modify entity @s {} merge value {transformation:[-0.9884801419129498f,0.10199219610438995f,-0.11182397317909093f,0.6117285671935104f,0.07109396689252716f,-0.3393603640173477f,-0.9379659861666081f,1.5603252413123816f,-0.13361383504427454f,-0.9351107609624741f,0.3281999509703567f,0.10195233740047291f,0f,0f,0f,1f],start_interpolation:0}
execute if entity @s[tag=aj.labyria.bone.arm_left_1] run data modify entity @s {} merge value {transformation:[-0.9731181864448601f,0.10199219610438995f,-0.20649113090898083f,0.28032505948149294f,0.16108608924896872f,-0.3393603640173477f,-0.9267609266604233f,1.615184451390195f,-0.16459728752546152f,-0.9351107609624741f,0.31380821797945907f,0.04589735948961427f,0f,0f,0f,1f],start_interpolation:0}
execute if entity @s[tag=aj.labyria.bone.himo_right_2] run data modify entity @s {} merge value {transformation:[-0.9930014326905267f,0.047620045396024616f,0.10807629689733973f,-0.20428451294957373f,0.016924199359750227f,0.9630388194621572f,-0.2688304366788956f,1.2824577710095673f,-0.1168833869743378f,-0.26511990397820917f,-0.9571048586043184f,0.22470264216945013f,0f,0f,0f,1f],start_interpolation:0}
execute if entity @s[tag=aj.labyria.bone.himo_right_1] run data modify entity @s {} merge value {transformation:[-0.9930014326905267f,0.03310586180302265f,0.11336735239406687f,-0.19736861790904406f,0.016924199359750227f,0.9898893021118065f,-0.14082876496167948f,1.4671818353745205f,-0.1168833869743378f,-0.13792451369818098f,-0.9835217854071803f,0.19269478469224632f,0f,0f,0f,1f],start_interpolation:0}
execute if entity @s[tag=aj.labyria.bone.himo_left_2] run data modify entity @s {} merge value {transformation:[-0.9930014326905267f,0.047620045396024616f,0.10807629689733973f,0.10602843476621587f,0.016924199359750227f,0.9630388194621572f,-0.2688304366788956f,1.2771689587096453f,-0.1168833869743378f,-0.26511990397820917f,-0.9571048586043184f,0.26122870059893066f,0f,0f,0f,1f],start_interpolation:0}
execute if entity @s[tag=aj.labyria.bone.himo_left_1] run data modify entity @s {} merge value {transformation:[-0.9930014326905267f,0.03310586180302265f,0.11336735239406687f,0.11294432980674554f,0.016924199359750227f,0.9898893021118065f,-0.14082876496167948f,1.4618930230745986f,-0.1168833869743378f,-0.13792451369818098f,-0.9835217854071803f,0.22922084312172686f,0f,0f,0f,1f],start_interpolation:0}
execute if entity @s[tag=aj.labyria.bone.ribbon_left_himo_1] run data modify entity @s {} merge value {transformation:[-0.9999787939846942f,0.0002118250133761098f,-0.006508971583898793f,0.285517110132478f,0.0008518230440999598f,0.9951385711817352f,-0.09848095523437991f,1.8848884748243346f,0.006456467952203754f,-0.09848441133772451f,-0.9951176486953912f,0.05227596398792984f,0f,0f,0f,1f],start_interpolation:0}
execute if entity @s[tag=aj.labyria.bone.ribbon_left_himo_2] run data modify entity @s {} merge value {transformation:[-0.9999787939846942f,0.0002118250133761098f,-0.006508971583898793f,0.28465263734399143f,0.0008518230440999598f,0.9951385711817352f,-0.09848095523437991f,1.8718089729572684f,0.006456467952203754f,-0.09848441133772451f,-0.9951176486953912f,-0.07988809872942682f,0f,0f,0f,1f],start_interpolation:0}
execute if entity @s[tag=aj.labyria.bone.ribbon_left] run data modify entity @s {} merge value {transformation:[-0.9999787939846942f,0.0002118250133761098f,-0.006508971583898793f,0.2845762826724073f,0.0008518230440999598f,0.9951385711817352f,-0.09848095523437991f,1.98474628264451f,0.006456467952203754f,-0.09848441133772451f,-0.9951176486953912f,-0.02433228286859295f,0f,0f,0f,1f],start_interpolation:0}
execute if entity @s[tag=aj.labyria.bone.ribbon_right_himo_1] run data modify entity @s {} merge value {transformation:[-0.9999787939846942f,0.0002118250133761098f,-0.006508971583898793f,-0.31553264372694734f,0.0008518230440999598f,0.9951385711817352f,-0.09848095523437991f,1.8854004737127787f,0.006456467952203754f,-0.09848441133772451f,-0.9951176486953912f,0.05615670475645131f,0f,0f,0f,1f],start_interpolation:0}
execute if entity @s[tag=aj.labyria.bone.ribbon_right_himo_2] run data modify entity @s {} merge value {transformation:[-0.9999787939846942f,0.0002118250133761098f,-0.006508971583898793f,-0.3163971165154339f,0.0008518230440999598f,0.9951385711817352f,-0.09848095523437991f,1.8723209718457128f,0.006456467952203754f,-0.09848441133772451f,-0.9951176486953912f,-0.07600735796090534f,0f,0f,0f,1f],start_interpolation:0}
execute if entity @s[tag=aj.labyria.bone.ribbon_right] run data modify entity @s {} merge value {transformation:[-0.9999787939846942f,0.0002118250133761098f,-0.006508971583898793f,-0.3154109937184092f,0.0008518230440999598f,0.9951385711817352f,-0.09848095523437991f,1.9852573764709698f,0.006456467952203754f,-0.09848441133772451f,-0.9951176486953912f,-0.0204584020972707f,0f,0f,0f,1f],start_interpolation:0}
execute if entity @s[tag=aj.labyria.bone.crown] run data modify entity @s {} merge value {transformation:[-0.9762294564477458f,0.21664182803110416f,-0.006508971583898793f,0.15349853584128176f,0.21621903959821762f,0.9713654453249551f,-0.09848095523437991f,2.2681288534397694f,-0.015012504087024078f,-0.09754737298355624f,-0.9951176486953912f,-0.034610193176680515f,0f,0f,0f,1f],start_interpolation:0}
execute if entity @s[tag=aj.labyria.bone.ear_edge_a1] run data modify entity @s {} merge value {transformation:[-0.9876342589284202f,0.15664036478452886f,-0.006508971583898793f,0.1798759674171892f,0.15651530571262226f,0.9827535095504916f,-0.09848095523437991f,2.262902979164596f,-0.00902937808460117f,-0.09828191891879848f,-0.9951176486953912f,-0.05117498416761562f,0f,0f,0f,1f],start_interpolation:0}
execute if entity @s[tag=aj.labyria.bone.ear_edge_a2] run data modify entity @s {} merge value {transformation:[-0.9999787939846944f,0.0002118250133761046f,-0.006508971583898793f,0.0646955327071948f,0.0008518230440999752f,0.9951385711817352f,-0.09848095523437991f,2.2730294886883833f,0.006456467952203754f,-0.09848441133772451f,-0.9951176486953912f,-0.051423760937748f,0f,0f,0f,1f],start_interpolation:0}
execute if entity @s[tag=aj.labyria.bone.ear_edge_b1] run data modify entity @s {} merge value {transformation:[-0.9702239050612027f,0.24212229830544407f,-0.006508971583898793f,0.04235860894472203f,0.2415723297838639f,0.9653726280244951f,-0.09848095523437991f,2.268749830269457f,-0.017560852216978486f,-0.09712096439167703f,-0.9951176486953912f,-0.05085412452143327f,0f,0f,0f,1f],start_interpolation:0}
execute if entity @s[tag=aj.labyria.bone.ear_edge_b2] run data modify entity @s {} merge value {transformation:[-0.9975576720672901f,-0.0695436854689856f,-0.006508971583898793f,0.07146753286020883f,-0.06856760956642806f,0.9927738838096366f,-0.09848095523437991f,2.278677594340254f,0.013310665574458745f,-0.09779412782432734f,-0.9951176486953912f,-0.05202701583651302f,0f,0f,0f,1f],start_interpolation:0}
execute if entity @s[tag=aj.labyria.bone.ear_right_2] run data modify entity @s {} merge value {transformation:[-0.996155111005357f,0.08736491347689199f,-0.006508971583898793f,0.12907092809906903f,0.0875806229084322f,0.9912775272077416f,-0.09848095523437991f,2.379778857605399f,-0.0021515828768206187f,-0.09867236667922852f,-0.9951176486953912f,-0.09381251516818861f,0f,0f,0f,1f],start_interpolation:0}
execute if entity @s[tag=aj.labyria.bone.ear_right_1] run data modify entity @s {} merge value {transformation:[-0.996155111005357f,0.08736491347689199f,-0.006508971583898793f,0.10941382256676836f,0.0875806229084322f,0.9912775272077416f,-0.09848095523437991f,2.1567414139836574f,-0.0021515828768206187f,-0.09867236667922852f,-0.9951176486953912f,-0.07161123266536223f,0f,0f,0f,1f],start_interpolation:0}
execute if entity @s[tag=aj.labyria.bone.ear_edge_a3] run data modify entity @s {} merge value {transformation:[-0.9877005323937194f,-0.1562219305926129f,-0.006508971583898793f,-0.2105922996871485f,-0.15483263433480665f,0.9830200185149172f,-0.09848095523437991f,2.263235596085985f,0.021783334320236793f,-0.0962618906984937f,-0.9951176486953912f,-0.04865388485223325f,0f,0f,0f,1f],start_interpolation:0}
execute if entity @s[tag=aj.labyria.bone.ear_edge_a4] run data modify entity @s {} merge value {transformation:[-0.9999787939846944f,0.00021182501337611848f,-0.006508971583898793f,-0.09540759569368022f,0.0008518230440999752f,0.9951385711817353f,-0.09848095523437991f,2.273165871114716f,0.006456467952203754f,-0.09848441133772451f,-0.9951176486953912f,-0.05039003829904209f,0f,0f,0f,1f],start_interpolation:0}
execute if entity @s[tag=aj.labyria.bone.ear_edge_b3] run data modify entity @s {} merge value {transformation:[-0.9703263952787454f,-0.24171123249504967f,-0.006508971583898793f,-0.07307250196586924f,-0.23991928926539666f,0.9657847773155834f,-0.09848095523437991f,2.2688481592349024f,0.030090218738700956f,-0.09399704245992575f,-0.9951176486953912f,-0.050108831448455446f,0f,0f,0f,1f],start_interpolation:0}
execute if entity @s[tag=aj.labyria.bone.ear_edge_b4] run data modify entity @s {} merge value {transformation:[-0.9975281197353222f,0.06996630350556522f,-0.006508971583898793f,-0.10217718888183333f,0.0702671056583821f,0.992655043466016f,-0.09848095523437991f,2.2788255120524656f,-0.00042918493291248423f,-0.0986948886987027f,-0.9951176486953912f,-0.050905860480278536f,0f,0f,0f,1f],start_interpolation:0}
execute if entity @s[tag=aj.labyria.bone.ear_left_2] run data modify entity @s {} merge value {transformation:[-0.9961920345381037f,-0.08694287556639499f,-0.006508971583898793f,-0.16014302293184401f,-0.08588345970794269f,0.9914260097479379f,-0.09848095523437991f,2.3800252219379683f,0.015015381161589916f,-0.09754693015942698f,-0.9951176486953912f,-0.09194517496318233f,0f,0f,0f,1f],start_interpolation:0}
execute if entity @s[tag=aj.labyria.bone.ear_left_1] run data modify entity @s {} merge value {transformation:[-0.9961920345381037f,-0.08694287556639499f,-0.006508971583898793f,-0.14058087592940516f,-0.08588345970794269f,0.9914260097479379f,-0.09848095523437991f,2.1569543697446827f,0.015015381161589916f,-0.09754693015942698f,-0.9951176486953912f,-0.06999711567731129f,0f,0f,0f,1f],start_interpolation:0}
execute if entity @s[tag=aj.labyria.bone.head] run data modify entity @s {} merge value {transformation:[-0.9999787939846942f,0.0002118250133761098f,-0.006508971583898793f,-0.01548868163867682f,0.0008518230440999598f,0.9951385711817352f,-0.09848095523437991f,1.6499169039846049f,0.006456467952203754f,-0.09848441133772451f,-0.9951176486953912f,0.010766513160978035f,0f,0f,0f,1f],start_interpolation:0}
execute if entity @s[tag=aj.labyria.bone.back_musket] run data modify entity @s {} merge value {transformation:[0.2079019914796979f,1.0454858484805774f,1.2273519231217354f,-0.08875111207873204f,-0.153600948479636f,1.244728950248403f,-1.034269418316458f,1.5968263296101515f,-1.6049424136678336f,0.016304038314332466f,0.2579741610505072f,-0.22074151185384294f,0f,0f,0f,1f],start_interpolation:0}
execute if entity @s[tag=aj.labyria.bone.body_1] run data modify entity @s {} merge value {transformation:[-0.9930014326905267f,0.01802522773589202f,0.11671866105996334f,-0.022248142039636327f,0.016924199359750227f,0.9998025043531585f,-0.010417474030858881f,1.2749909648521704f,-0.1168833869743378f,-0.008369196748877317f,-0.9931103817779703f,0.013904961941807029f,0f,0f,0f,1f],start_interpolation:0}
execute if entity @s[tag=aj.labyria.bone.belt2] run data modify entity @s {} merge value {transformation:[-0.8368487148687267f,-0.03860866019384224f,0.5460710574463701f,0.22581043464052827f,-0.05889200468356805f,0.9980702494604454f,-0.019685246412351837f,0.4886974548875902f,-0.5442572555390612f,-0.048632792434743465f,-0.8375075470066452f,0.2897832861674359f,0f,0f,0f,1f],start_interpolation:0}
execute if entity @s[tag=aj.labyria.bone.leg_left_2] run data modify entity @s {} merge value {transformation:[-0.9688073053357479f,-0.17114334355798957f,0.17922712150754044f,0.16694190656220864f,-0.1666941739522236f,0.9852086348636027f,0.03971143614354025f,0.6004480775396507f,-0.18337245567007202f,0.008596612471701542f,-0.9830059210175383f,0.12429541306182472f,0f,0f,0f,1f],start_interpolation:0}
execute if entity @s[tag=aj.labyria.bone.leg_left_1] run data modify entity @s {} merge value {transformation:[-0.9688073053357479f,-0.12871056316960666f,0.21176873248109457f,0.11760305638690434f,-0.1666941739522236f,0.9707909133034226f,-0.17256319137606524f,0.9719446215613422f,-0.18337245567007202f,-0.20248109436702827f,-0.9619646297684016f,0.04725837391938313f,0f,0f,0f,1f],start_interpolation:0}
execute if entity @s[tag=aj.labyria.bone.belt] run data modify entity @s {} merge value {transformation:[-0.9277665136419994f,0.1790491853554499f,-0.32739988605391956f,-0.27020662934519896f,0.3431362074714993f,0.7541455754972518f,-0.5599303475254711f,0.8935464906343653f,0.14665210290563838f,-0.6318273816332024f,-0.7611092697713553f,0.22116478482771731f,0f,0f,0f,1f],start_interpolation:0}
execute if entity @s[tag=aj.labyria.bone.leg_right_2] run data modify entity @s {} merge value {transformation:[-0.9542397235776159f,0.13507425159753192f,0.2667986066340709f,-0.226477745552069f,0.1979504248007628f,0.954042773910218f,0.22498447695539836f,0.7324033523796605f,-0.22414767290273746f,0.2675020226186399f,-0.937123518340685f,0.19941041820318944f,0f,0f,0f,1f],start_interpolation:0}
execute if entity @s[tag=aj.labyria.bone.leg_right_1] run data modify entity @s {} merge value {transformation:[-0.9542397235776159f,0.2911781219239999f,0.06813113281993266f,-0.12296120064814216f,0.1979504248007628f,0.7858147151596538f,-0.5859273528004556f,0.9797454845766572f,-0.22414767290273746f,-0.5456285684890081f,-0.8074944495047153f,-0.022845375979997203f,0f,0f,0f,1f],start_interpolation:0}
execute if entity @s[tag=aj.labyria.bone.skirt_forward_right] run data modify entity @s {} merge value {transformation:[-0.9658152319880982f,0.16764342036037339f,0.1977286556613665f,-0.0031698596569037993f,0.08038748194984105f,0.9188331231739665f,-0.3863722874432618f,1.1904565573395625f,-0.24645241002177293f,-0.35726933169284164f,-0.9008994584448423f,0.01444264534494965f,0f,0f,0f,1f],start_interpolation:0}
execute if entity @s[tag=aj.labyria.bone.skirt_forward_left] run data modify entity @s {} merge value {transformation:[-0.9802533028825935f,-0.0026155148853164584f,0.1977286556613665f,-0.0031698596569037993f,-0.08038748194984105f,0.9188331231739665f,-0.3863722874432618f,1.1904565573395625f,-0.18066907575324154f,-0.3946376196465046f,-0.9008994584448423f,0.01444264534494965f,0f,0f,0f,1f],start_interpolation:0}
execute if entity @s[tag=aj.labyria.bone.skirt_forward] run data modify entity @s {} merge value {transformation:[-0.9767511002610588f,0.08282914263204527f,0.1977286556613665f,-0.0031698596569037993f,0f,0.9223429164339375f,-0.3863722874432618f,1.1904565573395625f,-0.2143765102309741f,-0.37738955687058806f,-0.9008994584448423f,0.01444264534494965f,0f,0f,0f,1f],start_interpolation:0}
execute if entity @s[tag=aj.labyria.bone.skirt_back_right] run data modify entity @s {} merge value {transformation:[-0.9714939046437497f,0.10273589489601563f,0.21364673912783166f,-0.0031698596569037993f,0.08685905099508871f,0.9928034958420785f,-0.08244224586933964f,1.1904565573395625f,-0.2205790073879958f,-0.06153498633836606f,-0.9734260870533846f,0.01444264534494965f,0f,0f,0f,1f],start_interpolation:0}
execute if entity @s[tag=aj.labyria.bone.skirt_back_left] run data modify entity @s {} merge value {transformation:[-0.9745746302269419f,-0.06752304034967423f,0.21364673912783166f,-0.0031698596569037993f,-0.08685905099508871f,0.9928034958420785f,-0.08244224586933964f,1.1904565573395625f,-0.20654247838701867f,-0.09890327429202904f,-0.9734260870533846f,0.01444264534494965f,0f,0f,0f,1f],start_interpolation:0}
execute if entity @s[tag=aj.labyria.bone.skirt_back] run data modify entity @s {} merge value {transformation:[-0.9767511002610588f,0.01767368096507297f,0.21364673912783166f,-0.0031698596569037993f,0f,0.9965958439086626f,-0.08244224586933964f,1.1904565573395625f,-0.2143765102309741f,-0.08052555436087022f,-0.9734260870533846f,0.01444264534494965f,0f,0f,0f,1f],start_interpolation:0}
execute if entity @s[tag=aj.labyria.bone.skirt_right] run data modify entity @s {} merge value {transformation:[-0.9698768791747369f,0.1212185805817305f,0.2112933859921401f,-0.19150971114479715f,0.08590228460185027f,0.981867605925839f,-0.16898757922890095f,1.2150970118563011f,-0.2279465655421369f,-0.1457465613838346f,-0.9627036424062871f,-0.031219273610858626f,0f,0f,0f,1f],start_interpolation:0}
execute if entity @s[tag=aj.labyria.bone.skirt_left] run data modify entity @s {} merge value {transformation:[-0.9761916556959548f,-0.049040354663959354f,0.2112933859921401f,0.18698134020636314f,-0.08590228460185027f,0.981867605925839f,-0.16898757922890095f,1.2150970118563011f,-0.19917492023287756f,-0.18311484933749758f,-0.9627036424062871f,0.051851624103643836f,0f,0f,0f,1f],start_interpolation:0}
execute if entity @s[tag=aj.labyria.bone.coat_downer] run data modify entity @s {} merge value {transformation:[-0.9767511002610588f,0.04357893184537934f,0.2099003688372813f,-0.008320881599372483f,0f,0.9791201872403366f,-0.2032822150077283f,1.0503139722756105f,-0.2143765102309741f,-0.19855612717230375f,-0.9563567201748128f,0.037911944030492875f,0f,0f,0f,1f],start_interpolation:0}
execute if entity @s[tag=aj.labyria.bone.body_2] run data modify entity @s {} merge value {transformation:[-0.9767511002610588f,0.03622696750747203f,0.2112933859921401f,0f,0f,0.9856181806695511f,-0.16898757922890095f,1.276698148148148f,-0.2143765102309741f,-0.16505880394228187f,-0.9627036424062871f,0f,0f,0f,0f,1f],start_interpolation:0}
execute if entity @s[tag=aj.labyria.bone.sphere] run data modify entity @s {} merge value {transformation:[-0.982895486655746f,0f,-0.1841642264712783f,0.6514836015835097f,0f,1f,0f,2.245448148148148f,0.1841642264712783f,0f,-0.982895486655746f,-0.487138940096568f,0f,0f,0f,1f],start_interpolation:0}