execute if entity @s[tag=aj.labyria.bone.wing_right_1] run data modify entity @s {} merge value {transformation:[-0.8011992141221657f,-0.14127303837215638f,-0.07117718991058741f,0.00663053019082549f,-0.14974879549521272f,0.7957658357982778f,0.10619075886557086f,1.0037920155400328f,0.0509858998371271f,0.11723100123180763f,-0.8065988933865648f,-0.3346011701349487f,0f,0f,0f,1f],start_interpolation:0}
execute if entity @s[tag=aj.labyria.bone.wing_right_2] run data modify entity @s {} merge value {transformation:[-0.7780647248488151f,0.1724927966897299f,-0.06972459419812645f,0.00663053019082549f,0.1627851959764055f,0.776324719756812f,0.10402360052137555f,1.0037920155400328f,0.09009030978335658f,0.08698370298316219f,-0.7901376914807166f,-0.3346011701349487f,0f,0f,0f,1f],start_interpolation:0}
execute if entity @s[tag=aj.labyria.bone.wing_left_1] run data modify entity @s {} merge value {transformation:[-0.8011992141221657f,0.14127303837215638f,0.07117718991058761f,-0.0441305301908254f,0.14974879549521272f,0.7957658357982778f,0.10619075886557086f,1.0037920155400328f,-0.05098589983712729f,0.11723100123180769f,-0.8065988933865648f,-0.33460117013494867f,0f,0f,0f,1f],start_interpolation:0}
execute if entity @s[tag=aj.labyria.bone.wing_left_2] run data modify entity @s {} merge value {transformation:[-0.7780647248488151f,-0.1724927966897299f,0.06972459419812664f,-0.0441305301908254f,-0.1627851959764055f,0.776324719756812f,0.10402360052137555f,1.0037920155400328f,-0.09009030978335675f,0.08698370298316214f,-0.7901376914807166f,-0.33460117013494867f,0f,0f,0f,1f],start_interpolation:0}
execute if entity @s[tag=aj.labyria.bone.musket] run data modify entity @s {} merge value {transformation:[-9.586676316615064e-11f,-1.1493904954447632e-10f,-6.344403057898841e-11f,-0.16035727267916902f,7.99115648993994e-11f,1.124279065917193e-11f,-1.4111806354883537e-10f,1.000310551473569f,1.0416463853738597e-10f,-1.1440795843933442e-10f,4.9870968813221127e-11f,0.5109920523158095f,0f,0f,0f,1f],start_interpolation:0}
execute if entity @s[tag=aj.labyria.bone.omega_blade] run data modify entity @s {} merge value {transformation:[-0.000010579781284833625f,-0.00001268458394865866f,-0.000007001633779902092f,-0.16035727267916902f,0.00000881897803620588f,0.0000012407456169043575f,-0.000015573679535819458f,1.000310551473569f,0.000011495528345202457f,-0.000012625973148114744f,0.000005503721259391971f,0.5109920523158095f,0f,0f,0f,1f],start_interpolation:0}
execute if entity @s[tag=aj.labyria.bone.arm_right_2] run data modify entity @s {} merge value {transformation:[0.5178833323834273f,-0.8423633979157831f,-0.14906629361197954f,-0.312173271677437f,0.2412952776570399f,0.31102219550225335f,-0.9192615421550988f,0.9218809958137772f,0.8207152021376534f,0.44010123807680246f,0.3643315210401334f,0.2509873118596678f,0f,0f,0f,1f],start_interpolation:0}
execute if entity @s[tag=aj.labyria.bone.arm_right_1] run data modify entity @s {} merge value {transformation:[0.10690849325003429f,-0.8423633979157831f,-0.5281992805019557f,-0.3171875f,-0.7039771865773906f,0.31102219550225335f,-0.6384992675669569f,1.1735942115006521f,0.7021301124788695f,0.44010123807680246f,-0.5597537006520603f,0.06350272365865825f,0f,0f,0f,1f],start_interpolation:0}
execute if entity @s[tag=aj.labyria.bone.arm_left_2] run data modify entity @s {} merge value {transformation:[0.5178833323834277f,0.8423633979157831f,0.1490662936119795f,0.2796251399321429f,-0.2412952776570399f,0.31102219550225335f,-0.9192615421550988f,0.915895065180337f,-0.8207152021376531f,0.4401012380768027f,0.3643315210401335f,0.24573962091605484f,0f,0f,0f,1f],start_interpolation:0}
execute if entity @s[tag=aj.labyria.bone.arm_left_1] run data modify entity @s {} merge value {transformation:[0.10690849325003446f,0.8423633979157831f,0.528199280501956f,0.27968750000000003f,0.7039771865773906f,0.31102219550225335f,-0.6384992675669569f,1.1735942115006521f,-0.7021301124788695f,0.4401012380768027f,-0.5597537006520601f,0.06350272365865832f,0f,0f,0f,1f],start_interpolation:0}
execute if entity @s[tag=aj.labyria.bone.himo_right_2] run data modify entity @s {} merge value {transformation:[-1f,1.5984848350717833e-17f,1.2141697760125282e-16f,-0.17500000000000004f,0f,0.9914448613738104f,-0.13052619222005157f,0.8035265808710874f,-1.2246467991473532e-16f,-0.13052619222005157f,-0.9914448613738104f,0.24744303122369346f,0f,0f,0f,1f],start_interpolation:0}
execute if entity @s[tag=aj.labyria.bone.himo_right_1] run data modify entity @s {} merge value {transformation:[-1f,0f,1.2246467991473532e-16f,-0.17500000000000004f,0f,1f,0f,0.9910265808710874f,-1.2246467991473532e-16f,0f,-1f,0.24119303122369348f,0f,0f,0f,1f],start_interpolation:0}
execute if entity @s[tag=aj.labyria.bone.himo_left_2] run data modify entity @s {} merge value {transformation:[-1f,1.5984848350717833e-17f,1.2141697760125282e-16f,0.13749999999999996f,0f,0.9914448613738104f,-0.13052619222005157f,0.8035265808710874f,-1.2246467991473532e-16f,-0.13052619222005157f,-0.9914448613738104f,0.24744303122369352f,0f,0f,0f,1f],start_interpolation:0}
execute if entity @s[tag=aj.labyria.bone.himo_left_1] run data modify entity @s {} merge value {transformation:[-1f,0f,1.2246467991473532e-16f,0.13749999999999996f,0f,1f,0f,0.9910265808710874f,-1.2246467991473532e-16f,0f,-1f,0.24119303122369354f,0f,0f,0f,1f],start_interpolation:0}
execute if entity @s[tag=aj.labyria.bone.ribbon_left_himo_1] run data modify entity @s {} merge value {transformation:[-1f,-6.123233995736765e-17f,1.0605752387249069e-16f,0.28178125000000004f,0f,0.8660254037844387f,0.5f,1.36884157373937f,-1.2246467991473532e-16f,0.5f,-0.8660254037844387f,0.23978971946025152f,0f,0f,0f,1f],start_interpolation:0}
execute if entity @s[tag=aj.labyria.bone.ribbon_left_himo_2] run data modify entity @s {} merge value {transformation:[-1f,-6.123233995736765e-17f,1.0605752387249069e-16f,0.28178125000000004f,0f,0.8660254037844387f,0.5f,1.43524782373937f,-1.2246467991473532e-16f,0.5f,-0.8660254037844387f,0.12477072052013073f,0f,0f,0f,1f],start_interpolation:0}
execute if entity @s[tag=aj.labyria.bone.ribbon_left] run data modify entity @s {} merge value {transformation:[-1f,-6.123233995736765e-17f,1.0605752387249069e-16f,0.28125f,0f,0.8660254037844387f,0.5f,1.4946374285826154f,-1.2246467991473532e-16f,0.5f,-0.8660254037844387f,0.23573865749019113f,0f,0f,0f,1f],start_interpolation:0}
execute if entity @s[tag=aj.labyria.bone.ribbon_right_himo_1] run data modify entity @s {} merge value {transformation:[-1f,-6.123233995736765e-17f,1.0605752387249069e-16f,-0.31928125f,0f,0.8660254037844387f,0.5f,1.36884157373937f,-1.2246467991473532e-16f,0.5f,-0.8660254037844387f,0.23978971946025146f,0f,0f,0f,1f],start_interpolation:0}
execute if entity @s[tag=aj.labyria.bone.ribbon_right_himo_2] run data modify entity @s {} merge value {transformation:[-1f,-6.123233995736765e-17f,1.0605752387249069e-16f,-0.31928125f,0f,0.8660254037844387f,0.5f,1.43524782373937f,-1.2246467991473532e-16f,0.5f,-0.8660254037844387f,0.12477072052013068f,0f,0f,0f,1f],start_interpolation:0}
execute if entity @s[tag=aj.labyria.bone.ribbon_right] run data modify entity @s {} merge value {transformation:[-1f,-6.123233995736765e-17f,1.0605752387249069e-16f,-0.31875f,0f,0.8660254037844387f,0.5f,1.4946374285826154f,-1.2246467991473532e-16f,0.5f,-0.8660254037844387f,0.23573865749019107f,0f,0f,0f,1f],start_interpolation:0}
execute if entity @s[tag=aj.labyria.bone.crown] run data modify entity @s {} merge value {transformation:[-0.9762960071199334f,0.21643961393810282f,1.0605752387249069e-16f,0.14999999999999997f,0.18744220405569356f,0.8454971437791755f,0.5f,1.7312999788336962f,0.10821980696905131f,0.4881480035599667f,-0.8660254037844387f,0.3918058462064963f,0f,0f,0f,1f],start_interpolation:0}
execute if entity @s[tag=aj.labyria.bone.ear_edge_a1] run data modify entity @s {} merge value {transformation:[-0.9876883405951377f,0.1564344650402308f,1.0605752387249069e-16f,0.1764882737779908f,0.13547622075226862f,0.8553631939770864f,0.5f,1.7366273279051743f,0.07821723252011531f,0.49384417029756883f,-0.8660254037844387f,0.37545159100524084f,0f,0f,0f,1f],start_interpolation:0}
execute if entity @s[tag=aj.labyria.bone.ear_edge_a2] run data modify entity @s {} merge value {transformation:[-1f,-5.551115123125783e-17f,1.0605752387249069e-16f,0.06130326181113273f,0f,0.8660254037844387f,0.5f,1.7453545973748348f,-1.249000902703301e-16f,0.5f,-0.8660254037844387f,0.3804902823828398f,0f,0f,0f,1f],start_interpolation:0}
execute if entity @s[tag=aj.labyria.bone.ear_edge_b1] run data modify entity @s {} merge value {transformation:[-0.9702957262759965f,0.24192189559966767f,1.0605752387249069e-16f,0.03896677939820291f,0.20951050732099907f,0.8403007481384851f,0.5f,1.7416136404367428f,0.12096094779983374f,0.4851478631379983f,-0.8660254037844387f,0.37833043988760556f,0f,0f,0f,1f],start_interpolation:0}
execute if entity @s[tag=aj.labyria.bone.ear_edge_b2] run data modify entity @s {} merge value {transformation:[-0.9975640502598243f,-0.06975647374412533f,1.0605752387249069e-16f,0.06807420206637896f,-0.060410878340834695f,0.8639158094271046f,0.5f,1.7502749150520698f,-0.03487823687206276f,0.4987820251299121f,-0.8660254037844387f,0.38333102911828987f,0f,0f,0f,1f],start_interpolation:0}
execute if entity @s[tag=aj.labyria.bone.ear_right_2] run data modify entity @s {} merge value {transformation:[-0.9961946980917455f,0.08715574274765812f,1.0605752387249069e-16f,0.125860042118223f,0.07547908730517335f,0.862729915662821f,0.5f,1.8566049812863465f,0.043577871373828965f,0.4980973490458728f,-0.8660254037844387f,0.40863632965724866f,0f,0f,0f,1f],start_interpolation:0}
execute if entity @s[tag=aj.labyria.bone.ear_right_1] run data modify entity @s {} merge value {transformation:[-0.9961946980917455f,0.08715574274765812f,1.0605752387249069e-16f,0.10624999999999996f,0.07547908730517335f,0.862729915662821f,0.5f,1.6624907502622122f,0.043577871373828965f,0.4980973490458728f,-0.8660254037844387f,0.29656442612192746f,0f,0f,0f,1f],start_interpolation:0}
execute if entity @s[tag=aj.labyria.bone.ear_edge_a3] run data modify entity @s {} merge value {transformation:[-0.9876883405951377f,-0.15643446504023092f,1.0605752387249069e-16f,-0.2139882737779909f,-0.13547622075226862f,0.8553631939770864f,0.5f,1.7366273279051743f,-0.07821723252011556f,0.49384417029756883f,-0.8660254037844387f,0.3754515910052408f,0f,0f,0f,1f],start_interpolation:0}
execute if entity @s[tag=aj.labyria.bone.ear_edge_a4] run data modify entity @s {} merge value {transformation:[-1f,-5.551115123125783e-17f,1.0605752387249069e-16f,-0.09880326181113283f,0f,0.8660254037844387f,0.5f,1.7453545973748348f,-1.249000902703301e-16f,0.5f,-0.8660254037844387f,0.3804902823828398f,0f,0f,0f,1f],start_interpolation:0}
execute if entity @s[tag=aj.labyria.bone.ear_edge_b3] run data modify entity @s {} merge value {transformation:[-0.9702957262759965f,-0.24192189559966776f,1.0605752387249069e-16f,-0.07646677939820301f,-0.20951050732099907f,0.8403007481384851f,0.5f,1.7416136404367428f,-0.12096094779983399f,0.48514786313799824f,-0.8660254037844387f,0.37833043988760556f,0f,0f,0f,1f],start_interpolation:0}
execute if entity @s[tag=aj.labyria.bone.ear_edge_b4] run data modify entity @s {} merge value {transformation:[-0.9975640502598243f,0.06975647374412523f,1.0605752387249069e-16f,-0.10557420206637907f,0.060410878340834695f,0.8639158094271046f,0.5f,1.7502749150520698f,0.03487823687206252f,0.49878202512991215f,-0.8660254037844387f,0.38333102911828987f,0f,0f,0f,1f],start_interpolation:0}
execute if entity @s[tag=aj.labyria.bone.ear_left_2] run data modify entity @s {} merge value {transformation:[-0.9961946980917455f,-0.08715574274765824f,1.0605752387249069e-16f,-0.1633600421182231f,-0.07547908730517335f,0.862729915662821f,0.5f,1.8566049812863465f,-0.043577871373829215f,0.4980973490458728f,-0.8660254037844387f,0.40863632965724866f,0f,0f,0f,1f],start_interpolation:0}
execute if entity @s[tag=aj.labyria.bone.ear_left_1] run data modify entity @s {} merge value {transformation:[-0.9961946980917455f,-0.08715574274765824f,1.0605752387249069e-16f,-0.14375000000000004f,-0.07547908730517335f,0.862729915662821f,0.5f,1.6624907502622122f,-0.043577871373829215f,0.4980973490458728f,-0.8660254037844387f,0.29656442612192746f,0f,0f,0f,1f],start_interpolation:0}
execute if entity @s[tag=aj.labyria.bone.head] run data modify entity @s {} merge value {transformation:[-1f,-6.123233995736765e-17f,1.0605752387249069e-16f,-0.01875000000000001f,0f,0.8660254037844387f,0.5f,1.203027730822687f,-1.2246467991473532e-16f,0.5f,-0.8660254037844387f,0.06737771999019107f,0f,0f,0f,1f],start_interpolation:0}
execute if entity @s[tag=aj.labyria.bone.back_musket] run data modify entity @s {} merge value {transformation:[0.021455443264204833f,1.0190085757155662f,1.2664192935980836f,-0.11766062499999998f,0.07619574082300229f,1.2645068553407464f,-1.0187606502519082f,1.1799791550763379f,-1.6236965583691338f,0.07280505504008232f,-0.03107331533390441f,-0.1594865783597927f,0f,0f,0f,1f],start_interpolation:0}
execute if entity @s[tag=aj.labyria.bone.body_1] run data modify entity @s {} merge value {transformation:[-1f,-1.598484835071783e-17f,1.2141697760125282e-16f,-0.018750000000000003f,0f,0.9914448613738105f,0.13052619222005157f,0.8312359078075082f,-1.2246467991473532e-16f,0.13052619222005157f,-0.9914448613738105f,0.018430397907671734f,0f,0f,0f,1f],start_interpolation:0}
execute if entity @s[tag=aj.labyria.bone.belt2] run data modify entity @s {} merge value {transformation:[-0.9203638919632243f,0.12005022916022706f,0.3721803982598807f,0.19374999999999992f,0.2065508142325645f,0.9573629402582626f,0.20197267577550937f,0.3051385180368619f,-0.3320648543736164f,0.26276252224895275f,-0.9059187542993011f,0.4458070099396708f,0f,0f,0f,1f],start_interpolation:0}
execute if entity @s[tag=aj.labyria.bone.leg_left_2] run data modify entity @s {} merge value {transformation:[-1f,-4.188538737676988e-17f,1.1507915602278503e-16f,0.12499999999999994f,0f,0.9396926207859084f,0.3420201433256685f,0.47027454544461356f,-1.2246467991473532e-16f,0.3420201433256685f,-0.9396926207859084f,0.3393012760178002f,0f,0f,0f,1f],start_interpolation:0}
execute if entity @s[tag=aj.labyria.bone.leg_left_1] run data modify entity @s {} merge value {transformation:[-1f,1.0605752387249069e-16f,6.123233995736765e-17f,0.12499999999999999f,0f,0.5f,-0.8660254037844387f,0.5297096638398224f,-1.2246467991473532e-16f,-0.8660254037844387f,-0.5f,0.0488566312034268f,0f,0f,0f,1f],start_interpolation:0}
execute if entity @s[tag=aj.labyria.bone.belt] run data modify entity @s {} merge value {transformation:[-0.9203638919632243f,-0.120050229160227f,-0.3721803982598805f,-0.19375000000000003f,0.16908098604293492f,0.7360023963915131f,-0.6555242883865545f,0.4378540785355508f,0.3526215060501204f,-0.6662495140595053f,-0.6570918189160613f,0.3039038554504857f,0f,0f,0f,1f],start_interpolation:0}
execute if entity @s[tag=aj.labyria.bone.leg_right_2] run data modify entity @s {} merge value {transformation:[-1f,-5.341834311772731e-18f,1.223481206754078e-16f,-0.12500000000000003f,0f,0.9990482215818578f,0.04361938736533605f,0.268511652248827f,-1.2246467991473532e-16f,0.04361938736533605f,-0.9990482215818578f,0.2680139673819011f,0f,0f,0f,1f],start_interpolation:0}
execute if entity @s[tag=aj.labyria.bone.leg_right_1] run data modify entity @s {} merge value {transformation:[-1f,7.455177354798983e-17f,9.715776287805221e-17f,-0.125f,0f,0.7933533402912352f,-0.6087614290087205f,0.5359247440023616f,-1.2246467991473532e-16f,-0.6087614290087205f,-0.7933533402912352f,0.031308874790263536f,0f,0f,0f,1f],start_interpolation:0}
execute if entity @s[tag=aj.labyria.bone.skirt_forward_right] run data modify entity @s {} merge value {transformation:[-0.9961946980917455f,0.08715574274765824f,1.0812989434095454e-16f,-2.7734167575027915e-18f,0.07695395326287668f,0.8795877106989324f,-0.46947156278589075f,0.7467314901997066f,-0.04091714275350827f,-0.4676850817521504f,-0.8829475928589271f,0.02264666644647054f,0f,0f,0f,1f],start_interpolation:0}
execute if entity @s[tag=aj.labyria.bone.skirt_forward_left] run data modify entity @s {} merge value {transformation:[-0.9961946980917455f,-0.08715574274765812f,1.0812989434095454e-16f,-2.7734167575027915e-18f,-0.07695395326287668f,0.8795877106989324f,-0.46947156278589075f,0.7467314901997066f,0.04091714275350802f,-0.4676850817521504f,-0.8829475928589271f,0.02264666644647054f,0f,0f,0f,1f],start_interpolation:0}
execute if entity @s[tag=aj.labyria.bone.skirt_forward] run data modify entity @s {} merge value {transformation:[-1f,5.749368466564468e-17f,1.0812989434095454e-16f,-2.7734167575027915e-18f,0f,0.8829475928589271f,-0.46947156278589075f,0.7467314901997066f,-1.2246467991473532e-16f,-0.46947156278589075f,-0.8829475928589271f,0.02264666644647054f,0f,0f,0f,1f],start_interpolation:0}
execute if entity @s[tag=aj.labyria.bone.skirt_back_right] run data modify entity @s {} merge value {transformation:[-0.9961946980917455f,0.08715574274765821f,1.2060416625018979e-16f,-2.7734167575027915e-18f,0.0858316511774313f,0.981060262190407f,-0.17364817766693033f,0.7467314901997066f,-0.015134435901338743f,-0.17298739392508944f,-0.9848077530122081f,0.02264666644647054f,0f,0f,0f,1f],start_interpolation:0}
execute if entity @s[tag=aj.labyria.bone.skirt_back_left] run data modify entity @s {} merge value {transformation:[-0.9961946980917455f,-0.08715574274765815f,1.2060416625018979e-16f,-2.7734167575027915e-18f,-0.0858316511774313f,0.981060262190407f,-0.17364817766693033f,0.7467314901997066f,0.0151344359013385f,-0.17298739392508944f,-0.9848077530122081f,0.02264666644647054f,0f,0f,0f,1f],start_interpolation:0}
execute if entity @s[tag=aj.labyria.bone.skirt_back] run data modify entity @s {} merge value {transformation:[-1f,2.1265768495757713e-17f,1.2060416625018979e-16f,-2.7734167575027915e-18f,0f,0.9848077530122081f,-0.17364817766693033f,0.7467314901997066f,-1.2246467991473532e-16f,-0.17364817766693033f,-0.9848077530122081f,0.02264666644647054f,0f,0f,0f,1f],start_interpolation:0}
execute if entity @s[tag=aj.labyria.bone.skirt_right] run data modify entity @s {} merge value {transformation:[-0.9961946980917455f,0.08715574274765821f,1.1829179713786698e-16f,-0.19375f,0.0841859828293692f,0.9622501868990583f,-0.25881904510252074f,0.7708796358569333f,-0.02255756611314996f,-0.25783416049629954f,-0.9659258262890683f,0.016176190318907498f,0f,0f,0f,1f],start_interpolation:0}
execute if entity @s[tag=aj.labyria.bone.skirt_left] run data modify entity @s {} merge value {transformation:[-0.9961946980917455f,-0.08715574274765815f,1.1829179713786698e-16f,0.19375f,-0.0841859828293692f,0.9622501868990583f,-0.25881904510252074f,0.7708796358569333f,0.022557566113149716f,-0.25783416049629954f,-0.9659258262890683f,0.016176190318907546f,0f,0f,0f,1f],start_interpolation:0}
execute if entity @s[tag=aj.labyria.bone.coat_downer] run data modify entity @s {} merge value {transformation:[-1f,3.580520723499546e-17f,1.1711355583995222e-16f,-7.280218988444837e-18f,0f,0.9563047559630355f,-0.2923717047227367f,0.6093889117742296f,-1.2246467991473532e-16f,-0.2923717047227367f,-0.9563047559630355f,0.059447499421985246f,0f,0f,0f,1f],start_interpolation:0}
execute if entity @s[tag=aj.labyria.bone.body_2] run data modify entity @s {} merge value {transformation:[-1f,3.169619151431765e-17f,1.1829179713786698e-16f,0f,0f,0.9659258262890683f,-0.25881904510252074f,0.83125f,-1.2246467991473532e-16f,-0.25881904510252074f,-0.9659258262890683f,0f,0f,0f,0f,1f],start_interpolation:0}
execute if entity @s[tag=aj.labyria.bone.sphere] run data modify entity @s {} merge value {transformation:[-1f,0f,1.2246467991473532e-16f,0.6250000000000001f,0f,1f,0f,1.8f,-1.2246467991473532e-16f,0f,-1f,-0.49999999999999994f,0f,0f,0f,1f],start_interpolation:0}