execute if entity @s[tag=aj.labyria.bone.wing_right_1] run data modify entity @s {} merge value {transformation:[-0.7992445188448419f,-0.14205937461968868f,-0.08928481183036917f,0.006639206239400577f,-0.15327956885554642f,0.7949476336889508f,0.10727570977737597f,1.0206973397459451f,0.06824966895435669f,0.12174497204995756f,-0.8046518432916314f,-0.3320336637380101f,0f,0f,0f,1f],start_interpolation:0}
execute if entity @s[tag=aj.labyria.bone.wing_right_2] run data modify entity @s {} merge value {transformation:[-0.7765904537257289f,0.17104837925686048f,-0.08746267281342286f,0.006639206239400577f,0.1592830360092734f,0.7769078201187753f,0.10508640957783769f,1.0206973397459451f,0.10740661814681225f,0.08459722803906627f,-0.7882303771020064f,-0.3320336637380101f,0f,0f,0f,1f],start_interpolation:0}
execute if entity @s[tag=aj.labyria.bone.wing_left_1] run data modify entity @s {} merge value {transformation:[-0.7996957341106087f,0.13987693251717515f,0.08868833654615732f,-0.04455158719178105f,0.15104029029423147f,0.7953424789166327f,0.1075249570240524f,1.020625648232735f,-0.06795592687597693f,0.12169317739616983f,-0.8046845388238149f,-0.3320242594528727f,0f,0f,0f,1f],start_interpolation:0}
execute if entity @s[tag=aj.labyria.bone.wing_left_2] run data modify entity @s {} merge value {transformation:[-0.776180674898696f,-0.17319269226522843f,0.08687837049419493f,-0.04455158719178105f,-0.16145765578792398f,0.7764257185205707f,0.10533057014601052f,1.020625648232735f,-0.10712135782033841f,0.0846604687309093f,-0.788262405378431f,-0.3320242594528727f,0f,0f,0f,1f],start_interpolation:0}
execute if entity @s[tag=aj.labyria.bone.musket] run data modify entity @s {} merge value {transformation:[-9.932236127524229e-11f,-1.1196790252244096e-10f,-6.344149873454592e-11f,-0.16623240506960418f,8.916300337527397e-11f,-2.084470057932571e-12f,-1.3591239906619432e-10f,1.0721139183053645f,9.279867340679566e-11f,-1.178363704276092e-10f,6.268622196811782e-11f,0.5361881847373364f,0f,0f,0f,1f],start_interpolation:0}
execute if entity @s[tag=aj.labyria.bone.omega_blade] run data modify entity @s {} merge value {transformation:[-0.000010961138399594159f,-0.000012356690478387433f,-0.000007001354367522201f,-0.16623240506960418f,0.000009839959577798255f,-2.3004049140044194e-7f,-0.000014999186459703846f,1.0721139183053645f,0.000010241189289608375f,-0.00001300433002376501f,0.000006918002612081405f,0.5361881847373364f,0f,0f,0f,1f],start_interpolation:0}
execute if entity @s[tag=aj.labyria.bone.arm_right_2] run data modify entity @s {} merge value {transformation:[0.4937284979627335f,-0.8565468706218116f,-0.15019863091068464f,-0.3103826285074655f,0.33148013326674386f,0.3450491951326531f,-0.8781013461940311f,0.965270338795973f,0.8039608768770559f,0.38375579652467723f,0.4542888916590255f,0.28200927055888814f,0f,0f,0f,1f],start_interpolation:0}
execute if entity @s[tag=aj.labyria.bone.arm_right_1] run data modify entity @s {} merge value {transformation:[0.10896954803307093f,-0.8565468706218116f,-0.5044334406335976f,-0.3175578090655237f,-0.6059203198766294f,0.3450491951326531f,-0.7167995667541318f,1.1896220833159568f,0.78802677845494f,0.38375579652467723f,-0.4813992989937142f,0.06427114625408681f,0f,0f,0f,1f],start_interpolation:0}
execute if entity @s[tag=aj.labyria.bone.arm_left_2] run data modify entity @s {} merge value {transformation:[0.496345199268024f,0.8550887904871199f,0.14988196538229523f,0.2772246703705366f,-0.326589897255246f,0.3438886418756101f,-0.8803860749692467f,0.9577057439680613f,-0.8043509695241209f,0.3880254661387861f,0.44995083670706126f,0.27504877700633923f,0f,0f,0f,1f],start_interpolation:0}
execute if entity @s[tag=aj.labyria.bone.arm_left_1] run data modify entity @s {} merge value {transformation:[0.10859300331892349f,0.8550887904871199f,0.5069819720793337f,0.2793165955273326f,0.6130036011613954f,0.3438886418756101f,-0.7113137050219891f,1.190457992009563f,-0.7825817175179455f,0.3880254661387861f,-0.48682860745280826f,0.0641614941718325f,0f,0f,0f,1f],start_interpolation:0}
execute if entity @s[tag=aj.labyria.bone.himo_right_2] run data modify entity @s {} merge value {transformation:[-0.9999990024592357f,-0.001412471965711954f,-0.0000018653035570999853f,-0.17481805046012497f,-0.001400475298188444f,0.9916756574784066f,-0.12875336513547508f,0.8194256913154319f,0.00018371029487631706f,-0.12875323408643327f,-0.9916766463736107f,0.24752333807239987f,0f,0f,0f,1f],start_interpolation:0}
execute if entity @s[tag=aj.labyria.bone.himo_right_1] run data modify entity @s {} merge value {transformation:[-0.9999990024592357f,-0.001400144601269039f,-0.0001862139329285417f,-0.1750817414099437f,-0.001400475298188444f,0.9999974212431126f,0.0017877852398198169f,1.0069363814562644f,0.00018371029487631706f,0.0017880442444444256f,-0.9999983845728488f,0.24160860646465293f,0f,0f,0f,1f],start_interpolation:0}
execute if entity @s[tag=aj.labyria.bone.himo_left_2] run data modify entity @s {} merge value {transformation:[-0.9999990024592357f,-0.001412471965711954f,-0.0000018653035570999853f,0.1376816378083862f,-0.001400475298188444f,0.9916756574784066f,-0.12875336513547508f,0.8198633398461157f,0.00018371029487631706f,-0.12875323408643327f,-0.9916766463736107f,0.24746592860525102f,0f,0f,0f,1f],start_interpolation:0}
execute if entity @s[tag=aj.labyria.bone.himo_left_1] run data modify entity @s {} merge value {transformation:[-0.9999990024592357f,-0.001400144601269039f,-0.0001862139329285417f,0.13741794685856745f,-0.001400475298188444f,0.9999974212431126f,0.0017877852398198169f,1.0073740299869482f,0.00018371029487631706f,0.0017880442444444256f,-0.9999983845728488f,0.24155119699750408f,0f,0f,0f,1f],start_interpolation:0}
execute if entity @s[tag=aj.labyria.bone.ribbon_left_himo_1] run data modify entity @s {} merge value {transformation:[-0.999873971826639f,-0.004828951823113062f,0.015123547464513557f,0.2792182628740351f,0.0030053616289836393f,0.8778188310663338f,0.47898336884156434f,1.3884830154706618f,-0.01558872236908382f,0.4789684551717629f,-0.8776936884159955f,0.24118252927614106f,0f,0f,0f,1f],start_interpolation:0}
execute if entity @s[tag=aj.labyria.bone.ribbon_left_himo_2] run data modify entity @s {} merge value {transformation:[-0.999873971826639f,-0.004828951823113062f,0.015123547464513557f,0.2812268590216658f,0.0030053616289836393f,0.8778188310663338f,0.47898336884156434f,1.452097994144932f,-0.01558872236908382f,0.4789684551717629f,-0.8776936884159955f,0.12461383628339168f,0f,0f,0f,1f],start_interpolation:0}
execute if entity @s[tag=aj.labyria.bone.ribbon_left] run data modify entity @s {} merge value {transformation:[-0.999873971826639f,-0.004828951823113062f,0.015123547464513557f,0.2791750814618647f,0.0030053616289836393f,0.8778188310663338f,0.47898336884156434f,1.5141457476399276f,-0.01558872236908382f,0.4789684551717629f,-0.8776936884159955f,0.23409971172155028f,0f,0f,0f,1f],start_interpolation:0}
execute if entity @s[tag=aj.labyria.bone.ribbon_right_himo_1] run data modify entity @s {} merge value {transformation:[-0.999873971826639f,-0.004828951823113062f,0.015123547464513557f,-0.32176848631701416f,0.0030053616289836393f,0.8778188310663338f,0.47898336884156434f,1.3902894256447829f,-0.01558872236908382f,0.4789684551717629f,-0.8776936884159955f,0.23181273283717363f,0f,0f,0f,1f],start_interpolation:0}
execute if entity @s[tag=aj.labyria.bone.ribbon_right_himo_2] run data modify entity @s {} merge value {transformation:[-0.999873971826639f,-0.004828951823113062f,0.015123547464513557f,-0.3197598901693835f,0.0030053616289836393f,0.8778188310663338f,0.47898336884156434f,1.453904404319053f,-0.01558872236908382f,0.4789684551717629f,-0.8776936884159955f,0.11524403984442425f,0f,0f,0f,1f],start_interpolation:0}
execute if entity @s[tag=aj.labyria.bone.ribbon_right] run data modify entity @s {} merge value {transformation:[-0.999873971826639f,-0.004828951823113062f,0.015123547464513557f,-0.3207493016341187f,0.0030053616289836393f,0.8778188310663338f,0.47898336884156434f,1.5159489646173179f,-0.01558872236908382f,0.4789684551717629f,-0.8776936884159955f,0.2247464783001f,0f,0f,0f,1f],start_interpolation:0}
execute if entity @s[tag=aj.labyria.bone.crown] run data modify entity @s {} merge value {transformation:[-0.9772181427858166f,0.21169785006543548f,0.015123547464513557f,0.14632059855854854f,0.19292889146192221f,0.8563605404340274f,0.47898336884156434f,1.754893810445848f,0.08844854012086817f,0.47098900737194765f,-0.8776936884159955f,0.3823655176676456f,0f,0f,0f,1f],start_interpolation:0}
execute if entity @s[tag=aj.labyria.bone.ear_edge_a1] run data modify entity @s {} merge value {transformation:[-0.9883192785328763f,0.15164525047736674f,0.015123547464513557f,0.17307722411882953f,0.1402894798803219f,0.8665412824603884f,0.47898336884156434f,1.75974588247816f,0.05953037472722183f,0.47551017213048347f,-0.8776936884159955f,0.36630278612300654f,0f,0f,0f,1f],start_interpolation:0}
execute if entity @s[tag=aj.labyria.bone.ear_edge_a2] run data modify entity @s {} merge value {transformation:[-0.9998739718266391f,-0.004828951823113062f,0.015123547464513557f,0.05785806551280028f,0.003005361628983627f,0.877818831066334f,0.47898336884156434f,1.768938171443735f,-0.015588722369083822f,0.47896845517176295f,-0.8776936884159955f,0.3693339474008073f,0f,0f,0f,1f],start_interpolation:0}
execute if entity @s[tag=aj.labyria.bone.ear_edge_b1] run data modify entity @s {} merge value {transformation:[-0.9713416708568009f,0.23720589530870997f,0.015123547464513557f,0.03554525767665827f,0.21527968514916868f,0.8510167974460086f,0.47898336884156434f,1.7652133998219977f,0.1007472859147723f,0.4685122983396835f,-0.8776936884159955f,0.36691675733105694f,0f,0f,0f,1f],start_interpolation:0}
execute if entity @s[tag=aj.labyria.bone.ear_edge_b2] run data modify entity @s {} merge value {transformation:[-0.9971014784336988f,-0.07456487120233343f,0.015123547464513557f,0.06460071678055992f,-0.05823550552227312f,0.8758901519424405f,0.47898336884156434f,1.7739051442770366f,-0.04896189949233251f,0.4767142977851914f,-0.8776936884159955f,0.3721607538594496f,0f,0f,0f,1f],start_interpolation:0}
execute if entity @s[tag=aj.labyria.bone.ear_right_2] run data modify entity @s {} merge value {transformation:[-0.9964900203764692f,0.08233418246507607f,0.015123547464513557f,0.12234611420792887f,0.07950087754010927f,0.8742165308683761f,0.47898336884156434f,1.8806399838612151f,0.026215448889087917f,0.47850448227186865f,-0.8776936884159955f,0.39579944303937015f,0f,0f,0f,1f],start_interpolation:0}
execute if entity @s[tag=aj.labyria.bone.ear_right_1] run data modify entity @s {} merge value {transformation:[-0.9964900203764692f,0.08233418246507607f,0.015123547464513557f,0.1038209231532868f,0.07950087754010927f,0.8742165308683761f,0.47898336884156434f,1.6839412644158307f,0.026215448889087917f,0.47850448227186865f,-0.8776936884159955f,0.28813593452819986f,0f,0f,0f,1f],start_interpolation:0}
execute if entity @s[tag=aj.labyria.bone.ear_edge_a3] run data modify entity @s {} merge value {transformation:[-0.9868084495425689f,-0.16118424930333555f,0.015123547464513557f,-0.2173501123911234f,-0.13435275859988358f,0.8674815667377532f,0.47898336884156434f,1.7609194057112028f,-0.09032397338465922f,0.4706329452415468f,-0.8776936884159955f,0.360215755631518f,0f,0f,0f,1f],start_interpolation:0}
execute if entity @s[tag=aj.labyria.bone.ear_edge_a4] run data modify entity @s {} merge value {transformation:[-0.9998739718266391f,-0.004828951823113062f,0.015123547464513557f,-0.10222828017674995f,0.003005361628983641f,0.877818831066334f,0.47898336884156434f,1.7694193494463795f,-0.015588722369083818f,0.47896845517176295f,-0.8776936884159955f,0.36683809125458067f,0f,0f,0f,1f],start_interpolation:0}
execute if entity @s[tag=aj.labyria.bone.ear_edge_b3] run data modify entity @s {} merge value {transformation:[-0.969005212499187f,-0.24657691794142858f,0.015123547464513557f,-0.07987375323918795f,-0.2094475060601353f,0.852470923010501f,0.47898336884156434f,1.7655603194103013f,-0.13099862730042242f,0.46096979180867204f,-0.8776936884159955f,0.36511729563090445f,0f,0f,0f,1f],start_interpolation:0}
execute if entity @s[tag=aj.labyria.bone.ear_edge_b4] run data modify entity @s {} merge value {transformation:[-0.9977751797358201f,0.06493049372398499f,0.015123547464513557f,-0.1090258027610182f,0.06423158696048185f,0.8754708650833127f,0.47898336884156434f,1.7744270205277515f,0.01786040144257415f,0.4788891263904783f,-0.8776936884159955f,0.3694537970975895f,0f,0f,0f,1f],start_interpolation:0}
execute if entity @s[tag=aj.labyria.bone.ear_left_2] run data modify entity @s {} merge value {transformation:[-0.9956482786107971f,-0.09195533487212748f,0.015123547464513557f,-0.16683752014960157f,-0.07351302689882554f,0.8747403999183748f,0.47898336884156434f,1.8815091948047107f,-0.05727425403729891f,0.47578718891873956f,-0.8776936884159955f,0.3912908714426451f,0f,0f,0f,1f],start_interpolation:0}
execute if entity @s[tag=aj.labyria.bone.ear_left_1] run data modify entity @s {} merge value {transformation:[-0.9956482786107971f,-0.09195533487212748f,0.015123547464513557f,-0.14614756980337293f,-0.07351302689882554f,0.8747403999183748f,0.47898336884156434f,1.6846926048230766f,-0.05727425403729891f,0.47578718891873956f,-0.8776936884159955f,0.2842387539359289f,0f,0f,0f,1f],start_interpolation:0}
execute if entity @s[tag=aj.labyria.bone.head] run data modify entity @s {} merge value {transformation:[-0.999873971826639f,-0.004828951823113062f,0.015123547464513557f,-0.019161096373963685f,0.0030053616289836393f,0.8778188310663338f,0.47898336884156434f,1.2194665534216584f,-0.01558872236908382f,0.4789684551717629f,-0.8776936884159955f,0.06814393871953567f,0f,0f,0f,1f],start_interpolation:0}
execute if entity @s[tag=aj.labyria.bone.back_musket] run data modify entity @s {} merge value {transformation:[0.021046381884355883f,1.0172506240818358f,1.2678386562333916f,-0.11808159666092186f,0.07912841289201265f,1.2658005310211309f,-1.0169288817635251f,1.196685099868974f,-1.6235616356356073f,0.07487872926764588f,-0.033127508516240654f,-0.15874303412082166f,0f,0f,0f,1f],start_interpolation:0}
execute if entity @s[tag=aj.labyria.bone.body_1] run data modify entity @s {} merge value {transformation:[-0.9999990024592357f,-0.0013638603745049888f,-0.00036737639027932013f,-0.018649648733524316f,-0.001400475298188444f,0.9912089518786849f,0.13229834611399371f,0.8477631964671517f,0.00018371029487631706f,0.13229872864256018f,-0.9912098731601142f,0.018531915478575602f,0f,0f,0f,1f],start_interpolation:0}
execute if entity @s[tag=aj.labyria.bone.belt2] run data modify entity @s {} merge value {transformation:[-0.9245880193587731f,0.11412494149907362f,0.36347282179834844f,0.198961649614807f,0.20162630904480616f,0.956090617781768f,0.21269123651586064f,0.3160497712815369f,-0.3232395798153272f,0.2699374526024695f,-0.9070005213467632f,0.44180719894761944f,0f,0f,0f,1f],start_interpolation:0}
execute if entity @s[tag=aj.labyria.bone.leg_left_2] run data modify entity @s {} merge value {transformation:[-0.9999356129130226f,-0.005157840293796245f,-0.010107755030737225f,0.1280210872951486f,-0.008368832360846117f,0.9367503677967961f,0.34989814386115753f,0.48149444838086075f,0.007663724497511418f,0.3499602050463322f,-0.9367332182701515f,0.3372345598706547f,0f,0f,0f,1f],start_interpolation:0}
execute if entity @s[tag=aj.labyria.bone.leg_left_1] run data modify entity @s {} merge value {transformation:[-0.9999356129130226f,-0.010873225076938062f,0.003246999335378297f,0.12526191901111522f,-0.008368832360846117f,0.5133665920170267f,-0.8581286062390298f,0.5462087611108664f,0.007663724497511418f,-0.8581005274309358f,-0.5134245340355058f,0.04789647166558503f,0f,0f,0f,1f],start_interpolation:0}
execute if entity @s[tag=aj.labyria.bone.belt] run data modify entity @s {} merge value {transformation:[-0.9190418194343161f,-0.11829663772663175f,-0.3759894142571519f,-0.1934814805291465f,0.17915062444855184f,0.7243113245256589f,-0.6657913779282363f,0.45959455887540185f,0.3510942720845158f,-0.6792488576850605f,-0.6444794810100507f,0.30615541836178256f,0f,0f,0f,1f],start_interpolation:0}
execute if entity @s[tag=aj.labyria.bone.leg_right_2] run data modify entity @s {} merge value {transformation:[-0.9999903342192225f,0.004117040037631815f,-0.0015431945620564156f,-0.12546547793138196f,0.004043006262438465f,0.9989677089537919f,0.04524566905212013f,0.29146517630802005f,0.0017278797671444654f,0.04523899257212349f,-0.998974698369568f,0.27437850631606064f,0f,0f,0f,1f],start_interpolation:0}
execute if entity @s[tag=aj.labyria.bone.leg_right_1] run data modify entity @s {} merge value {transformation:[-0.9999903342192225f,0.002085991506303312f,-0.003870414391696877f,-0.12482964637511354f,0.004043006262438465f,0.782206805153156f,-0.6230057528405774f,0.5524401727718381f,0.0017278797671444654f,-0.623015379113171f,-0.7822076781903781f,0.031712238352274894f,0f,0f,0f,1f],start_interpolation:0}
execute if entity @s[tag=aj.labyria.bone.skirt_forward_right] run data modify entity @s {} merge value {transformation:[-0.9964017986398198f,0.08461942782901122f,-0.004796676059811677f,0.00012254158859148593f,0.07699200732428543f,0.8800226706111669f,-0.4686494745740859f,0.7632548907891047f,-0.03543566671461377f,-0.4673324851155549f,-0.8833711914479725f,0.022567650549292714f,0f,0f,0f,1f],start_interpolation:0}
execute if entity @s[tag=aj.labyria.bone.skirt_forward_left] run data modify entity @s {} merge value {transformation:[-0.9959582258535297f,-0.08968948797638915f,-0.004796676059811677f,0.00012254158859148593f,-0.07699200732428543f,0.8800226706111669f,-0.4686494745740859f,0.7632548907891047f,0.04625411509116569f,-0.46638599352566623f,-0.8833711914479725f,0.022567650549292714f,0f,0f,0f,1f],start_interpolation:0}
execute if entity @s[tag=aj.labyria.bone.skirt_forward] run data modify entity @s {} merge value {transformation:[-0.9999852580573868f,-0.0025447134767379574f,-0.004796676059811677f,0.00012254158859148593f,0f,0.8833842142473642f,-0.4686494745740859f,0.7632548907891047f,0.005429886545910721f,-0.46864256577042607f,-0.8833711914479725f,0.022567650549292714f,0f,0f,0f,1f],start_interpolation:0}
execute if entity @s[tag=aj.labyria.bone.skirt_back_right] run data modify entity @s {} merge value {transformation:[-0.9962617566562726f,0.08622011502553827f,-0.005348269733367843f,0.00012254158859148593f,0.08584570176287407f,0.9812208611169022f,-0.1727314018869892f,0.7632548907891047f,-0.009645087505958022f,-0.1725448158421105f,-0.9849544450445485f,0.022567650549292714f,0f,0f,0f,1f],start_interpolation:0}
execute if entity @s[tag=aj.labyria.bone.skirt_back_left] run data modify entity @s {} merge value {transformation:[-0.9960982678370769f,-0.0880888007798621f,-0.005348269733367843f,0.00012254158859148593f,-0.08584570176287407f,0.9812208611169022f,-0.1727314018869892f,0.7632548907891047f,0.020463535882509945f,-0.17159832425222177f,-0.9849544450445485f,0.022567650549292714f,0f,0f,0f,1f],start_interpolation:0}
execute if entity @s[tag=aj.labyria.bone.skirt_back] run data modify entity @s {} merge value {transformation:[-0.9999852580573868f,-0.00093791191516246f,-0.005348269733367843f,0.00012254158859148593f,0f,0.9849689654005122f,-0.1727314018869892f,0.7632548907891047f,0.005429886545910721f,-0.17272885549057504f,-0.9849544450445485f,0.022567650549292714f,0f,0f,0f,1f],start_interpolation:0}
execute if entity @s[tag=aj.labyria.bone.skirt_right] run data modify entity @s {} merge value {transformation:[-0.9963020717114881f,0.08575931183583643f,-0.005246173542747736f,-0.19365961404248194f,0.08420694389013302f,0.96248977291991f,-0.25791980851664725f,0.7874090489763447f,-0.017069636905360664f,-0.25740780380171796f,-0.9661520843210428f,0.017171790910622133f,0f,0f,0f,1f],start_interpolation:0}
execute if entity @s[tag=aj.labyria.bone.skirt_left] run data modify entity @s {} merge value {transformation:[-0.9960579527818614f,-0.08854960396956393f,-0.005246173542747736f,0.19383467345475547f,-0.08420694389013302f,0.96248977291991f,-0.25791980851664725f,0.7874090489763447f,0.027888085281912587f,-0.2564613122118293f,-0.9661520843210428f,0.01506770987408173f,0f,0f,0f,1f],start_interpolation:0}
execute if entity @s[tag=aj.labyria.bone.coat_downer] run data modify entity @s {} merge value {transformation:[-0.9999852580573868f,-0.0015827109827322042f,-0.005194101832521299f,0.00032167167005265094f,0f,0.9565764935609948f,-0.2914814092983496f,0.6258781160991774f,0.005429886545910721f,-0.2914771122961409f,-0.9565623917652217f,0.059240082691893445f,0f,0f,0f,1f],start_interpolation:0}
execute if entity @s[tag=aj.labyria.bone.body_2] run data modify entity @s {} merge value {transformation:[-0.9999852580573868f,-0.0014004752981884119f,-0.005246173542747736f,0f,0f,0.9661663274895974f,-0.25791980851664725f,0.8477944444444444f,0.005429886545910721f,-0.2579160062776313f,-0.9661520843210428f,0f,0f,0f,0f,1f],start_interpolation:0}
execute if entity @s[tag=aj.labyria.bone.sphere] run data modify entity @s {} merge value {transformation:[-0.9998673251243672f,0f,0.016289019265846f,0.6268472222222223f,0f,1f,0f,1.8165444444444443f,-0.016289019265846f,0f,-0.9998673251243672f,-0.49680051388888885f,0f,0f,0f,1f],start_interpolation:0}