execute if entity @s[tag=aj.labyria.bone.wing_right_1] run data modify entity @s {} merge value {transformation:[-0.778386144542241f,0.02592748649486883f,0.2457381123740645f,0.19967437141938454f,-0.01862029764276956f,0.8036950924948201f,-0.14377735308414086f,1.7239567624436838f,-0.2463995514297959f,-0.142640836327629f,-0.7654314452068154f,-0.30427342305753347f,0f,0f,0f,1f],start_interpolation:0}
execute if entity @s[tag=aj.labyria.bone.wing_right_2] run data modify entity @s {} merge value {transformation:[-0.694739272955258f,0.3152614095682538f,0.24072304885622647f,0.19967437141938454f,0.2844322135733614f,0.7343442864483177f,-0.14084312138854616f,1.7239567624436838f,-0.2764699956511687f,-0.036724822637403516f,-0.7498103953046356f,-0.30427342305753347f,0f,0f,0f,1f],start_interpolation:0}
execute if entity @s[tag=aj.labyria.bone.wing_left_1] run data modify entity @s {} merge value {transformation:[-0.5519330508511803f,0.2604986535971052f,0.5426368982078608f,0.15338698732866576f,0.1870074024274645f,0.7740039027178949f,-0.18135775268580132f,1.729815656025076f,-0.5721386049375493f,0.001689525379298349f,-0.5827512391136992f,-0.33275379841998876f,0f,0f,0f,1f],start_interpolation:0}
execute if entity @s[tag=aj.labyria.bone.wing_left_2] run data modify entity @s {} merge value {transformation:[-0.5971671848649224f,0.02885264323557349f,0.5315626757954555f,0.15338698732866576f,-0.12090725742878994f,0.77059689643449f,-0.17765657405956048f,1.729815656025076f,-0.518433012472732f,-0.2129505768572898f,-0.5708583566828074f,-0.33275379841998876f,0f,0f,0f,1f],start_interpolation:0}
execute if entity @s[tag=aj.labyria.bone.musket] run data modify entity @s {} merge value {transformation:[-0.000010611105744426576f,-5.877116184532343e-7f,0.000012301410244221287f,-0.6235756464177443f,2.886231112254923e-7f,0.00001622140168361152f,0.000001023957118776004f,1.6778639446792134f,-0.000012312058952212818f,8.867843790689007e-7f,-0.000010577924271083413f,-0.5384102617378794f,0f,0f,0f,1f],start_interpolation:0}
execute if entity @s[tag=aj.labyria.bone.omega_blade] run data modify entity @s {} merge value {transformation:[0.034140914341517184f,0.0018909444978121473f,-0.039579418351232035f,-0.6235756464177443f,-0.0009286362000969977f,-0.05219187318629927f,-0.003294551305351021f,1.6778639446792134f,0.03961368024967535f,-0.002853202131275428f,0.034034153946661136f,-0.5384102617378794f,0f,0f,0f,1f],start_interpolation:0}
execute if entity @s[tag=aj.labyria.bone.arm_right_2] run data modify entity @s {} merge value {transformation:[-0.8143920066012106f,-0.39696784819070685f,0.4232991697214791f,-0.36600879602559455f,-0.5266358326629536f,0.8119574657254711f,-0.2517533984042084f,1.8327339891164782f,-0.24376291625153174f,-0.4279504660068853f,-0.8703091630593338f,-0.4579345217439684f,0f,0f,0f,1f],start_interpolation:0}
execute if entity @s[tag=aj.labyria.bone.arm_right_1] run data modify entity @s {} merge value {transformation:[-0.4314270380217f,-0.39696784819070685f,0.8101155709938319f,-0.2106350885799863f,-0.5766118280419349f,0.8119574657254711f,0.09079577971915093f,2.046594039046328f,-0.6938223912688033f,-0.4279504660068853f,-0.5791967610566627f,-0.19629934023427806f,0f,0f,0f,1f],start_interpolation:0}
execute if entity @s[tag=aj.labyria.bone.arm_left_2] run data modify entity @s {} merge value {transformation:[-0.4995941328005369f,0.6525725410501849f,0.569697095954143f,0.5625178561929084f,0.6182359076145085f,0.7292625135427693f,-0.2931902946506706f,1.71915036745003f,-0.6067866717449751f,0.20573105018102378f,-0.7677790502378067f,0.19939036236089064f,0f,0f,0f,1f],start_interpolation:0}
execute if entity @s[tag=aj.labyria.bone.arm_left_1] run data modify entity @s {} merge value {transformation:[-0.6935504493258132f,0.6525725410501849f,0.30518331033539037f,0.2959344022332989f,0.6842195899812099f,0.7292625135427693f,-0.004442862503745343f,1.9821472723490574f,-0.22545803806009554f,0.20573105018102378f,-0.9522832604144132f,0.11272992898154141f,0f,0f,0f,1f],start_interpolation:0}
execute if entity @s[tag=aj.labyria.bone.himo_right_2] run data modify entity @s {} merge value {transformation:[-0.8467861959407913f,0.5296416884438342f,0.04932362746684543f,-0.2950047778426909f,0.10718320565460014f,0.26071344544161074f,-0.9594478932133667f,1.7730549255611323f,-0.5210229349939669f,-0.8071605671911435f,-0.27753724071184366f,0.15745051757254902f,0f,0f,0f,1f],start_interpolation:0}
execute if entity @s[tag=aj.labyria.bone.himo_right_1] run data modify entity @s {} merge value {transformation:[-0.8467861959407913f,0.38719567922718706f,0.36473640393018214f,-0.2201259854630297f,0.10718320565460014f,0.795815166769009f,-0.5959781713838335f,1.9185454057591724f,-0.5210229349939669f,-0.46557247161769727f,-0.7153861718554956f,0.06568451557013397f,0f,0f,0f,1f],start_interpolation:0}
execute if entity @s[tag=aj.labyria.bone.himo_left_2] run data modify entity @s {} merge value {transformation:[-0.8467861959407913f,0.5296416884438342f,0.04932362746684543f,-0.030384091611193653f,0.10718320565460014f,0.26071344544161074f,-0.9594478932133667f,1.7395601737940698f,-0.5210229349939669f,-0.8071605671911435f,-0.27753724071184366f,0.3202701847581637f,0f,0f,0f,1f],start_interpolation:0}
execute if entity @s[tag=aj.labyria.bone.himo_left_1] run data modify entity @s {} merge value {transformation:[-0.8467861959407913f,0.38719567922718706f,0.36473640393018214f,0.04449470076846755f,0.10718320565460014f,0.795815166769009f,-0.5959781713838335f,1.88505065399211f,-0.5210229349939669f,-0.46557247161769727f,-0.7153861718554956f,0.22850418275574863f,0f,0f,0f,1f],start_interpolation:0}
execute if entity @s[tag=aj.labyria.bone.ribbon_left_himo_1] run data modify entity @s {} merge value {transformation:[-0.9986772414368454f,0.040797881393698804f,-0.0312937742990263f,0.3595067797092473f,0.03886232608780618f,0.9974327423147883f,0.06014685502539721f,2.2570377526914127f,0.03366729937398777f,0.05885114639653846f,-0.9976988801841342f,0.02530197465936656f,0f,0f,0f,1f],start_interpolation:0}
execute if entity @s[tag=aj.labyria.bone.ribbon_left_himo_2] run data modify entity @s {} merge value {transformation:[-0.9986772414368454f,0.040797881393698804f,-0.0312937742990263f,0.35535057531015785f,0.03886232608780618f,0.9974327423147883f,0.06014685502539721f,2.265026006874473f,0.03366729937398777f,0.05885114639653846f,-0.9976988801841342f,-0.10720490786508878f,0f,0f,0f,1f],start_interpolation:0}
execute if entity @s[tag=aj.labyria.bone.ribbon_left] run data modify entity @s {} merge value {transformation:[-0.9986772414368454f,0.040797881393698804f,-0.0312937742990263f,0.36126011221042414f,0.03886232608780618f,0.9974327423147883f,0.06014685502539721f,2.3676949172246546f,0.03366729937398777f,0.05885114639653846f,-0.9976988801841342f,-0.03464140018718327f,0f,0f,0f,1f],start_interpolation:0}
execute if entity @s[tag=aj.labyria.bone.ribbon_right_himo_1] run data modify entity @s {} merge value {transformation:[-0.9986772414368454f,0.040797881393698804f,-0.0312937742990263f,-0.24076065972188665f,0.03886232608780618f,0.9974327423147883f,0.06014685502539721f,2.280396439565565f,0.03366729937398777f,0.05885114639653846f,-0.9976988801841342f,0.04553812578934409f,0f,0f,0f,1f],start_interpolation:0}
execute if entity @s[tag=aj.labyria.bone.ribbon_right_himo_2] run data modify entity @s {} merge value {transformation:[-0.9986772414368454f,0.040797881393698804f,-0.0312937742990263f,-0.24491686412097607f,0.03886232608780618f,0.9974327423147883f,0.06014685502539721f,2.2883846937486254f,0.03366729937398777f,0.05885114639653846f,-0.9976988801841342f,-0.08696875673511124f,0f,0f,0f,1f],start_interpolation:0}
execute if entity @s[tag=aj.labyria.bone.ribbon_right] run data modify entity @s {} merge value {transformation:[-0.9986772414368454f,0.040797881393698804f,-0.0312937742990263f,-0.23794623265168308f,0.03886232608780618f,0.9974327423147883f,0.06014685502539721f,2.3910123128773386f,0.03366729937398777f,0.05885114639653846f,-0.9976988801841342f,-0.014441020562790608f,0f,0f,0f,1f],start_interpolation:0}
execute if entity @s[tag=aj.labyria.bone.crown] run data modify entity @s {} merge value {transformation:[-0.9661743255179972f,0.2559841252889811f,-0.0312937742990263f,0.24356468953006044f,0.253825091462754f,0.9653782568374318f,0.06014685502539721f,2.6542512118928876f,0.04560696935521725f,0.05016920196252671f,-0.9976988801841342f,-0.00115916241873959f,0f,0f,0f,1f],start_interpolation:0}
execute if entity @s[tag=aj.labyria.bone.ear_edge_a1] run data modify entity @s {} merge value {transformation:[-0.9799996726342893f,0.19652313178556602f,-0.0312937742990263f,0.2680369438402915f,0.19441672382295677f,0.9790732829203859f,0.06014685502539721f,2.6504747104161352f,0.0424591466545605f,0.05285986515959951f,-0.9976988801841342f,-0.014669823179963078f,0f,0f,0f,1f],start_interpolation:0}
execute if entity @s[tag=aj.labyria.bone.ear_edge_a2] run data modify entity @s {} merge value {transformation:[-0.9986772414368453f,0.04079788139369879f,-0.0312937742990263f,0.1534154297007651f,0.03886232608780618f,0.9974327423147882f,0.06014685502539721f,2.6650025794284917f,0.03366729937398777f,0.05885114639653846f,-0.9976988801841342f,-0.010198789370858392f,0f,0f,0f,1f],start_interpolation:0}
execute if entity @s[tag=aj.labyria.bone.ear_edge_b1] run data modify entity @s {} merge value {transformation:[-0.9592723256912623f,0.280367320697239f,-0.03450754479716374f,0.13113394426966127f,0.27919694608798146f,0.9595911849783192f,0.035125816816839246f,2.662197333982522f,0.04296126695084177f,0.024060822865332246f,-0.9987869674485254f,-0.006594809467411887f,0f,0f,0f,1f],start_interpolation:0}
execute if entity @s[tag=aj.labyria.bone.ear_edge_b2] run data modify entity @s {} merge value {transformation:[-0.9989604630130997f,-0.029786283566857252f,-0.03450754479716374f,0.16060050662240027f,-0.030997908904012883f,0.9989020505717907f,0.035125816816839246f,2.671056691132082f,0.033423389717860706f,0.03615896396118655f,-0.9987869674485254f,-0.007301293019012223f,0f,0f,0f,1f],start_interpolation:0}
execute if entity @s[tag=aj.labyria.bone.ear_right_2] run data modify entity @s {} merge value {transformation:[-0.9913212033688767f,0.1268522806391501f,-0.03450754479716374f,0.22141373483057591f,0.12564643470146397f,0.9914530500430974f,0.035125816816839246f,2.7745085510752197f,0.038668400511175635f,0.030485217022119034f,-0.9987869674485254f,-0.03705206578974444f,0f,0f,0f,1f],start_interpolation:0}
execute if entity @s[tag=aj.labyria.bone.ear_right_1] run data modify entity @s {} merge value {transformation:[-0.9913212033688767f,0.12768308988038923f,-0.0312937742990263f,0.1926850396074884f,0.12564643470146397f,0.9902501347020178f,0.06014685502539721f,2.551702270767266f,0.038668400511175635f,0.05569290153360508f,-0.9976988801841342f,-0.04958296863480556f,0f,0f,0f,1f],start_interpolation:0}
execute if entity @s[tag=aj.labyria.bone.ear_edge_a3] run data modify entity @s {} merge value {transformation:[-0.9927640621354855f,-0.11593194823848679f,-0.0312937742990263f,-0.12192309751869954f,-0.11764899109229193f,0.9912320973039158f,0.06014685502539721f,2.665649537336897f,0.024046451447466893f,0.06339331709343766f,-0.9976988801841342f,-0.0015235323548746585f,0f,0f,0f,1f],start_interpolation:0}
execute if entity @s[tag=aj.labyria.bone.ear_edge_a4] run data modify entity @s {} merge value {transformation:[-0.9986772414368456f,0.04079788139369882f,-0.0312937742990263f,-0.006479311646362215f,0.038862326087806195f,0.9974327423147883f,0.06014685502539721f,2.6712246913582858f,0.03366729937398777f,0.05885114639653846f,-0.9976988801841342f,-0.004808435108339122f,0f,0f,0f,1f],start_interpolation:0}
execute if entity @s[tag=aj.labyria.bone.ear_edge_b3] run data modify entity @s {} merge value {transformation:[-0.9787608740601359f,-0.20278165129157374f,-0.030112344785841162f,0.01570896288042556f,-0.2037807104387423f,0.9783923472751621f,0.03495478288417908f,2.6666889585828524f,0.022373499103185656f,0.040348688861736294f,-0.9989351379569239f,-0.0027036149528785122f,0f,0f,0f,1f],start_interpolation:0}
execute if entity @s[tag=aj.labyria.bone.ear_edge_b4] run data modify entity @s {} merge value {transformation:[-0.9935198835661432f,0.1095969326679169f,-0.030112344785841162f,-0.012961622244082906f,0.1085328899163987f,0.9934781200207254f,0.03495478288417908f,2.677810653041536f,0.03374689267343216f,0.03146009201940297f,-0.9989351379569239f,-0.0014501852635902535f,0f,0f,0f,1f],start_interpolation:0}
execute if entity @s[tag=aj.labyria.bone.ear_left_2] run data modify entity @s {} merge value {transformation:[-0.9984327426796742f,-0.047173138931410195f,-0.030112344785841162f,-0.06742378106281015f,-0.04821754829309387f,0.9982250403541895f,0.03495478288417908f,2.7857483162999594f,0.02840996975969268f,0.0363519431837529f,-0.9989351379569239f,-0.027314806628786038f,0f,0f,0f,1f],start_interpolation:0}
execute if entity @s[tag=aj.labyria.bone.ear_left_1] run data modify entity @s {} merge value {transformation:[-0.9984327426796742f,-0.04639782360483199f,-0.0312937742990263f,-0.056984270751722965f,-0.04821754829309387f,0.9970242844921868f,0.06014685502539721f,2.561417852289218f,0.02840996975969268f,0.061561498500100426f,-0.9976988801841342f,-0.04116614379130861f,0f,0f,0f,1f],start_interpolation:0}
execute if entity @s[tag=aj.labyria.bone.head] run data modify entity @s {} merge value {transformation:[-0.9986772414368454f,0.040797881393698804f,-0.0312937742990263f,0.04791940066045665f,0.03886232608780618f,0.9974327423147883f,0.06014685502539721f,2.0434961918723693f,0.03366729937398777f,0.05885114639653846f,-0.9976988801841342f,-0.044357678735528865f,0f,0f,0f,1f],start_interpolation:0}
execute if entity @s[tag=aj.labyria.bone.back_musket] run data modify entity @s {} merge value {transformation:[0.7918099925834582f,1.1573417801318229f,0.8223463870117546f,0.06351012126085927f,-0.46515254155601343f,1.1010945967072203f,-1.1017624257575431f,1.9578152819272596f,-1.3413898349674354f,0.3013425520706748f,0.8674806151047803f,-0.27716160814780155f,0f,0f,0f,1f],start_interpolation:0}
execute if entity @s[tag=aj.labyria.bone.body_1] run data modify entity @s {} merge value {transformation:[-0.8467861959407913f,0.19677419416801728f,0.4941994080061723f,-0.02587092215254984f,0.10718320565460014f,0.9731247415102595f,-0.203813635182228f,1.678574413806022f,-0.5210229349939669f,-0.1196166960341159f,-0.8451194869603671f,0.0004985822772645976f,0f,0f,0f,1f],start_interpolation:0}
execute if entity @s[tag=aj.labyria.bone.belt2] run data modify entity @s {} merge value {transformation:[-0.45610840798813457f,0.2559978903885147f,0.8523087470389821f,-0.20937686488695018f,-0.6312676357953815f,0.5819930714388862f,-0.5126258253291972f,1.4276876671057515f,-0.6272689153463917f,-0.7718478767955257f,-0.10384875023995227f,0.6710334687714463f,0f,0f,0f,1f],start_interpolation:0}
execute if entity @s[tag=aj.labyria.bone.leg_left_2] run data modify entity @s {} merge value {transformation:[-0.7677309238521337f,0.11426278472327325f,0.6305023747682734f,-0.14987663216623787f,-0.4600750559176427f,0.5865906680219621f,-0.666515064429849f,1.3613638840642233f,-0.44600467652652154f,-0.8017826415038122f,-0.39777433841267595f,0.48288241372393564f,0f,0f,0f,1f],start_interpolation:0}
execute if entity @s[tag=aj.labyria.bone.leg_left_1] run data modify entity @s {} merge value {transformation:[-0.7677309238521337f,0.42477238227255704f,0.4797474875594931f,0.008378516250580541f,-0.4600750559176427f,0.15571313373060652f,-0.8741191926197318f,1.3947680578642754f,-0.44600467652652154f,-0.8918081874721103f,0.0758813895114075f,0.1760116439076836f,0f,0f,0f,1f],start_interpolation:0}
execute if entity @s[tag=aj.labyria.bone.belt] run data modify entity @s {} merge value {transformation:[-0.6698102042163543f,0.574512245505493f,-0.4704146788652347f,-0.3582937559079936f,0.6061240068007206f,0.05709077782461465f,-0.7933185561092214f,1.5396479346965268f,-0.4289148851549518f,-0.8165024940878114f,-0.3864656497554444f,0.16729160329351844f,0f,0f,0f,1f],start_interpolation:0}
execute if entity @s[tag=aj.labyria.bone.leg_right_2] run data modify entity @s {} merge value {transformation:[-0.7225779222283117f,0.288658682122247f,0.6281379717416098f,-0.3631391972030806f,0.2694507947125523f,0.9543859565988564f,-0.1286223739310529f,1.4480548421498252f,-0.6366140239870544f,0.07631258796773427f,-0.7673975328215988f,0.24201722279599022f,0f,0f,0f,1f],start_interpolation:0}
execute if entity @s[tag=aj.labyria.bone.leg_right_1] run data modify entity @s {} merge value {transformation:[-0.7225779222283117f,0.6788855737714831f,-0.13036688242487038f,-0.16354873017764193f,0.2694507947125523f,0.10292326813352687f,-0.9574983394792326f,1.3963024053928688f,-0.6366140239870544f,-0.7269946207515418f,-0.2572963386084844f,-0.006429079378950708f,0f,0f,0f,1f],start_interpolation:0}
execute if entity @s[tag=aj.labyria.bone.skirt_forward_right] run data modify entity @s {} merge value {transformation:[-0.7040508798487439f,0.49915081515713816f,0.505134459636416f,-0.030700795726787092f,0.05320756522432285f,0.7463852729529495f,-0.6633837345924682f,1.599075847251207f,-0.708153453417484f,-0.4401789273090152f,-0.5520518076829164f,0.03355231355721774f,0f,0f,0f,1f],start_interpolation:0}
execute if entity @s[tag=aj.labyria.bone.skirt_forward_left] run data modify entity @s {} merge value {transformation:[-0.7677374190380777f,0.39423144610314526f,0.505134459636416f,-0.030700795726787092f,-0.053207565224322864f,0.7463852729529495f,-0.6633837345924682f,1.599075847251207f,-0.6385516505433608f,-0.5361814909360204f,-0.5520518076829164f,0.03355231355721774f,0f,0f,0f,1f],start_interpolation:0}
execute if entity @s[tag=aj.labyria.bone.skirt_forward] run data modify entity @s {} merge value {transformation:[-0.7377616266015149f,0.44782469784739765f,0.505134459636416f,-0.030700795726787092f,-6.938893903907228e-18f,0.7482793734148694f,-0.6633837345924682f,1.599075847251207f,-0.6750613174477462f,-0.489419063093927f,-0.5520518076829164f,0.03355231355721774f,0f,0f,0f,1f],start_interpolation:0}
execute if entity @s[tag=aj.labyria.bone.skirt_back_right] run data modify entity @s {} merge value {transformation:[-0.716096932239693f,0.33017115852526546f,0.6149733243930053f,-0.030700795726787092f,0.06477727394090571f,0.9086828740930457f,-0.4124310113349707f,1.599075847251207f,-0.6949885527242051f,-0.25550428647693146f,-0.6720926060999546f,0.03355231355721774f,0f,0f,0f,1f],start_interpolation:0}
execute if entity @s[tag=aj.labyria.bone.skirt_back_left] run data modify entity @s {} merge value {transformation:[-0.7556913666471287f,0.22525178947127256f,0.6149733243930053f,-0.030700795726787092f,-0.06477727394090571f,0.9086828740930457f,-0.4124310113349707f,1.599075847251207f,-0.6517165512366397f,-0.35150685010393656f,-0.6720926060999546f,0.03355231355721774f,0f,0f,0f,1f],start_interpolation:0}
execute if entity @s[tag=aj.labyria.bone.skirt_back] run data modify entity @s {} merge value {transformation:[-0.7377616266015149f,0.2784162218680916f,0.6149733243930053f,-0.030700795726787092f,-6.938893903907228e-18f,0.9109888368631162f,-0.4124310113349707f,1.599075847251207f,-0.6750613174477462f,-0.3042757737833958f,-0.6720926060999546f,0.03355231355721774f,0f,0f,0f,1f],start_interpolation:0}
execute if entity @s[tag=aj.labyria.bone.skirt_right] run data modify entity @s {} merge value {transformation:[-0.7159373281101649f,0.36860801317234504f,0.5929265341031843f,-0.16557419961649644f,0.055400467321866764f,0.8765809646272192f,-0.4780550184588931f,1.6210340945532782f,-0.6959630237584443f,-0.30940902552826427f,-0.6479980898757749f,-0.10605808289886434f,0f,0f,0f,1f],start_interpolation:0}
execute if entity @s[tag=aj.labyria.bone.skirt_left] run data modify entity @s {} merge value {transformation:[-0.7566478682736602f,0.2755397042048774f,0.5929265341031843f,0.1203084306915906f,-0.05540046732186678f,0.8765809646272192f,-0.4780550184588931f,1.6210340945532782f,-0.6514712515970636f,-0.3945677177112979f,-0.6479980898757749f,0.1555281776121373f,0f,0f,0f,1f],start_interpolation:0}
execute if entity @s[tag=aj.labyria.bone.coat_downer] run data modify entity @s {} merge value {transformation:[-0.7377616266015149f,0.3556092513949539f,0.5738029649946115f,-0.07702965126076858f,-6.938893903907228e-18f,0.8500012519811242f,-0.5267806674798547f,1.474525900778679f,-0.6750613174477462f,-0.3886385621021694f,-0.6270983062749184f,0.08418423533072757f,0f,0f,0f,1f],start_interpolation:0}
execute if entity @s[tag=aj.labyria.bone.body_2] run data modify entity @s {} merge value {transformation:[-0.7377616266015149f,0.3353671891625298f,0.5858640036284111f,0f,-6.938893903907228e-18f,0.8678678343523369f,-0.4967951510397264f,1.6738642939814814f,-0.6750613174477462f,-0.3665163987188138f,-0.6402795851469142f,0f,0f,0f,0f,1f],start_interpolation:0}
execute if entity @s[tag=aj.labyria.bone.sphere] run data modify entity @s {} merge value {transformation:[-0.999481959290412f,0f,0.03218404966748922f,0.7985564692507912f,0f,1f,0f,2.6426142939814814f,-0.03218404966748922f,0f,-0.999481959290412f,-0.2136727057747453f,0f,0f,0f,1f],start_interpolation:0}