execute if entity @s[tag=aj.louvert.bone.head] run data modify entity @s {} merge value {transformation:[-0.9984792833442406f,0.04715096064530136f,-0.02856409709052507f,0.004557230489699116f,0.03817165168537036f,0.9651568597839556f,0.25887286651865404f,1.4494013660478915f,0.03977493859181258f,0.2573888554739682f,-0.9654889597182447f,0.21333246373872738f,0f,0f,0f,1f],start_interpolation:0}
execute if entity @s[tag=aj.louvert.bone.coat_0] run data modify entity @s {} merge value {transformation:[-0.9955250529691326f,-0.0057972322997103115f,-0.09431999262335063f,-0.23067801503243943f,0.01132617017167846f,0.9836012996519622f,-0.18000055886639166f,0.6272179303124539f,0.0938167723813173f,-0.18026335018698147f,-0.9791340754969758f,0.1218595719061778f,0f,0f,0f,1f],start_interpolation:0}
execute if entity @s[tag=aj.louvert.bone.coat_1] run data modify entity @s {} merge value {transformation:[-0.9335047758605555f,-0.34593723771381624f,-0.09431999262335063f,0.2649377437167566f,-0.3257683389501864f,0.9281566614238262f,-0.18000055886639166f,0.6644396458944627f,0.1498126255799917f,-0.1373049140326428f,-0.9791340754969758f,0.06727419319913981f,0f,0f,0f,1f],start_interpolation:0}
execute if entity @s[tag=aj.louvert.bone.coat_2] run data modify entity @s {} merge value {transformation:[-0.9935009269446092f,0.03962923057807887f,-0.1067025409444025f,0.005339865264239775f,-0.0164914779002044f,0.8774269311875588f,0.4794267530952463f,0.6233287182451593f,0.11262299639447311f,0.47807060619805175f,-0.8710709248807227f,-0.027824876884463168f,0f,0f,0f,1f],start_interpolation:0}
execute if entity @s[tag=aj.louvert.bone.right_leg_1] run data modify entity @s {} merge value {transformation:[-0.9965751603699003f,0.025825049111784987f,-0.07855581819369867f,-0.0736775082051005f,0.02929201403738095f,0.9986323344169032f,-0.043306334071130104f,0.4304278274638561f,0.07732999190056487f,-0.04545907495121693f,-0.9959686465231914f,0.40145919647214223f,0f,0f,0f,1f],start_interpolation:0}
execute if entity @s[tag=aj.louvert.bone.right_leg_0] run data modify entity @s {} merge value {transformation:[-0.976802690256605f,-0.0770066882364352f,-0.19981610113881088f,-0.10677407534514041f,0.10703708927352981f,0.6325987144814296f,-0.767047539567329f,0.636523359207956f,0.18547119945508905f,-0.7706418340599602f,-0.6096815543949079f,0.1082132272294183f,0f,0f,0f,1f],start_interpolation:0}
execute if entity @s[tag=aj.louvert.bone.left_leg_1] run data modify entity @s {} merge value {transformation:[-0.9870464834595493f,-0.02122431818805058f,-0.15902442519182522f,0.1712319476052662f,-0.11005304937173971f,0.8108089112350771f,0.5748714950193392f,0.2657318993620733f,0.11673716552203699f,0.5849260105169207f,-0.8026418855296796f,-0.03085141586740653f,0f,0f,0f,1f],start_interpolation:0}
execute if entity @s[tag=aj.louvert.bone.left_leg_0] run data modify entity @s {} merge value {transformation:[-0.9870464834595493f,-0.07433389187891341f,-0.14217493452881222f,0.14103380402945762f,-0.11005304937173971f,0.9585287818754145f,0.26288952173948565f,0.6551342169989605f,0.11673716552203699f,0.27513096306044516f,-0.9542931349178365f,0.08092053787589931f,0f,0f,0f,1f],start_interpolation:0}
execute if entity @s[tag=aj.louvert.bone.body_1] run data modify entity @s {} merge value {transformation:[-0.9912315174983921f,-0.09254089749600414f,-0.09431999262335063f,-0.011789166125342691f,-0.07444343116401769f,0.9808455405232339f,-0.18000055886639166f,0.9523430195169689f,0.10917075741407599f,-0.17140072323744493f,-0.9791340754969758f,0.041004156540957265f,0f,0f,0f,1f],start_interpolation:0}
execute if entity @s[tag=aj.louvert.locator_origin.locator] at @s on origin run tp @s ^-1.57335 ^0.68989 ^-0.29792 ~105.15336 ~35.7357
execute if entity @s[tag=aj.louvert.bone.sword_0] run data modify entity @s {} merge value {transformation:[-0.6085047780135813f,0.12592095213341198f,0.7834959150809003f,-0.8824753566915364f,0.6519293375241498f,-0.4836083953930354f,0.5840471374646887f,1.1898559451913275f,0.4524489739296195f,0.8661794466039867f,0.21218645637939781f,-0.08915189414156151f,0f,0f,0f,1f],start_interpolation:0}
execute if entity @s[tag=aj.louvert.bone.right_arm_1] run data modify entity @s {} merge value {transformation:[-0.8526228862921071f,-0.5103299070049252f,0.1122390296967192f,-0.5577180440049307f,-0.19024834877357566f,0.5032450620619886f,0.8429412632557225f,1.25376149992306f,-0.4866618739534099f,0.6973577227840599f,-0.5261676794650026f,0.08745235831264767f,0f,0f,0f,1f],start_interpolation:0}
execute if entity @s[tag=aj.louvert.bone.right_arm_0] run data modify entity @s {} merge value {transformation:[-0.856485556250463f,-0.5103299070049252f,0.0774330546386981f,-0.29006630767666103f,-0.22440935615565574f,0.5032450620619886f,0.8344967635527589f,1.3238894237217025f,-0.46483645812709157f,0.6973577227840599f,-0.5455449327684119f,0.23271375147736378f,0f,0f,0f,1f],start_interpolation:0}
execute if entity @s[tag=aj.louvert.locator_origin.locator2] at @s on origin run tp @s ^1.14645 ^0.71685 ^-0.93416 ~-135.23438 ~39.15759
execute if entity @s[tag=aj.louvert.bone.sword_1] run data modify entity @s {} merge value {transformation:[-0.8315455650716761f,0.10178177307656819f,-0.5460516860875138f,0.6698877299827154f,-0.48837879083784497f,-0.6022874014409114f,0.6314554954431221f,1.255335155111567f,-0.26460939112093323f,0.7917640789622524f,0.5505374768312002f,-0.43038392305840334f,0f,0f,0f,1f],start_interpolation:0}
execute if entity @s[tag=aj.louvert.bone.left_arm_1] run data modify entity @s {} merge value {transformation:[-0.6135375833042355f,0.7209043902100888f,-0.32228635411543305f,0.4331409198473568f,0.21196230557624546f,0.543498336746903f,0.8122078175985212f,1.3270441717311006f,0.76068627888769f,0.4300074628761344f,-0.48626121270653405f,-0.14833949591952483f,0f,0f,0f,1f],start_interpolation:0}
execute if entity @s[tag=aj.louvert.bone.left_arm_0] run data modify entity @s {} merge value {transformation:[-0.5616652040314819f,0.7209043902100888f,-0.40599145158007177f,0.25762054358751874f,0.09470575933211708f,0.543498336746903f,0.834050584258939f,1.356639721522387f,0.8219264065167883f,0.4300074628761344f,-0.3735379018804236f,0.10851250611697148f,0f,0f,0f,1f],start_interpolation:0}
execute if entity @s[tag=aj.louvert.bone.wing_0] run data modify entity @s {} merge value {transformation:[-0.9045255376674065f,0.010178837721994785f,0.4262979509335203f,-0.12453091775909894f,0.1776832865122634f,0.9177880391381524f,0.3550968387766157f,1.3296024168249427f,-0.3876366873783874f,0.39694017997372616f,-0.8319713289054713f,-0.3673124572299947f,0f,0f,0f,1f],start_interpolation:0}
execute if entity @s[tag=aj.louvert.bone.wing_1] run data modify entity @s {} merge value {transformation:[-0.6219253397730221f,0.08267561452463722f,-0.778699951528947f,-0.06810905881401107f,-0.2503351387165358f,0.9212385433052984f,0.2977446299305908f,1.231587680232188f,0.7419846292693558f,0.38011089051973407f,-0.5522449826266518f,-0.14435576806406392f,0f,0f,0f,1f],start_interpolation:0}
execute if entity @s[tag=aj.louvert.bone.body_0] run data modify entity @s {} merge value {transformation:[-0.9730529287793616f,0.04725652467962855f,-0.2256874357803515f,-0.006078750000000019f,-0.04631272359524158f,0.9187735924609702f,0.3920589463710193f,1.3159393786707954f,0.22588299942026926f,0.3919463058526852f,-0.8918267566637232f,0.1551314918570459f,0f,0f,0f,1f],start_interpolation:0}