execute if entity @s[tag=aj.louvert.bone.head] run data modify entity @s {} merge value {transformation:[-0.9852936504741538f,0.030512088155615943f,-0.1681232726653273f,0.006948243622399455f,-0.051887906995497286f,0.8840350628145336f,0.46453164889179555f,1.4599812432424448f,0.16280069853333773f,0.4664236488332122f,-0.8694509257952225f,-0.14076355580762806f,0f,0f,0f,1f],start_interpolation:0}
execute if entity @s[tag=aj.louvert.bone.coat_0] run data modify entity @s {} merge value {transformation:[-0.9961945215075205f,0.08715768481391852f,0.00011530949746549335f,-0.2642426712860837f,0.08714853841209515f,0.9960689906342004f,0.01586499762372845f,0.6383408604120568f,0.001267900247711603f,0.01581467277065717f,-0.9998741363562309f,-0.2773453145038675f,0f,0f,0f,1f],start_interpolation:0}
execute if entity @s[tag=aj.louvert.bone.coat_1] run data modify entity @s {} merge value {transformation:[-0.9659263245799558f,-0.25881715976182484f,0.00011530949746549335f,0.23575732538889554f,-0.2587828204808403f,0.9658052358909535f,0.01586499762372845f,0.6383389708090867f,-0.004217500141001497f,0.015294578727175353f,-0.9998741363562309f,-0.27728768248028834f,0f,0f,0f,1f],start_interpolation:0}
execute if entity @s[tag=aj.louvert.bone.coat_2] run data modify entity @s {} merge value {transformation:[-0.9999999933499586f,-0.00003760570780514023f,0.0001090224458785623f,-0.014228259261410898f,0.0000037792059400937328f,0.9341482051287877f,0.3568853188916322f,0.6403230403135378f,-0.00011526404715828109f,0.3568853169303482f,-0.9341481987745435f,-0.40230076553660676f,0f,0f,0f,1f],start_interpolation:0}
execute if entity @s[tag=aj.louvert.bone.right_leg_1] run data modify entity @s {} merge value {transformation:[-0.9763081844011878f,0.21638465082171607f,0.00010936187690513757f,-0.13199460153652565f,0.20265874993841246f,0.91420077547152f,0.3509506706086643f,0.5524870200811709f,0.0758403596026293f,0.34265817517758873f,-0.9363939421201467f,0.04539022747516358f,0f,0f,0f,1f],start_interpolation:0}
execute if entity @s[tag=aj.louvert.bone.right_leg_0] run data modify entity @s {} merge value {transformation:[-0.9763081844011878f,0.018968110683505655f,-0.21555171038141727f,-0.13924267211733893f,0.20265874993841246f,0.42929304495879966f,-0.8801345991514036f,0.6383403880113143f,0.0758403596026293f,-0.902966052699159f,-0.42296636689959577f,-0.2773309064979727f,0f,0f,0f,1f],start_interpolation:0}
execute if entity @s[tag=aj.louvert.bone.left_leg_1] run data modify entity @s {} merge value {transformation:[-0.9848337958034538f,-0.1630731612900185f,-0.05924135979398941f,0.18124185749640415f,-0.157288160419202f,0.9832704966479898f,-0.09186710517676383f,0.27574034374286605f,0.07323134052647581f,-0.0811558653979787f,-0.9940074930684378f,-0.10820777829173317f,0f,0f,0f,1f],start_interpolation:0}
execute if entity @s[tag=aj.louvert.bone.left_leg_0] run data modify entity @s {} merge value {transformation:[-0.9848337958034538f,-0.1735003846800084f,0.00010563735324715877f,0.11075732622015075f,-0.157288160419202f,0.8925516294571403f,-0.42262515701901476f,0.6383394432098293f,0.07323134052647581f,-0.4162321530940307f,-0.9063045655271756f,-0.27730209048618315f,0f,0f,0f,1f],start_interpolation:0}
execute if entity @s[tag=aj.louvert.bone.body_1] run data modify entity @s {} merge value {transformation:[-0.9999999933499586f,0.00000195006644117951f,0.00011530949746549335f,-0.014242063552831216f,0.0000037792059400937328f,0.9998741429980659f,0.01586499762372845f,0.9508005852974674f,-0.00011526404715828109f,0.015864997954003812f,-0.9998741363562309f,-0.27235868663145174f,0f,0f,0f,1f],start_interpolation:0}
execute if entity @s[tag=aj.louvert.locator_origin.locator] at @s on origin run tp @s ^0.45575 ^1.25238 ^0.53345 ~-75.56199 ~-24.72704
execute if entity @s[tag=aj.louvert.bone.sword_0] run data modify entity @s {} merge value {transformation:[-0.25311270659148866f,-0.40273393075157815f,-0.8796245442137878f,-0.32670381462093395f,0.008501079098658826f,0.9082710539129928f,-0.4182958573521132f,0.9089377846514518f,0.967399446669311f,-0.1133537544378837f,-0.22647127177358856f,0.33174818838712805f,0f,0f,0f,1f],start_interpolation:0}
execute if entity @s[tag=aj.louvert.bone.right_arm_1] run data modify entity @s {} merge value {transformation:[0.1458143780564764f,-0.4527679630546854f,-0.8796245442137878f,-0.37437690694463055f,-0.6903116053822828f,0.5903375840962489f,-0.4182958573521132f,1.1627445631219666f,0.7086663916304612f,0.6682085815332777f,-0.22647127177358856f,0.059627462376371024f,0f,0f,0f,1f],start_interpolation:0}
execute if entity @s[tag=aj.louvert.bone.right_arm_0] run data modify entity @s {} merge value {transformation:[-0.2768264804889759f,-0.4527679630546854f,-0.8475660867043923f,-0.2878686317918256f,-0.8054614042970323f,0.5903375840962489f,-0.05228253045957751f,1.4144512519647892f,0.5240219708065104f,0.6682085815332777f,-0.5281081950484632f,-0.10412940350066345f,0f,0f,0f,1f],start_interpolation:0}
execute if entity @s[tag=aj.louvert.locator_origin.locator2] at @s on origin run tp @s ^-0.21213 ^1.29822 ^0.66649 ~55.62219 ~-24.63853
execute if entity @s[tag=aj.louvert.bone.sword_1] run data modify entity @s {} merge value {transformation:[-0.5683951076349282f,0.33784741703887855f,0.7501907253604487f,0.45503631547344914f,-0.009990745861670147f,0.9089010817554971f,-0.416892082655469f,0.956023282822402f,-0.8226950751121618f,-0.24445438507796285f,-0.5132395805102613f,0.20970705849515617f,0f,0f,0f,1f],start_interpolation:0}
execute if entity @s[tag=aj.louvert.bone.left_arm_1] run data modify entity @s {} merge value {transformation:[-0.10655119614944586f,0.6525800473369423f,0.7501907253604487f,0.40632799416644333f,0.6898366953722179f,0.5918837091330722f,-0.416892082655469f,1.209632208292174f,-0.7160811241172746f,0.47308874080936525f,-0.5132395805102613f,-0.062414800993248976f,0f,0f,0f,1f],start_interpolation:0}
execute if entity @s[tag=aj.louvert.bone.left_arm_0] run data modify entity @s {} merge value {transformation:[-0.44091159236962746f,0.6525800473369423f,0.6162274332840054f,0.26854312155093474f,0.8043919629538501f,0.5918837091330722f,-0.05125665613487149f,1.4610046967152521f,-0.3981840499685177f,0.47308874080936525f,-0.7858985339533837f,-0.18684731660841075f,0f,0f,0f,1f],start_interpolation:0}
execute if entity @s[tag=aj.louvert.bone.wing_0] run data modify entity @s {} merge value {transformation:[-0.9536861758174517f,-0.00003193334585468489f,0.30080338600977546f,-0.09374128144980043f,0.09677408409211159f,0.9468027084577513f,0.30691922048838716f,1.2952294119931704f,-0.28481126154493513f,0.3218145898453451f,-0.9029495639623814f,-0.715987439300608f,0f,0f,0f,1f],start_interpolation:0}
execute if entity @s[tag=aj.louvert.bone.wing_1] run data modify entity @s {} merge value {transformation:[-0.7981872098136424f,0.10281483464752196f,-0.5935707943171691f,-0.052365660392058f,-0.10362804436320254f,0.9472050820925233f,0.3034201062546025f,1.2148561787333991f,0.593429361012219f,0.30369662861892094f,-0.7453924813506845f,-0.48290333139649444f,0f,0f,0f,1f],start_interpolation:0}
execute if entity @s[tag=aj.louvert.bone.body_0] run data modify entity @s {} merge value {transformation:[-0.9848277757309561f,0.052184095874080065f,-0.16550248423096972f,-0.004327484368003924f,-0.003853001309392704f,0.9469041389638317f,0.3214929330390858f,1.322417915254991f,0.17349180536765244f,0.31725285144655374f,-0.9323364316164543f,-0.18832160491497055f,0f,0f,0f,1f],start_interpolation:0}