# This file was generated by Animated Java via MC-Build. It is not recommended to edit this file directly.
$data merge entity $(bone_wing_right_1) { transformation: [-0.7466259260008669f,-0.10781301127750545f,-0.3128426532093555f,0.08373804268522722f,-0.05016911078857276f,0.8000597802526245f,-0.1559867070915034f,0.9734694545690854f,0.3270737399891293f,-0.12339022273196139f,-0.7380664373808938f,-0.4961082200100207f,0f,0f,0f,1f], start_interpolation: 0, interpolation_duration: 1 }
$data merge entity $(bone_wing_right_2) { transformation: [-0.7161312633637023f,0.1823168694828533f,-0.30645810926630745f,0.08373804268522722f,0.25451697128079703f,0.7428810546378642f,-0.15280330490596253f,0.9734694545690854f,0.24975412902123922f,-0.2342825169791951f,-0.7230038570261818f,-0.4961082200100207f,0f,0f,0f,1f], start_interpolation: 0, interpolation_duration: 1 }
$data merge entity $(bone_wing_left_1) { transformation: [-0.6365323514391311f,0.1360751116254107f,0.4932084488448537f,0.007855895508626101f,0.05016911078857276f,0.8000597802526245f,-0.1559867070915034f,0.9734694545690854f,-0.5091699817727854f,-0.09128174221989069f,-0.6319477966123842f,-0.5060982942081146f,0f,0f,0f,1f], start_interpolation: 0, interpolation_duration: 1 }
$data merge entity $(bone_wing_left_2) { transformation: [-0.6270885571123294f,-0.11546779547289084f,0.4831429702969996f,0.007855895508626101f,-0.25451697128079703f,0.7428810546378642f,-0.15280330490596253f,0.9734694545690854f,-0.4265923731958024f,-0.2734866118638447f,-0.6190509028039682f,-0.5060982942081146f,0f,0f,0f,1f], start_interpolation: 0, interpolation_duration: 1 }
$data merge entity $(bone_blade) { transformation: [-0.0550859693198462f,1.7767040768092095f,0.9166723293705483f,-0.5288098197041874f,1.9912299603471746f,0.13077001479931202f,-0.13380003081157235f,1.3010059215392407f,-0.17879815714901215f,0.9089674508357944f,-1.7725149907183286f,0.13838620919589856f,0f,0f,0f,1f], start_interpolation: 0, interpolation_duration: 1 }
$data merge entity $(bone_arm_right_2) { transformation: [-0.1324608848054944f,-0.373872559795001f,-0.9179724522167747f,-0.5626813027869269f,0.3944790452147959f,0.8297419491019145f,-0.39486020410643974f,1.1998342444722772f,0.909307646994662f,-0.41442442849437516f,0.03757653768166852f,-0.15895749700869546f,0f,0f,0f,1f], start_interpolation: 0, interpolation_duration: 1 }
$data merge entity $(bone_arm_right_1) { transformation: [-0.828205496992146f,-0.373872559795001f,-0.41748648335524075f,-0.28044691531675825f,-0.09754192303011608f,0.8297419491019145f,-0.549557886989299f,1.2518389717096945f,0.5518706623871025f,-0.41442442849437516f,-0.7236650917817795f,-0.30945342552272737f,0f,0f,0f,1f], start_interpolation: 0, interpolation_duration: 1 }
$data merge entity $(bone_arm_left_2) { transformation: [0.3382755679608886f,0.9342865628236684f,0.11259777372521013f,0.3442962586371197f,-0.09947833078278986f,0.1544834720243759f,-0.982974525903883f,1.3030031398294f,-0.9357743861772495f,0.3213152274611791f,0.14519925198210443f,0.15290055786674117f,0f,0f,0f,1f], start_interpolation: 0, interpolation_duration: 1 }
$data merge entity $(bone_arm_left_1) { transformation: [-0.004560137384799878f,0.9936301859842815f,0.11259777372521013f,0.34574830316633065f,-0.14663819612493728f,0.11071730154434184f,-0.982974525903883f,1.2501927853014363f,-0.989179682658442f,-0.02099363331062888f,0.14519925198210443f,-0.20574268220103975f,0f,0f,0f,1f], start_interpolation: 0, interpolation_duration: 1 }
$data merge entity $(bone_ear_edge_a1) { transformation: [-0.962926688067254f,0.22526411685177733f,0.14841924089152891f,0.21113471504077314f,0.24154702639321218f,0.9649535702716094f,0.10256530242080422f,1.8960462712783532f,-0.12011339412582492f,0.134613093267568f,-0.9835914231389532f,-0.1993737517202988f,0f,0f,0f,1f], start_interpolation: 0, interpolation_duration: 1 }
$data merge entity $(bone_ear_edge_a2) { transformation: [-0.9863105342643859f,0.07185582044819899f,0.14841924089152891f,0.09825064295433697f,0.08762118611990163f,0.9908596704288003f,0.10256530242080422f,1.9161241908057247f,-0.13969272616010847f,0.11416590815758292f,-0.9835914231389532f,-0.21431376650063522f,0f,0f,0f,1f], start_interpolation: 0, interpolation_duration: 1 }
$data merge entity $(bone_ear_edge_b1) { transformation: [-0.943512995182601f,0.28381145389568585f,0.17098036892922597f,0.0782301376342046f,0.32040970031652716f,0.9129577270035031f,0.25267728953681357f,1.9124753070503737f,-0.08438514006998224f,0.29318807503412275f,-0.9523234223692889f,-0.2372429743144613f,0f,0f,0f,1f], start_interpolation: 0, interpolation_duration: 1 }
$data merge entity $(bone_ear_edge_b2) { transformation: [-0.9850367447295992f,-0.021640817298338028f,0.17098036892922597f,0.10734741685501623f,0.0226082805802042f,0.9672864379290843f,0.25267728953681357f,1.9194894990679627f,-0.17085513507565706f,0.25276198690690005f,-0.9523234223692889f,-0.2301541954268336f,0f,0f,0f,1f], start_interpolation: 0, interpolation_duration: 1 }
$data merge entity $(bone_ear_right_2) { transformation: [-0.976294677504313f,0.13271931328022726f,0.17098036892922597f,0.17449600171569454f,0.17364687158807793f,0.9518408224803153f,0.25267728953681357f,2.023082233982225f,-0.1292109386407471f,0.2763776990685428f,-0.9523234223692889f,-0.22342683669984081f,0f,0f,0f,1f], start_interpolation: 0, interpolation_duration: 1 }
$data merge entity $(bone_ear_right_1) { transformation: [-0.976294677504313f,0.1575450145511804f,0.14841924089152891f,0.139048373441679f,0.17364687158807793f,0.9794524606773943f,0.10256530242080422f,1.8027054303298118f,-0.1292109386407471f,0.12590649571434273f,-0.9835914231389532f,-0.2517557982355679f,0f,0f,0f,1f], start_interpolation: 0, interpolation_duration: 1 }
$data merge entity $(bone_ear_edge_a3) { transformation: [-0.9775630740272382f,-0.17968880013320543f,0.1099198408164117f,-0.18458395353736282f,-0.15498472522736573f,0.9669654928359976f,0.202379521223453f,1.8977567510688236f,-0.1426540263876708f,0.1808028505613921f,-0.9731187789701012f,-0.24106509913595378f,0f,0f,0f,1f], start_interpolation: 0, interpolation_duration: 1 }
$data merge entity $(bone_ear_edge_a4) { transformation: [-0.9936371717356036f,-0.0245519762985624f,0.1099198408164117f,-0.07037926368283945f,-0.0018098764932477363f,0.9793054956122963f,0.202379521223453f,1.9078340580279107f,-0.11261392139673336f,0.2008928737496423f,-0.9731187789701012f,-0.22606918887066943f,0f,0f,0f,1f], start_interpolation: 0, interpolation_duration: 1 }
$data merge entity $(bone_ear_edge_b3) { transformation: [-0.9566993145548418f,-0.27356809209197097f,0.09943299512463016f,-0.0465958153997581f,-0.23518593415048394f,0.9277707299434069f,0.2897051070278922f,1.9036308485997535f,-0.17150509586615803f,0.25377543547285497f,-0.9519369886933183f,-0.2357069784854894f,0f,0f,0f,1f], start_interpolation: 0, interpolation_duration: 1 }
$data merge entity $(bone_ear_edge_b4) { transformation: [-0.9944123068176388f,0.03545763006980797f,0.09943299512463016f,-0.07588207542157799f,0.06302180722138197f,0.9550388488310352f,0.2897051070278922f,1.9130938557531716f,-0.08469011668531956f,0.29435277082664635f,-0.9519369886933183f,-0.2358861280004333f,0f,0f,0f,1f], start_interpolation: 0, interpolation_duration: 1 }
$data merge entity $(bone_ear_left_2) { transformation: [-0.9877162365796615f,-0.12053926944135436f,0.09943299512463016f,-0.13380128212840878f,-0.08715508721372746f,0.9531395185043611f,0.2897051070278922f,2.022175200647293f,-0.12969435905110796f,0.2774803466694885f,-0.9519369886933183f,-0.24156681649666223f,0f,0f,0f,1f], start_interpolation: 0, interpolation_duration: 1 }
$data merge entity $(bone_ear_left_1) { transformation: [-0.9877162365796615f,-0.11105973434060099f,0.1099198408164117f,-0.1088128419017736f,-0.08715508721372746f,0.9754212014110282f,0.202379521223453f,1.8027054303298118f,-0.12969435905110796f,0.19031346575074937f,-0.9731187789701012f,-0.28438734629058077f,0f,0f,0f,1f], start_interpolation: 0, interpolation_duration: 1 }
$data merge entity $(bone_head) { transformation: [-0.9914448613738104f,0.0005062458006203537f,0.13052521047926044f,0.010779401969657883f,0f,0.9999924785916562f,-0.00387849972492027f,1.2903304881679916f,-0.13052619222005168f,-0.0038453186221119318f,-0.9914374043121575f,-0.23511842758448703f,0f,0f,0f,1f], start_interpolation: 0, interpolation_duration: 1 }
$data merge entity $(bone_body_1) { transformation: [-0.9914448613738104f,0.028745071919087636f,0.1273216701737468f,1.876657826471176e-17f,0f,0.9754492030158786f,-0.22022454980244008f,0.924537037037037f,-0.13052619222005168f,-0.21834049824999f,-0.9671040998612715f,-0.1532407407407408f,0f,0f,0f,1f], start_interpolation: 0, interpolation_duration: 1 }
$data merge entity $(bone_leg_left_2) { transformation: [-0.9914448613738104f,0.011922352571626299f,0.12998055379411075f,0.08461618377644707f,0f,0.995819701650217f,-0.09134069085173818f,0.4021345198681311f,-0.13052619222005168f,-0.09055925857928981f,-0.9873003260559086f,0.1616977302787527f,0f,0f,0f,1f], start_interpolation: 0, interpolation_duration: 1 }
$data merge entity $(bone_leg_left_1) { transformation: [-0.9914448613738104f,0.08493026723569937f,0.09911577353145447f,0.1162954248410309f,0f,0.7593554354543418f,-0.6506760504628604f,0.6462432571893983f,-0.13052619222005168f,-0.6451094266504092f,-0.7528590444374793f,-0.07892999532557127f,0f,0f,0f,1f], start_interpolation: 0, interpolation_duration: 1 }
$data merge entity $(bone_leg_right_2) { transformation: [-0.9914448613738104f,-0.10439498953529454f,0.07835032236941736f,-0.13945668400934522f,0f,0.6002651348116246f,0.7998010802253158f,0.3136328870008938f,-0.13052619222005168f,0.792958671110612f,-0.5951297833708429f,-0.05162425657229368f,0f,0f,0f,1f], start_interpolation: 0, interpolation_duration: 1 }
$data merge entity $(bone_leg_right_1) { transformation: [-0.9914448613738104f,0.00430232066905073f,0.13045526778297048f,-0.13148188739439207f,0f,0.9994566267821433f,-0.03296135891099561f,0.6493014305943174f,-0.13052619222005168f,-0.03267936991620446f,-0.9909061367891582f,-0.1121988507584706f,0f,0f,0f,1f], start_interpolation: 0, interpolation_duration: 1 }
$data merge entity $(bone_coat_downer) { transformation: [-0.9914448613738104f,0.026848994569478358f,0.1277349535016708f,-0.013744735203600695f,0f,0.9786154895741142f,-0.20569813700084147f,0.7058776385853209f,-0.13052619222005168f,-0.20393836092365034f,-0.9702432983990712f,-0.10869299909858182f,0f,0f,0f,1f], start_interpolation: 0, interpolation_duration: 1 }
$data merge entity $(bone_body_2) { transformation: [-0.9914448613738104f,0.026848994569478358f,0.1277349535016708f,1.876657826471176e-17f,0f,0.9786154895741142f,-0.20569813700084147f,0.924537037037037f,-0.13052619222005168f,-0.20393836092365034f,-0.9702432983990712f,-0.1532407407407408f,0f,0f,0f,1f], start_interpolation: 0, interpolation_duration: 1 }