execute if entity @s[tag=aj.tultaria.bone.head] run data modify entity @s {} merge value {transformation:[-0.995334290635164f,0.01960091657919348f,-0.09447462069280937f,0f,0f,0.9791483190906269f,0.20314666923678545f,1.5837235489386567f,0.0964865269651401f,0.20219884591969212f,-0.9745798976086824f,0f,0f,0f,0f,1f],start_interpolation:0}
execute if entity @s[tag=aj.tultaria.bone.bust] run data modify entity @s {} merge value {transformation:[-0.918216106880274f,-0.19803988301957834f,-0.34301513931490674f,0.02846823318406444f,0f,0.8660254037844387f,-0.49999999999999994f,1.4743485489386567f,0.39607976603915673f,-0.45910805344013694f,-0.7951984747223646f,0.0659967826820197f,0f,0f,0f,1f],start_interpolation:0}
execute if entity @s[tag=aj.tultaria.bone.left_wing] run data modify entity @s {} merge value {transformation:[-0.696747903210655f,0f,-0.7173160805192893f,0.007878535925122443f,0f,1f,0f,1.3649735489386567f,0.7173160805192893f,0f,-0.696747903210655f,-0.13953199873748157f,0f,0f,0f,1f],start_interpolation:0}
execute if entity @s[tag=aj.tultaria.bone.right_wing] run data modify entity @s {} merge value {transformation:[-0.9998942319271075f,0f,-0.014543897651582594f,-0.10689847743491165f,0f,1f,0f,1.3649735489386567f,0.014543897651582594f,0f,-0.9998942319271075f,-0.09002202798258696f,0f,0f,0f,1f],start_interpolation:0}
execute if entity @s[tag=aj.tultaria.bone.body] run data modify entity @s {} merge value {transformation:[-0.918216106880274f,0f,-0.39607976603915673f,0.6571479364597154f,0f,1f,0f,0.30247354893865674f,0.39607976603915673f,0f,-0.918216106880274f,0.26106817042055863f,0f,0f,0f,1f],start_interpolation:0}
execute if entity @s[tag=aj.tultaria.locator_origin.locator_right_hand] at @s on origin run tp @s ^-0.45322 ^0.74638 ^0.17234 ~-40.20453 ~-5.67051
execute if entity @s[tag=aj.tultaria.bone.right_ring] run data modify entity @s {} merge value {transformation:[0.49970740665766145f,0.0411193069219182f,-0.8652177242346203f,-0.41773697817870337f,0.12090542268638885f,0.9857829761453752f,0.11667820150736113f,1.019385061719123f,0.8577146299886111f,-0.16291447615306573f,0.48763150735291083f,0.1068581521013812f,0f,0f,0f,1f],start_interpolation:0}
execute if entity @s[tag=aj.tultaria.locator_origin.locator_sword] at @s on origin run tp @s ^-0.46068 ^0.80645 ^0.15029 ~-40.20453 ~-5.67051
execute if entity @s[tag=aj.tultaria.bone.sword] run data modify entity @s {} merge value {transformation:[-0.000007652998423370625f,4.1119306921918204e-7f,-0.000006423592094125594f,-0.46068430928797743f,0.0000013590060377151127f,0.000009857829761453753f,-9.880764057756581e-7f,0.8064480601711573f,0.000006291638715099635f,-0.0000016291447615306575f,-0.000007600076948599709f,0.15028194451236365f,0f,0f,0f,1f],start_interpolation:0}
execute if entity @s[tag=aj.tultaria.bone.right_hand] run data modify entity @s {} merge value {transformation:[-0.7652998423370625f,0.0411193069219182f,-0.6423592094125593f,-0.4715332623545811f,0.13590060377151125f,0.9857829761453752f,-0.0988076405775658f,1.164150435437691f,0.6291638715099634f,-0.16291447615306573f,-0.7600076948599708f,0.010152043809342426f,0f,0f,0f,1f],start_interpolation:0}
execute if entity @s[tag=aj.tultaria.bone.right_arm] run data modify entity @s {} merge value {transformation:[-0.7652998423370625f,0.29790216162133737f,-0.5705878139429563f,-0.3156367867400942f,0.13590060377151125f,0.9412533518999483f,0.3091490796228427f,1.4587235489386567f,0.6291638715099634f,0.15904851347449506f,-0.7608261254374402f,0.13615241957596014f,0f,0f,0f,1f],start_interpolation:0}
execute if entity @s[tag=aj.tultaria.locator_origin.locator_left_hand] at @s on origin run tp @s ^0.47861 ^0.75157 ^-0.22944 ~-5.48258 ~-4.48533
execute if entity @s[tag=aj.tultaria.bone.left_ring] run data modify entity @s {} merge value {transformation:[-0.07574319035995318f,-0.1939300870100747f,-0.9780869544505542f,0.3935546333659321f,0.04456542855806271f,0.9792661618184897f,-0.19761504723760132f,1.0211462489174943f,0.9961309611148185f,-0.05855685843304809f,-0.06553016586977223f,-0.2425159428682549f,0f,0f,0f,1f],start_interpolation:0}
execute if entity @s[tag=aj.tultaria.bone.left_hand] run data modify entity @s {} merge value {transformation:[-0.9763802828396896f,-0.1939300870100747f,-0.09525053613577453f,0.35432331950787904f,-0.1868741251754102f,0.9792661618184897f,-0.07820387239266552f,1.1668249736648209f,0.10844171071046771f,-0.05855685843304809f,-0.9923766874068733f,-0.34470076644281306f,0f,0f,0f,1f],start_interpolation:0}
execute if entity @s[tag=aj.tultaria.bone.left_arm] run data modify entity @s {} merge value {transformation:[-0.9763802828396896f,-0.14353644251921924f,-0.16148942055383847f,0.3156367867400942f,-0.1868741251754102f,0.936170391341274f,0.29776342911084785f,1.4899735489386567f,0.10844171071046771f,0.320908535325648f,-0.9408815586105057f,-0.13615241957596014f,0f,0f,0f,1f],start_interpolation:0}
execute if entity @s[tag=aj.tultaria.bone.leftfoot] run data modify entity @s {} merge value {transformation:[-0.918216106880274f,0.1664109817148374f,-0.35942532775298014f,0.16783439092209096f,0f,0.9074569280508187f,0.4201451222287025f,0.3936191490235932f,0.39607976603915673f,0.3857840184575761f,-0.8332415676363557f,0.07349085595608719f,0f,0f,0f,1f],start_interpolation:0}
execute if entity @s[tag=aj.tultaria.bone.leftleg] run data modify entity @s {} merge value {transformation:[-0.918216106880274f,0.006480550834614355f,-0.39602674597369447f,0.1061127684779277f,0f,0.9998661379095618f,0.01636173162648678f,0.8024735489386567f,0.39607976603915673f,0.015023605515892545f,-0.918093192552733f,-0.06959594809290058f,0f,0f,0f,1f],start_interpolation:0}
execute if entity @s[tag=aj.tultaria.bone.rightfoot] run data modify entity @s {} merge value {transformation:[-0.918216106880274f,0.16050788484049683f,-0.36209998614976907f,-0.002401036995228062f,0f,0.9142097557035307f,0.4052413140049898f,0.48933354661527356f,0.39607976603915673f,0.3720991016927085f,-0.8394421227540623f,0.31002676654183475f,0f,0f,0f,1f],start_interpolation:0}
execute if entity @s[tag=aj.tultaria.bone.rightleg] run data modify entity @s {} merge value {transformation:[-0.918216106880274f,-0.1515731643582262f,-0.36592998908543595f,-0.1234412582421408f,0f,0.9238795325112867f,-0.3826834323650897f,0.8024735489386567f,0.39607976603915673f,-0.35138609143385335f,-0.8483210675688813f,0.0294239934168886f,0f,0f,0f,1f],start_interpolation:0}
execute if entity @s[tag=aj.tultaria.bone.skirt_right_back] run data modify entity @s {} merge value {transformation:[-0.9175340413954904f,-0.07719144085590593f,-0.390093276459679f,-0.29034606877229385f,-0.04905599754967625f,0.9954574426095381f,-0.0815965015039522f,0.8048628612138128f,0.3946198068836187f,-0.05573115297450326f,-0.9171527934882322f,-0.0854239439272163f,0f,0f,0f,1f],start_interpolation:0}
execute if entity @s[tag=aj.tultaria.bone.skirt_right] run data modify entity @s {} merge value {transformation:[-0.9175340413954904f,-0.16474350375050184f,-0.3619265959451816f,-0.20693068347191423f,-0.04905599754967625f,0.9500877751248092f,-0.30810181541626164f,0.8306030109309084f,0.3946198068836187f,-0.2649392336563204f,-0.8798195329070257f,0.19091587077151778f,0f,0f,0f,1f],start_interpolation:0}
execute if entity @s[tag=aj.tultaria.bone.skirt_left_back] run data modify entity @s {} merge value {transformation:[-0.9179518200813153f,0.09626907834501666f,-0.3848333672695257f,0.08490512784048715f,0.01635783797743388f,0.9784673297865453f,0.20575253504414523f,0.8997263920864875f,0.39635448420082825f,0.1825758721600125f,-0.8997606202534684f,-0.23970054422757772f,0f,0f,0f,1f],start_interpolation:0}
execute if entity @s[tag=aj.tultaria.bone.skirt_left] run data modify entity @s {} merge value {transformation:[-0.9179518200813153f,0.023662883449920027f,-0.3959855097806435f,0.22348311662821424f,0.01635783797743388f,0.9996281968450235f,0.02181488503456112f,0.8306030109309084f,0.39635448420082825f,0.0135475466119367f,-0.9179975963120452f,0.005253480440663066f,0f,0f,0f,1f],start_interpolation:0}
execute if entity @s[tag=aj.tultaria.bone.skirt_back_middle] run data modify entity @s {} merge value {transformation:[-0.918216106880274f,0.043119966320780294f,-0.3937256018728372f,-0.049111333186315956f,0f,0.9940563382223196f,0.10886687485196458f,0.897860143724713f,0.39607976603915673f,0.09996331799479292f,-0.9127585409021594f,-0.11385286760036342f,0f,0f,0f,1f],start_interpolation:0}
execute if entity @s[tag=aj.tultaria.bone.skirt_front_middle] run data modify entity @s {} merge value {transformation:[-0.918216106880274f,-0.025904856123703808f,-0.395231728856431f,0.07463413862013515f,0f,0.9978589232386036f,-0.06540312923014308f,0.8910429921514126f,0.39607976603915673f,-0.060054206699489424f,-0.9162501357118927f,0.17302138124715072f,0f,0f,0f,1f],start_interpolation:0}
execute if entity @s[tag=aj.tultaria.bone.lower] run data modify entity @s {} merge value {transformation:[-0.918216106880274f,0f,-0.39607976603915673f,0f,0f,1f,0f,0.8962235489386567f,0.39607976603915673f,0f,-0.918216106880274f,0f,0f,0f,0f,1f],start_interpolation:0}