execute if entity @s[tag=aj.tultaria.bone.head] run data modify entity @s {} merge value {transformation:[-0.9963830083951082f,0.020919631096648367f,-0.08236060718750071f,0f,0f,0.9692233244047016f,0.24618315829865098f,1.6181000942216448f,0.08497588235207473f,0.24529271588181903f,-0.9657176517770645f,0f,0f,0f,0f,1f],start_interpolation:0}
execute if entity @s[tag=aj.tultaria.bone.bust] run data modify entity @s {} merge value {transformation:[-0.9793406217655515f,-0.1011087861660189f,-0.175125554731162f,0.014534388011365196f,0f,0.8660254037844387f,-0.49999999999999994f,1.5087250942216448f,0.20221757233203783f,-0.4896703108827757f,-0.848133857407015f,0.07039010718939903f,0f,0f,0f,1f],start_interpolation:0}
execute if entity @s[tag=aj.tultaria.bone.left_wing] run data modify entity @s {} merge value {transformation:[-0.8274074411415105f,0f,-0.5616021067834928f,0.03593159231884224f,0f,1f,0f,1.3993500942216448f,0.5616021067834928f,0f,-0.8274074411415105f,-0.13505617599144631f,0f,0f,0f,1f],start_interpolation:0}
execute if entity @s[tag=aj.tultaria.bone.right_wing] run data modify entity @s {} merge value {transformation:[-0.9821780704706305f,0f,0.18795275440011194f,-0.0864859854018517f,0f,1f,0f,1.3993500942216448f,-0.18795275440011194f,0f,-0.9821780704706305f,-0.10977897944994153f,0f,0f,0f,1f],start_interpolation:0}
execute if entity @s[tag=aj.tultaria.bone.body] run data modify entity @s {} merge value {transformation:[-0.9793406217655515f,0f,-0.20221757233203783f,0.5907790970487946f,0f,1f,0f,0.3368500942216448f,0.20221757233203783f,0f,-0.9793406217655515f,0.3885615247167568f,0f,0f,0f,1f],start_interpolation:0}
execute if entity @s[tag=aj.tultaria.locator_origin.locator_right_hand] at @s on origin run tp @s ^-0.56139 ^0.79844 ^0.09511 ~-28.05502 ~-3.42055
execute if entity @s[tag=aj.tultaria.bone.right_ring] run data modify entity @s {} merge value {transformation:[0.9700228369822229f,0.19385080338323182f,0.14655224925136834f,-0.47995537485682427f,-0.21451672596238872f,0.9664057938916666f,0.14157123936377364f,1.062432978288697f,-0.11418524429775073f,-0.16876524393456455f,0.9790199295338013f,0.03382743913842316f,0f,0f,0f,1f],start_interpolation:0}
execute if entity @s[tag=aj.tultaria.locator_origin.locator_sword] at @s on origin run tp @s ^-0.55661 ^0.85791 ^0.07081 ~-28.05502 ~-3.42055
execute if entity @s[tag=aj.tultaria.bone.sword] run data modify entity @s {} merge value {transformation:[-0.000008613994806123554f,0.0000019385080338323183f,-0.000004694814169149191f,-0.5566146190053379f,0.0000024999999999999998f,0.000009664057938916666f,-5.966440758624442e-7f,0.8579119545063598f,0.0000044214356808706884f,-0.0000016876524393456457f,-0.000008809241497648605f,0.0707973829117541f,0f,0f,0f,1f],start_interpolation:0}
execute if entity @s[tag=aj.tultaria.bone.right_hand] run data modify entity @s {} merge value {transformation:[-0.8613994806123553f,0.19385080338323182f,-0.469481416914919f,-0.49368006966396794f,0.24999999999999994f,0.9664057938916666f,-0.05966440758624442f,1.2078403453730595f,0.4421435680870688f,-0.16876524393456455f,-0.8809241497648603f,-0.07512876926680821f,0f,0f,0f,1f],start_interpolation:0}
execute if entity @s[tag=aj.tultaria.bone.right_arm] run data modify entity @s {} merge value {transformation:[-0.8613994806123553f,0.3587575496632645f,-0.3595607811766666f,-0.3366483387319083f,0.24999999999999994f,0.9156751133619656f,0.31470476127563013f,1.4931000942216448f,0.4421435680870688f,0.18119632261489638f,-0.8784514544754728f,0.069512290489138f,0f,0f,0f,1f],start_interpolation:0}
execute if entity @s[tag=aj.tultaria.locator_origin.locator_left_hand] at @s on origin run tp @s ^0.5615 ^0.80049 ^-0.14683 ~4.64895 ~-3.13979
execute if entity @s[tag=aj.tultaria.bone.left_ring] run data modify entity @s {} merge value {transformation:[0.8801342446847927f,-0.2452541858796809f,-0.40646536831767593f,0.46233341540706696f,0.2536563662637791f,0.9666954024838342f,-0.03403596143012723f,1.0645642394062516f,0.4012756648327738f,-0.07314631313410452f,0.9130320135065926f,-0.16943053891218016f,0f,0f,0f,1f],start_interpolation:0}
execute if entity @s[tag=aj.tultaria.bone.left_hand] run data modify entity @s {} merge value {transformation:[-0.9660749985602111f,-0.2452541858796809f,0.08092886670022514f,0.4315995301165129f,-0.24999999999999994f,0.9666954024838342f,-0.054772244947761506f,1.210475498080498f,-0.06480044102386903f,-0.07314631313410452f,-0.9952138060326532f,-0.2741609446549452f,0f,0f,0f,1f],start_interpolation:0}
execute if entity @s[tag=aj.tultaria.bone.left_arm] run data modify entity @s {} merge value {transformation:[-0.9660749985602111f,-0.2576487634972456f,-0.017782345886533157f,0.3366483387319083f,-0.24999999999999994f,0.9156751133619656f,0.31470476127563013f,1.5243500942216448f,-0.06480044102386903f,0.30847398826787925f,-0.9490230246970935f,-0.069512290489138f,0f,0f,0f,1f],start_interpolation:0}
execute if entity @s[tag=aj.tultaria.bone.leftfoot] run data modify entity @s {} merge value {transformation:[-0.9793406217655515f,0.07738531466456004f,-0.1868246761916904f,0.15085442382988676f,0f,0.9238795325112867f,0.3826834323650897f,0.4306000942216448f,0.20221757233203783f,0.37477743059180235f,-0.9047927558060705f,0.11244257839427596f,0f,0f,0f,1f],start_interpolation:0}
execute if entity @s[tag=aj.tultaria.bone.leftleg] run data modify entity @s {} merge value {transformation:[-0.9793406217655515f,0f,-0.20221757233203783f,0.11799406832593061f,0f,1f,0f,0.8368500942216448f,0.20221757233203783f,0f,-0.9793406217655515f,-0.04670027264262616f,0f,0f,0f,1f],start_interpolation:0}
execute if entity @s[tag=aj.tultaria.bone.rightfoot] run data modify entity @s {} merge value {transformation:[-0.9793406217655515f,0.07738531466456006f,-0.1868246761916904f,-0.06504429315183007f,0f,0.9238795325112867f,0.38268343236508984f,0.5237100918982616f,0.20221757233203783f,0.37477743059180246f,-0.9047927558060704f,0.3031362744367895f,0f,0f,0f,1f],start_interpolation:0}
execute if entity @s[tag=aj.tultaria.bone.rightleg] run data modify entity @s {} merge value {transformation:[-0.9793406217655515f,-0.07738531466456004f,-0.1868246761916904f,-0.12684108711545727f,0f,0.9238795325112867f,-0.3826834323650897f,0.8368500942216448f,0.20221757233203783f,-0.37477743059180235f,-0.9047927558060705f,0.0038541204403832914f,0f,0f,0f,1f],start_interpolation:0}
execute if entity @s[tag=aj.tultaria.bone.skirt_right_back] run data modify entity @s {} merge value {transformation:[-0.9793406217655515f,-0.017624422713227034f,-0.20144807341816015f,-0.2686169649381044f,0f,0.9961946980917455f,-0.08715574274765811f,0.8400088975328321f,0.20221757233203783f,-0.08535515929292994f,-0.9756139350287159f,-0.14188927860406672f,0f,0f,0f,1f],start_interpolation:0}
execute if entity @s[tag=aj.tultaria.bone.skirt_right] run data modify entity @s {} merge value {transformation:[-0.9793406217655515f,-0.0608079967619186f,-0.19285832647222015f,-0.24117945525034604f,0f,0.9537169507482269f,-0.30070579950427306f,0.8649750942216448f,0.20221757233203783f,-0.29449340465502205f,-0.9340137515341144f,0.145527225941218f,0f,0f,0f,1f],start_interpolation:0}
execute if entity @s[tag=aj.tultaria.bone.skirt_left_back] run data modify entity @s {} merge value {transformation:[-0.9793406217655515f,0.03511471292768904f,-0.1991454330278978f,0.13040837455369708f,0f,0.984807753012208f,0.17364817766693033f,0.9274750942216448f,0.20221757233203783f,0.1700607142847865f,-0.9644622371545114f,-0.21838251182560992f,0f,0f,0f,1f],start_interpolation:0}
execute if entity @s[tag=aj.tultaria.bone.skirt_left] run data modify entity @s {} merge value {transformation:[-0.9793406217655515f,0f,-0.20221757233203783f,0.2178864612022562f,0f,1f,0f,0.8649750942216448f,0.20221757233203783f,0f,-0.9793406217655515f,0.050737738910575265f,0f,0f,0f,1f],start_interpolation:0}
execute if entity @s[tag=aj.tultaria.bone.skirt_back_middle] run data modify entity @s {} merge value {transformation:[-0.9793406217655515f,0.017624422713227048f,-0.20144807341816015f,-0.025277196541504728f,0f,0.9961946980917455f,0.08715574274765818f,0.9274750942216448f,0.20221757233203783f,0.08535515929293001f,-0.975613935028716f,-0.12241757772069393f,0f,0f,0f,1f],start_interpolation:0}
execute if entity @s[tag=aj.tultaria.bone.skirt_front_middle] run data modify entity @s {} merge value {transformation:[-0.9793406217655515f,-0.017624422713227048f,-0.20144807341816015f,0.03791579481225709f,0f,0.9961946980917455f,-0.08715574274765818f,0.9274750942216448f,0.20221757233203783f,-0.08535515929293001f,-0.975613935028716f,0.1836263665810409f,0f,0f,0f,1f],start_interpolation:0}
execute if entity @s[tag=aj.tultaria.bone.lower] run data modify entity @s {} merge value {transformation:[-0.9793406217655515f,0f,-0.20221757233203783f,0f,0f,1f,0f,0.9306000942216448f,0.20221757233203783f,0f,-0.9793406217655515f,0f,0f,0f,0f,1f],start_interpolation:0}