execute if entity @s[tag=aj.tultaria.bone.head] run data modify entity @s {} merge value {transformation:[-0.991154817171924f,-0.047080956240253324f,0.12407865229923087f,0f,-1.3877787807814457e-17f,0.9349559423209872f,0.35476384528116006f,1.7374891188963117f,-0.13271069435765181f,0.3516258942088569f,-0.9266860860749618f,0f,0f,0f,0f,1f],start_interpolation:0}
execute if entity @s[tag=aj.tultaria.bone.bust] run data modify entity @s {} merge value {transformation:[-0.89488462292658f,0.22314877976898775f,0.3865050242068849f,-0.03207763709179201f,0f,0.8660254037844387f,-0.49999999999999994f,1.6281141188963117f,-0.44629755953797556f,-0.44744231146328994f,-0.7749928169104766f,0.06431983227284788f,0f,0f,0f,1f],start_interpolation:0}
execute if entity @s[tag=aj.tultaria.bone.left_wing] run data modify entity @s {} merge value {transformation:[-0.9975562690211033f,0f,0.06986766159459029f,0.11171748387515817f,0f,1f,0f,1.5187391188963117f,-0.06986766159459029f,0f,-0.9975562690211033f,-0.08396698039469908f,0f,0f,0f,1f],start_interpolation:0}
execute if entity @s[tag=aj.tultaria.bone.right_wing] run data modify entity @s {} merge value {transformation:[-0.6559749051407924f,0f,0.7547826997391558f,-0.0001430939906643114f,0f,1f,0f,1.5187391188963117f,-0.7547826997391558f,0f,-0.6559749051407924f,-0.139754175336946f,0f,0f,0f,1f],start_interpolation:0}
execute if entity @s[tag=aj.tultaria.bone.body] run data modify entity @s {} merge value {transformation:[-0.89488462292658f,0f,0.44629755953797556f,0.22429353169430222f,0f,1f,0f,0.45623911889631175f,-0.44629755953797556f,0f,-0.89488462292658f,0.6705910912322778f,0f,0f,0f,1f],start_interpolation:0}
execute if entity @s[tag=aj.tultaria.locator_origin.locator_right_hand] at @s on origin run tp @s ^-0.8398 ^2.12104 ^-0.41454 ~26.11217 ~0.3117
execute if entity @s[tag=aj.tultaria.bone.right_ring] run data modify entity @s {} merge value {transformation:[0.6108909299125802f,0.7058490850757618f,0.3585935594070998f,-0.658625946577304f,0.7775389176494687f,-0.6202116321490483f,-0.10378228600058206f,1.9220931160719061f,0.14914926513743224f,0.34222010526081575f,-0.9277067943398066f,-0.3269429927039218f,0f,0f,0f,1f],start_interpolation:0}
execute if entity @s[tag=aj.tultaria.locator_origin.locator_sword] at @s on origin run tp @s ^-1.64991 ^2.90126 ^-1.00116 ~126.29962 ~-37.92485
execute if entity @s[tag=aj.tultaria.bone.sword] run data modify entity @s {} merge value {transformation:[0.5550392037292793f,-0.5364460760259271f,0.6357335053620764f,-0.7888085316866877f,0.7844156649195756f,0.08321855746540835f,-0.6146273149821417f,2.082362403545107f,0.27680958609186196f,0.8398215758181984f,0.46698626729047427f,-0.40718335444332676f,0f,0f,0f,1f],start_interpolation:0}
execute if entity @s[tag=aj.tultaria.bone.right_hand] run data modify entity @s {} merge value {transformation:[0.5550392037292793f,0.7058490850757618f,0.44012333660154607f,-0.5070754642278212f,0.7844156649195756f,-0.6202116321490483f,0.005440218359027752f,1.8256950690197762f,0.27680958609186196f,0.34222010526081575f,-0.897920849854222f,-0.35765118093075265f,0f,0f,0f,1f],start_interpolation:0}
execute if entity @s[tag=aj.tultaria.bone.right_arm] run data modify entity @s {} merge value {transformation:[0.5550392037292793f,0.701961516519257f,0.44629755953797556f,-0.30761658913101186f,0.7844156649195756f,-0.6202354912682604f,0f,1.6124891188963117f,0.27680958609186196f,0.350082796916965f,-0.89488462292658f,-0.1534147860911791f,0f,0f,0f,1f],start_interpolation:0}
execute if entity @s[tag=aj.tultaria.locator_origin.locator_left_hand] at @s on origin run tp @s ^1.02088 ^1.43236 ^0.31797 ~20.76214 ~-10.18542
execute if entity @s[tag=aj.tultaria.bone.left_ring] run data modify entity @s {} merge value {transformation:[-0.2831744486628683f,-0.8752410985220441f,0.392129125521691f,0.7642501693226579f,-0.9561424220476004f,0.28954873495492706f,-0.04419500929912823f,1.4843971117591006f,-0.07485920374562638f,-0.3874461892236482f,-0.918847947198362f,0.21068018016068338f,0f,0f,0f,1f],start_interpolation:0}
execute if entity @s[tag=aj.tultaria.bone.left_hand] run data modify entity @s {} merge value {transformation:[-0.33499244076995f,-0.8752410985220441f,0.3489026856946175f,0.6602033744624589f,-0.940686553231846f,0.28954873495492706f,-0.17683421234249558f,1.513060894188699f,0.053748239001673304f,-0.3874461892236482f,-0.9203241696599586f,0.06386132218886723f,0f,0f,0f,1f],start_interpolation:0}
execute if entity @s[tag=aj.tultaria.bone.left_arm] run data modify entity @s {} merge value {transformation:[-0.33499244076995f,-0.9421883012190908f,-0.007827494674260527f,0.30761658913101186f,-0.940686553231846f,0.33490931041610317f,-0.054263821883458324f,1.6437391188963117f,0.053748239001673304f,-0.010814751152674884f,-0.9984959529020261f,0.1534147860911791f,0f,0f,0f,1f],start_interpolation:0}
execute if entity @s[tag=aj.tultaria.bone.leftfoot] run data modify entity @s {} merge value {transformation:[-0.89488462292658f,0.11440842665165463f,0.43138407893737307f,0.00480496534605461f,0f,0.9665839969726892f,-0.2563501059026508f,0.6056221382813607f,-0.44629755953797556f,-0.22940376785788252f,-0.8649811556577714f,0.27044761464318573f,0f,0f,0f,1f],start_interpolation:0}
execute if entity @s[tag=aj.tultaria.bone.leftleg] run data modify entity @s {} merge value {transformation:[-0.89488462292658f,0.11506964567055819f,0.4312081728061343f,0.12162333698071572f,0f,0.9661898515701893f,-0.2578316712950049f,0.9562391188963117f,-0.44629755953797556f,-0.23072959794536038f,-0.8646284409978772f,0.03621159381572801f,0f,0f,0f,1f],start_interpolation:0}
execute if entity @s[tag=aj.tultaria.bone.rightfoot] run data modify entity @s {} merge value {transformation:[-0.8616668874442661f,0.24087017885451514f,0.446667361714178f,-0.31412480820562944f,0.2699282944604964f,0.9628792949879565f,0.0014761887220194336f,0.6547227398866154f,-0.42973118449998254f,0.12184014208006047f,-0.8946988816613959f,0.1603865229793655f,0f,0f,0f,1f],start_interpolation:0}
execute if entity @s[tag=aj.tultaria.bone.rightleg] run data modify entity @s {} merge value {transformation:[-0.8616668874442661f,0.3939581067795467f,0.31988620661851885f,-0.10209781875092928f,0.2699282944604964f,0.8895855183532163f,-0.36847838659260196f,0.9562391188963117f,-0.42973118449998254f,-0.23115928629175758f,-0.8728668245667991f,-0.07536279606876588f,0f,0f,0f,1f],start_interpolation:0}
execute if entity @s[tag=aj.tultaria.bone.skirt_right_back] run data modify entity @s {} merge value {transformation:[-0.585408848579396f,0.6184108132014127f,0.5242752579709569f,-0.08044875244133098f,0.6251686827192222f,0.7560598775698121f,-0.19374617332023183f,0.9541740901389406f,-0.5161982159520297f,0.2143397481679226f,-0.8292152158536729f,-0.23532523598123445f,0f,0f,0f,1f],start_interpolation:0}
execute if entity @s[tag=aj.tultaria.bone.skirt_right] run data modify entity @s {} merge value {transformation:[-0.585408848579396f,0.6283615916511754f,0.5123067344302117f,-0.2821016474961326f,0.6251686827192222f,0.7522011138965894f,-0.208224884199374f,0.9852612905364534f,-0.5161982159520297f,0.19838143660718832f,-0.8331771765102606f,-0.029524189124173886f,0f,0f,0f,1f],start_interpolation:0}
execute if entity @s[tag=aj.tultaria.bone.skirt_left_back] run data modify entity @s {} merge value {transformation:[-0.9022016110982483f,-0.08202407489106149f,0.42344338945128285f,0.22408026154968824f,-0.21980182429088882f,0.9321398087473884f,-0.28775429620907333f,0.9503365462224556f,-0.371105660115987f,-0.35268601912557784f,-0.8590070785175348f,-0.0946339375899084f,0f,0f,0f,1f],start_interpolation:0}
execute if entity @s[tag=aj.tultaria.bone.skirt_left] run data modify entity @s {} merge value {transformation:[-0.9022016110982483f,-0.07386501635232809f,0.42494259881894114f,0.13737551950070181f,-0.21980182429088882f,0.9264331553375132f,-0.30562847827022965f,0.9852612905364534f,-0.371105660115987f,-0.36914166393222175f,-0.8520651506658563f,0.17967779190925215f,0f,0f,0f,1f],start_interpolation:0}
execute if entity @s[tag=aj.tultaria.bone.skirt_back_middle] run data modify entity @s {} merge value {transformation:[-0.89488462292658f,0.09884600823812861f,0.43521371566730366f,0.057083351708965405f,0f,0.9751649014568973f,-0.2214800554599891f,0.9779144887810352f,-0.44629755953797556f,-0.19819909591607035f,-0.8726600751314911f,-0.11445954067583512f,0f,0f,0f,1f],start_interpolation:0}
execute if entity @s[tag=aj.tultaria.bone.skirt_front_middle] run data modify entity @s {} merge value {transformation:[-0.89488462292658f,0.1729183838884985f,0.41143741220620994f,-0.0757112104219537f,0f,0.9218903473999405f,-0.387450883817313f,1.073423388240482f,-0.44629755953797556f,-0.34672383806742635f,-0.8249854959126496f,0.15181081890724496f,0f,0f,0f,1f],start_interpolation:0}
execute if entity @s[tag=aj.tultaria.bone.lower] run data modify entity @s {} merge value {transformation:[-0.89488462292658f,0f,0.44629755953797556f,0f,0f,1f,0f,1.0499891188963117f,-0.44629755953797556f,0f,-0.89488462292658f,0f,0f,0f,0f,1f],start_interpolation:0}