execute if entity @s[tag=aj.tultaria.bone.head] run data modify entity @s {} merge value {transformation:[-0.9962524073756454f,0.027084130192678205f,-0.0821437197230384f,0f,3.469446951953614e-18f,0.9497087754207021f,0.31313454279097097f,1.7131996401502256f,0.08649358819144358f,0.3119610420879769f,-0.9461496538186506f,0f,0f,0f,0f,1f],start_interpolation:0}
execute if entity @s[tag=aj.tultaria.bone.bust] run data modify entity @s {} merge value {transformation:[-0.9963920765273119f,0.042434743529304715f,0.07349913179891043f,-0.006099994382337548f,0f,0.8660254037844387f,-0.49999999999999994f,1.6038246401502256f,-0.08486948705860944f,-0.4981960382636559f,-0.8629008504021807f,0.07161568050040057f,0f,0f,0f,1f],start_interpolation:0}
execute if entity @s[tag=aj.tultaria.bone.left_wing] run data modify entity @s {} merge value {transformation:[-0.9530243924706563f,0f,-0.30289355779867005f,0.07288319066528315f,0f,1f,0f,1.4944496401502256f,0.30289355779867005f,0f,-0.9530243924706563f,-0.11924466662475097f,0f,0f,0f,1f],start_interpolation:0}
execute if entity @s[tag=aj.tultaria.bone.right_wing] run data modify entity @s {} merge value {transformation:[-0.8880680992493499f,0f,0.4597119218550317f,-0.05166581890063082f,0f,1f,0f,1.4944496401502256f,-0.4597119218550317f,0f,-0.8880680992493499f,-0.12985335250707708f,0f,0f,0f,1f],start_interpolation:0}
execute if entity @s[tag=aj.tultaria.bone.body] run data modify entity @s {} merge value {transformation:[-0.9963920765273119f,0f,0.08486948705860944f,0.45576129473435123f,0f,1f,0f,0.43194964015022563f,-0.08486948705860944f,0f,-0.9963920765273119f,0.5406307817929606f,0f,0f,0f,1f],start_interpolation:0}
execute if entity @s[tag=aj.tultaria.locator_origin.locator_right_hand] at @s on origin run tp @s ^-1.09725 ^1.69607 ^-0.07133 ~-0.4181 ~4.41524
execute if entity @s[tag=aj.tultaria.bone.right_ring] run data modify entity @s {} merge value {transformation:[-0.0039137705588464f,0.9953353227328914f,-0.09639646113952711f,-0.8203154503811203f,0.11157381143174006f,-0.09536065646418411f,-0.989170172316834f,1.6382361325964636f,-0.9937484425158145f,-0.014626705675971241f,-0.11068013588020795f,-0.07782089576101812f,0f,0f,0f,1f],start_interpolation:0}
execute if entity @s[tag=aj.tultaria.bone.sword] run data modify entity @s {} merge value {transformation:[0.09620115039723331f,0.39910985261150994f,0.9118424558061927f,-1.0351524471286087f,0.9924614664384896f,-0.10834555467024037f,-0.05728418994767437f,1.6913135767509795f,0.07593139203921004f,0.910479305822827f,-0.40652411659257176f,-0.08782666287523663f,0f,0f,0f,1f],start_interpolation:0}
execute if entity @s[tag=aj.tultaria.bone.right_hand] run data modify entity @s {} merge value {transformation:[0.09620115039723331f,0.9953353227328914f,-0.007275574373240251f,-0.6654763913015973f,0.9924614664384896f,-0.09536065646418411f,0.07698430251345495f,1.6305533083845714f,0.07593139203921004f,-0.014626705675971241f,-0.9970057588520019f,-0.17357560841526382f,0f,0f,0f,1f],start_interpolation:0}
execute if entity @s[tag=aj.tultaria.bone.right_arm] run data modify entity @s {} merge value {transformation:[0.09620115039723331f,0.9827003369693446f,0.1582573422707022f,-0.34250977630626345f,0.9924614664384896f,-0.10682960541479436f,0.06006390797877395f,1.5881996401502256f,0.07593139203921004f,0.15128609693972747f,-0.9855693484355788f,-0.029173886176396997f,0f,0f,0f,1f],start_interpolation:0}
execute if entity @s[tag=aj.tultaria.locator_origin.locator_left_hand] at @s on origin run tp @s ^0.94188 ^1.15361 ^-0.03611 ~5.64311 ~-1.34444
execute if entity @s[tag=aj.tultaria.bone.left_ring] run data modify entity @s {} merge value {transformation:[0.07562919412514096f,-0.7552535896165521f,0.6510547138046803f,0.7092111337767857f,-0.04997997413963451f,0.6492327333840634f,0.7589458874568457f,1.3124531987717876f,-0.9958826372524942f,-0.0899381636123962f,0.011353393547597818f,-0.06284093092032247f,0f,0f,0f,1f],start_interpolation:0}
execute if entity @s[tag=aj.tultaria.bone.left_hand] run data modify entity @s {} merge value {transformation:[-0.6480186880529568f,-0.7552535896165521f,0.09830460470108698f,0.6004188170899263f,-0.7602278340709158f,0.6492327333840634f,-0.023462698193124937f,1.411696185407442f,-0.04610228018187916f,-0.0899381636123962f,-0.9948797447370517f,-0.17016374505385798f,0f,0f,0f,1f],start_interpolation:0}
execute if entity @s[tag=aj.tultaria.bone.left_arm] run data modify entity @s {} merge value {transformation:[-0.6480186880529568f,-0.7363766404984154f,-0.19447679363459217f,0.34250977630626345f,-0.7602278340709158f,0.6099316229648292f,0.22368964126962493f,1.6194496401502256f,-0.04610228018187916f,0.29280173946846144f,-0.9550611085822073f,0.029173886176396997f,0f,0f,0f,1f],start_interpolation:0}
execute if entity @s[tag=aj.tultaria.bone.leftfoot] run data modify entity @s {} merge value {transformation:[-0.9963920765273119f,0.0024312905840670855f,0.08483465482741886f,0.10702615641497873f,0f,0.9995895788651753f,-0.028647405190372816f,0.5587142187539487f,-0.08486948705860944f,-0.02854404754475484f,-0.9959831361605332f,0.21633199873428427f,0f,0f,0f,1f],start_interpolation:0}
execute if entity @s[tag=aj.tultaria.bone.leftleg] run data modify entity @s {} merge value {transformation:[-0.9963920765273119f,0.014236294268307562f,0.08366694543903003f,0.12640552959532106f,0f,0.9858306953269441f,-0.16774337587873267f,0.9319496401502256f,-0.08486948705860944f,-0.16713817061551184f,-0.9822738936211776f,-0.011187390791708766f,0f,0f,0f,1f],start_interpolation:0}
execute if entity @s[tag=aj.tultaria.bone.rightfoot] run data modify entity @s {} merge value {transformation:[-0.994224466872693f,0.05321246234548134f,0.09319948134426702f,-0.1691976888097949f,0.06592559795137806f,0.988077294450818f,0.13912970827793908f,0.6194908609199137f,-0.08468485700798523f,0.14447039157516628f,-0.9858786847029684f,0.27033619969099465f,0f,0f,0f,1f],start_interpolation:0}
execute if entity @s[tag=aj.tultaria.bone.rightleg] run data modify entity @s {} merge value {transformation:[-0.994224466872693f,0.0931657083108702f,0.053271570904596915f,-0.1226924895365069f,0.06592559795137806f,0.9218696708899901f,-0.38185092042305546f,0.9319496401502256f,-0.08468485700798523f,-0.3761335676167646f,-0.9226873870956629f,-0.03240476255636113f,0f,0f,0f,1f],start_interpolation:0}
execute if entity @s[tag=aj.tultaria.bone.skirt_right_back] run data modify entity @s {} merge value {transformation:[-0.9097809759685466f,0.40210890998218785f,0.10299029215734647f,-0.20190021684116954f,0.3886947897385119f,0.9123552622834962f,-0.12854662894742608f,0.9410942583540157f,-0.145653479861804f,-0.07691748758604827f,-0.986341099167827f,-0.20622463633554156f,0f,0f,0f,1f],start_interpolation:0}
execute if entity @s[tag=aj.tultaria.bone.skirt_right] run data modify entity @s {} merge value {transformation:[-0.9097809759685466f,0.41071825666524897f,0.06007569731245298f,-0.2728970532508921f,0.3886947897385119f,0.8937470901339937f,-0.22390287918459945f,0.9603544621706382f,-0.145653479861804f,-0.18035146941147412f,-0.9727581463474203f,0.07408388791720623f,0f,0f,0f,1f],start_interpolation:0}
execute if entity @s[tag=aj.tultaria.bone.skirt_left_back] run data modify entity @s {} merge value {transformation:[-0.9899083864837357f,-0.12132796006263229f,0.0732182523433001f,0.17958916250112994f,-0.12744095068324654f,0.9881486183606109f,-0.08556349759661666f,0.9690133140662937f,-0.0619692702725891f,-0.09403102753376782f,-0.9936387549823259f,-0.175437946288376f,0f,0f,0f,1f],start_interpolation:0}
execute if entity @s[tag=aj.tultaria.bone.skirt_left] run data modify entity @s {} merge value {transformation:[-0.9899083864837357f,-0.11442001612273102f,0.08360290832046957f,0.1941617326212853f,-0.12744095068324654f,0.9767977492523436f,-0.17211903190671865f,0.9603544621706382f,-0.0619692702725891f,-0.18103650727416745f,-0.9815220795152054f,0.11386645997592941f,0f,0f,0f,1f],start_interpolation:0}
execute if entity @s[tag=aj.tultaria.bone.skirt_back_middle] run data modify entity @s {} merge value {transformation:[-0.9963920765273119f,0.007265593846958085f,0.08455791494379768f,0.010970706643712042f,0f,0.9963288087908838f,-0.08560902273323023f,0.9842706838730014f,-0.08486948705860944f,-0.08530015193063713f,-0.9927341306951317f,-0.12879923695251472f,0f,0f,0f,1f],start_interpolation:0}
execute if entity @s[tag=aj.tultaria.bone.skirt_front_middle] run data modify entity @s {} merge value {transformation:[-0.9963920765273119f,0.021838540988027882f,0.08201163308400646f,-0.015155202206434699f,0f,0.9663264846572078f,-0.25731911131908397f,1.038057881343851f,-0.08486948705860944f,-0.25639072365738463f,-0.962840052650933f,0.17792641289598699f,0f,0f,0f,1f],start_interpolation:0}
execute if entity @s[tag=aj.tultaria.bone.lower] run data modify entity @s {} merge value {transformation:[-0.9963920765273119f,0f,0.08486948705860944f,0f,0f,1f,0f,1.0256996401502256f,-0.08486948705860944f,0f,-0.9963920765273119f,0f,0f,0f,0f,1f],start_interpolation:0}