execute if entity @s[tag=aj.tultaria.bone.head] run data modify entity @s {} merge value {transformation:[-0.9900225824244298f,0.02544386776355933f,-0.13859255349005506f,0f,0f,0.9835621774597317f,0.18056977341368952f,1.6037351678533005f,0.14090878712721672f,0.17876815338281504f,-0.9737487669036788f,0f,0f,0f,0f,1f],start_interpolation:0}
execute if entity @s[tag=aj.tultaria.bone.bust] run data modify entity @s {} merge value {transformation:[-0.8526401643540923f,-0.26124928235797434f,-0.45249703048491924f,0.03755458433895875f,0f,0.8660254037844387f,-0.49999999999999994f,1.4943601678533005f,0.5224985647159488f,-0.4263200821770461f,-0.738408042617583f,0.061283511812950386f,0f,0f,0f,1f],start_interpolation:0}
execute if entity @s[tag=aj.tultaria.bone.left_wing] run data modify entity @s {} merge value {transformation:[-0.5877852522924731f,0f,-0.8090169943749473f,-0.012022310317362894f,0f,1f,0f,1.3849851678533005f,0.8090169943749473f,0f,-0.5877852522924731f,-0.1392361808390084f,0f,0f,0f,1f],start_interpolation:0}
execute if entity @s[tag=aj.tultaria.bone.right_wing] run data modify entity @s {} merge value {transformation:[-0.9876883405951378f,0f,-0.15643446504023084f,-0.11860233086162442f,0f,1f,0f,1.3849851678533005f,0.15643446504023084f,0f,-0.9876883405951378f,-0.07392386024951475f,0f,0f,0f,1f],start_interpolation:0}
execute if entity @s[tag=aj.tultaria.bone.body] run data modify entity @s {} merge value {transformation:[-0.8526401643540923f,0f,-0.5224985647159488f,0.6875693645350205f,0f,1f,0f,0.3224851678533005f,0.5224985647159488f,0f,-0.8526401643540923f,0.16507079981907175f,0f,0f,0f,1f],start_interpolation:0}
execute if entity @s[tag=aj.tultaria.locator_origin.locator_right_hand] at @s on origin run tp @s ^-0.48496 ^0.78071 ^0.27312 ~-47.98074 ~-3.75336
execute if entity @s[tag=aj.tultaria.bone.right_ring] run data modify entity @s {} merge value {transformation:[-0.3034880829748925f,0.10878932780189385f,-0.9466043870850362f,-0.43366310630428684f,0.23918304449083708f,0.9703494376400151f,0.034834467123823126f,1.046347386847189f,0.9223266529382739f,-0.21583987358252074f,-0.3205100532769018f,0.19015491263603626f,0f,0f,0f,1f],start_interpolation:0}
execute if entity @s[tag=aj.tultaria.bone.sword] run data modify entity @s {} merge value {transformation:[-0.000006622688503741677f,0.0000010878932780189386f,-0.0000074132641392337475f,-0.48973989855269656f,0.0000023267303806101045f,0.000009703494376400152f,-6.546163938648398e-7f,0.8403316416874287f,0.000007122241411125701f,-0.0000021583987358252076f,-0.000006679445499353546f,0.24919025579924056f,0f,0f,0f,1f],start_interpolation:0}
execute if entity @s[tag=aj.tultaria.bone.right_hand] run data modify entity @s {} merge value {transformation:[-0.6622688503741676f,0.10878932780189385f,-0.7413264139233747f,-0.4861641251405573f,0.23267303806101042f,0.9703494376400151f,-0.06546163938648397f,1.1918274577859587f,0.71222414111257f,-0.21583987358252074f,-0.6679445499353546f,0.09381013083232789f,0f,0f,0f,1f],start_interpolation:0}
execute if entity @s[tag=aj.tultaria.bone.right_arm] run data modify entity @s {} merge value {transformation:[-0.6622688503741676f,0.38661443223678843f,-0.6418171473327152f,-0.29309505649671924f,0.23267303806101042f,0.9203632457001398f,0.3143163268488669f,1.4787351678533005f,0.71222414111257f,0.05882836688647619f,-0.6994826631632353f,0.17960888162110739f,0f,0f,0f,1f],start_interpolation:0}
execute if entity @s[tag=aj.tultaria.locator_origin.locator_left_hand] at @s on origin run tp @s ^0.47277 ^0.78369 ^-0.32355 ~-14.9433 ~-3.33193
execute if entity @s[tag=aj.tultaria.bone.left_ring] run data modify entity @s {} merge value {transformation:[-0.7486862241638376f,-0.24716274352284195f,-0.615125609905455f,0.37406460139411446f,-0.19593238643750685f,0.968944336693147f,-0.15085546836353358f,1.048695515427748f,0.6333083275089628f,0.007579617704041475f,-0.773862463040598f,-0.31317241152097525f,0f,0f,0f,1f],start_interpolation:0}
execute if entity @s[tag=aj.tultaria.bone.left_hand] run data modify entity @s {} merge value {transformation:[-0.9341530249273631f,-0.24716274352284195f,-0.2574270852752665f,0.31131163347411417f,-0.24035158842687043f,0.968944336693147f,-0.05812044675463096f,1.1946442761528056f,0.2637977254635412f,0.007579617704041475f,-0.9645482411137988f,-0.4024144938591374f,0f,0f,0f,1f],start_interpolation:0}
execute if entity @s[tag=aj.tultaria.bone.left_arm] run data modify entity @s {} merge value {transformation:[-0.9341530249273631f,-0.13151636122205296f,-0.33175529046266616f,0.29309505649671924f,-0.24035158842687043f,0.9190228152925868f,0.3124550830317348f,1.5099851678533005f,0.2637977254635412f,0.371618771999745f,-0.8901181092066737f,-0.17960888162110739f,0f,0f,0f,1f],start_interpolation:0}
execute if entity @s[tag=aj.tultaria.bone.leftfoot] run data modify entity @s {} merge value {transformation:[-0.8526401643540923f,0.2029688156703153f,-0.4814648585261609f,0.17952471936725406f,0f,0.9214663752959867f,0.38845813056090833f,0.415829629616956f,0.5224985647159488f,0.33121500428613637f,-0.7856792416791398f,0.05372260925190815f,0f,0f,0f,1f],start_interpolation:0}
execute if entity @s[tag=aj.tultaria.bone.leftleg] run data modify entity @s {} merge value {transformation:[-0.8526401643540923f,0.0013080511379496842f,-0.5224969273904365f,0.09515036444110016f,0f,0.9999968663540478f,0.00250345403084656f,0.8224851678533005f,0.5224985647159488f,0.0021345454563139257f,-0.8526374924816926f,-0.08396382418473937f,0f,0f,0f,1f],start_interpolation:0}
execute if entity @s[tag=aj.tultaria.bone.rightfoot] run data modify entity @s {} merge value {transformation:[-0.8526401643540923f,0.20176285449711936f,-0.48197147288548187f,0.041663569241539064f,0f,0.9224359748193776f,0.38615006455913575f,0.5093451655299173f,0.5224985647159488f,0.32924705451104486f,-0.7865059611761214f,0.3072238726874805f,0f,0f,0f,1f],start_interpolation:0}
execute if entity @s[tag=aj.tultaria.bone.rightleg] run data modify entity @s {} merge value {transformation:[-0.8526401643540923f,-0.19995154415133226f,-0.4827257297075891f,-0.11800967664742291f,0f,0.9238795325112867f,-0.3826834323650897f,0.8224851678533005f,0.5224985647159488f,-0.32629126466735825f,-0.7877367964438055f,0.04666081699424783f,0f,0f,0f,1f],start_interpolation:0}
execute if entity @s[tag=aj.tultaria.bone.skirt_right_back] run data modify entity @s {} merge value {transformation:[-0.8526292160664447f,-0.05148222345432732f,-0.5199740383693389f,-0.3006727850005326f,-0.0075102574938234815f,0.996238992455122f,-0.08632187407824124f,0.8255202522426521f,0.5224624540981834f,-0.06969541290646022f,-0.849809115906332f,-0.04246367042460003f,0f,0f,0f,1f],start_interpolation:0}
execute if entity @s[tag=aj.tultaria.bone.skirt_right] run data modify entity @s {} merge value {transformation:[-0.8526292160664447f,-0.16384033153625666f,-0.49616505889875945f,-0.17753100446631687f,-0.0075102574938234815f,0.9533129436947994f,-0.3018907541087218f,0.8506102723081231f,0.5224624540981834f,-0.25367454966165953f,-0.8140529509262022f,0.2186703330678163f,0f,0f,0f,1f],start_interpolation:0}
execute if entity @s[tag=aj.tultaria.bone.skirt_left_back] run data modify entity @s {} merge value {transformation:[-0.8526331262907147f,0.0954076260402752f,-0.5137257408823129f,0.04878979763651897f,0.002503440084294732f,0.9839228860309227f,0.17857627819036817f,0.9141267552750988f,0.5225040523665502f,0.1509739687427552f,-0.839164093620905f,-0.24963020290527932f,0f,0f,0f,1f],start_interpolation:0}
execute if entity @s[tag=aj.tultaria.bone.skirt_left] run data modify entity @s {} merge value {transformation:[-0.8526331262907147f,0.003878606758030462f,-0.5224956539162204f,0.2221440725746639f,0.002503440084294732f,0.9999912954476309f,0.0033379359959628705f,0.8506102723081231f,0.5225040523665502f,0.0015379982397124789f,-0.8526354143606446f,-0.026250869142784725f,0f,0f,0f,1f],start_interpolation:0}
execute if entity @s[tag=aj.tultaria.bone.skirt_back_middle] run data modify entity @s {} merge value {transformation:[-0.8526401643540923f,0.047275926865899244f,-0.5203553947728385f,-0.06523538093099658f,0f,0.9958982280759463f,0.09048049135139793f,0.9138400976244978f,0.5224985647159488f,0.07714730101669495f,-0.8491428288666242f,-0.10645446643273605f,0f,0f,0f,1f],start_interpolation:0}
execute if entity @s[tag=aj.tultaria.bone.skirt_front_middle] run data modify entity @s {} merge value {transformation:[-0.8526401643540923f,-0.04380106673308385f,-0.5206594056417981f,0.0980445109178223f,0f,0.996480068657891f,-0.08383002306790233f,0.9127969926257594f,0.5224985647159488f,-0.07147684464642359f,-0.8496389295160413f,0.15999410055496538f,0f,0f,0f,1f],start_interpolation:0}
execute if entity @s[tag=aj.tultaria.bone.lower] run data modify entity @s {} merge value {transformation:[-0.8526401643540923f,0f,-0.5224985647159488f,0f,0f,1f,0f,0.9162351678533005f,0.5224985647159488f,0f,-0.8526401643540923f,0f,0f,0f,0f,1f],start_interpolation:0}