execute if entity @s[tag=aj.labyria.bone.wing_right_1] run data modify entity @s {} merge value {transformation:[-0.695783342739023f,-0.3477005003054052f,0.24886612163716976f,0.2351055750319831f,-0.2802774487861362f,0.7298337872414504f,0.23607549459268376f,0.9952019493956596f,-0.3229156795717583f,0.1157214307404484f,-0.7411332260791831f,0.1518723202626372f,0f,0f,0f,1f],start_interpolation:0}
execute if entity @s[tag=aj.labyria.bone.wing_right_2] run data modify entity @s {} merge value {transformation:[-0.760044940712621f,-0.05384680936581879f,0.24378722119559487f,0.2351055750319831f,0.01993733916693488f,0.7655863192982033f,0.2312576273560984f,0.9952019493956596f,-0.24886580842713474f,0.2257833227334355f,-0.7260080582000161f,0.1518723202626372f,0f,0f,0f,1f],start_interpolation:0}
execute if entity @s[tag=aj.labyria.bone.wing_left_1] run data modify entity @s {} merge value {transformation:[-0.13183061424609252f,-0.2017698300780344f,0.780291015751318f,0.18581904263173166f,0.2802774487861364f,0.7298337872414504f,0.2360754945926836f,0.9952019493956595f,-0.7556518280887548f,0.3059019828564808f,-0.0485668203101739f,0.08764086069926927f,0f,0f,0f,1f],start_interpolation:0}
execute if entity @s[tag=aj.labyria.bone.wing_left_2] run data modify entity @s {} merge value {transformation:[-0.043671805849834384f,-0.23202652235546353f,0.7643667093074136f,0.18581904263173166f,-0.01993733916693463f,0.7655863192982034f,0.23125762735609823f,0.9952019493956595f,-0.798558248270442f,-0.006425000160233368f,-0.047575660712007084f,0.08764086069926927f,0f,0f,0f,1f],start_interpolation:0}
execute if entity @s[tag=aj.labyria.bone.musket] run data modify entity @s {} merge value {transformation:[-1.4403066741838018f,0.7519447581258715f,-0.0524633744017912f,-0.49443108161003335f,-0.03813770722552946f,-0.1856969865538619f,-1.6145336122538279f,0.7001896387126931f,-0.7528073061641849f,-1.4292488763461875f,0.18216874011197073f,0.44244168330462996f,0f,0f,0f,1f],start_interpolation:0}
execute if entity @s[tag=aj.labyria.bone.omega_blade] run data modify entity @s {} merge value {transformation:[-0.00001589511222939792f,0.000008298403760082098f,-5.789817120176555e-7f,-0.49443108161003335f,-4.208847652984988e-7f,-0.0000020493374743314976f,-0.00001781786714239364f,0.7001896387126931f,-0.00000830792277302426f,-0.000015773079234071787f,0.0000020104000215153368f,0.44244168330462996f,0f,0f,0f,1f],start_interpolation:0}
execute if entity @s[tag=aj.labyria.bone.arm_right_2] run data modify entity @s {} merge value {transformation:[-0.4487743465026459f,-0.8860017988058757f,-0.11662932064398021f,-0.36900127500695373f,0.29459334359297495f,-0.02346033508683093f,-0.9553346924446555f,0.696405418958224f,0.8436920930243654f,-0.46308792382264363f,0.27153862888693864f,0.22627375911350345f,0f,0f,0f,1f],start_interpolation:0}
execute if entity @s[tag=aj.labyria.bone.arm_right_1] run data modify entity @s {} merge value {transformation:[-0.3106724030304822f,-0.8860017988058757f,0.3442142799304219f,-0.28471936619200655f,-0.7113641536370661f,-0.02346033508683093f,-0.7024319565608002f,0.9406298024964689f,0.6304313594004394f,-0.46308792382264363f,-0.6229814410511337f,0.05264904433512524f,0f,0f,0f,1f],start_interpolation:0}
execute if entity @s[tag=aj.labyria.bone.arm_left_2] run data modify entity @s {} merge value {transformation:[0.7799742343580659f,-0.0977179864133273f,0.618135413051925f,-0.18455165334417373f,0.6184241114381692f,-0.030968041606397767f,-0.7852341044497336f,0.6936492006308096f,0.09587393873968028f,0.9947322129751248f,0.036276884377670286f,0.5446630460793794f,0f,0f,0f,1f],start_interpolation:0}
execute if entity @s[tag=aj.labyria.bone.arm_left_1] run data modify entity @s {} merge value {transformation:[0.6607865851177223f,-0.0977179864133273f,0.7441856516083768f,0.0322689448975789f,0.7453833308736151f,-0.030968041606397767f,-0.665916414015167f,0.9382281060737145f,0.08811798331903825f,0.9947322129751248f,0.05237409173815355f,0.5735767593559389f,0f,0f,0f,1f],start_interpolation:0}
execute if entity @s[tag=aj.labyria.bone.ribbon_left_himo_1] run data modify entity @s {} merge value {transformation:[-0.6087614290087207f,0.2037912906884857f,0.7667324385930088f,0.07711470608526269f,1.943155257561044e-16f,0.9664450877733063f,-0.25687330012838283f,1.3571616387771108f,-0.7933533402912353f,-0.15637455726034014f,-0.5883344926913364f,0.6008891550237351f,0f,0f,0f,1f],start_interpolation:0}
execute if entity @s[tag=aj.labyria.bone.ribbon_left_himo_2] run data modify entity @s {} merge value {transformation:[-0.6087614290087207f,0.2037912906884857f,0.7667324385930088f,0.17894635808589665f,1.943155257561044e-16f,0.9664450877733063f,-0.25687330012838283f,1.3230456536038098f,-0.7933533402912353f,-0.15637455726034014f,-0.5883344926913364f,0.5227509802131669f,0f,0f,0f,1f],start_interpolation:0}
execute if entity @s[tag=aj.labyria.bone.ribbon_left] run data modify entity @s {} merge value {transformation:[-0.6087614290087207f,0.2037912906884857f,0.7667324385930088f,0.14949585552904826f,1.943155257561044e-16f,0.9664450877733063f,-0.25687330012838283f,1.443432934834283f,-0.7933533402912353f,-0.15637455726034014f,-0.5883344926913364f,0.5446795196646371f,0f,0f,0f,1f],start_interpolation:0}
execute if entity @s[tag=aj.labyria.bone.ribbon_right_himo_1] run data modify entity @s {} merge value {transformation:[-0.6087614290087207f,0.2037912906884857f,0.7667324385930088f,-0.2887889603382915f,1.943155257561044e-16f,0.9664450877733063f,-0.25687330012838283f,1.3571616387771108f,-0.7933533402912353f,-0.15637455726034014f,-0.5883344926913364f,0.12403421292493441f,0f,0f,0f,1f],start_interpolation:0}
execute if entity @s[tag=aj.labyria.bone.ribbon_right_himo_2] run data modify entity @s {} merge value {transformation:[-0.6087614290087207f,0.2037912906884857f,0.7667324385930088f,-0.18695730833765756f,1.943155257561044e-16f,0.9664450877733063f,-0.25687330012838283f,1.3230456536038098f,-0.7933533402912353f,-0.15637455726034014f,-0.5883344926913364f,0.045896038114366294f,0f,0f,0f,1f],start_interpolation:0}
execute if entity @s[tag=aj.labyria.bone.ribbon_right] run data modify entity @s {} merge value {transformation:[-0.6087614290087207f,0.2037912906884857f,0.7667324385930088f,-0.21576100187618413f,1.943155257561044e-16f,0.9664450877733063f,-0.25687330012838283f,1.443432934834283f,-0.7933533402912353f,-0.15637455726034014f,-0.5883344926913364f,0.06866751548989597f,0f,0f,0f,1f],start_interpolation:0}
execute if entity @s[tag=aj.labyria.bone.crown] run data modify entity @s {} merge value {transformation:[-0.5502228441492751f,0.33072071206004156f,0.7667324385930088f,0.1143649770513818f,0.20917700169003056f,0.9435364802937525f,-0.25687330012838283f,1.7212490011071686f,-0.8083933471647645f,0.019045234820721846f,-0.5883344926913364f,0.4061993864931127f,0f,0f,0f,1f],start_interpolation:0}
execute if entity @s[tag=aj.labyria.bone.ear_edge_a1] run data modify entity @s {} merge value {transformation:[-0.5693865840972365f,0.29651355021195747f,0.7667324385930088f,0.1426655154625307f,0.15118532029657633f,0.9545465450191389f,-0.25687330012838283f,1.7134826914223196f,-0.808048214388784f,-0.030341521595425067f,-0.5883344926913364f,0.41787135798781183f,0f,0f,0f,1f],start_interpolation:0}
execute if entity @s[tag=aj.labyria.bone.ear_edge_a2] run data modify entity @s {} merge value {transformation:[-0.6087614290087207f,0.20379129068848567f,0.7667324385930088f,0.07459900581564329f,1.942890293094024e-16f,0.9664450877733063f,-0.25687330012838283f,1.723221928483692f,-0.7933533402912354f,-0.15637455726034014f,-0.5883344926913364f,0.32491309772573196f,0f,0f,0f,1f],start_interpolation:0}
execute if entity @s[tag=aj.labyria.bone.ear_edge_b1] run data modify entity @s {} merge value {transformation:[-0.5413770375387686f,0.3450105372810592f,0.7667324385930088f,0.06012110268334474f,0.2338042276271057f,0.9377375383468693f,-0.25687330012838283f,1.7190471901439257f,-0.8076177848273522f,0.04019997935557473f,-0.5883344926913364f,0.3078678636209663f,0f,0f,0f,1f],start_interpolation:0}
execute if entity @s[tag=aj.labyria.bone.ear_edge_b2] run data modify entity @s {} merge value {transformation:[-0.6214942785820906f,0.16082981470779995f,0.7667324385930088f,0.07987873196863263f,-0.0674158013903973f,0.9640908761128508f,-0.25687330012838283f,1.7287127799398596f,-0.7805126337303052f,-0.21133516815005138f,-0.5883344926913364f,0.32939640476805443f,0f,0f,0f,1f],start_interpolation:0}
execute if entity @s[tag=aj.labyria.bone.ear_right_2] run data modify entity @s {} merge value {transformation:[-0.5886833266757832f,0.256072857802524f,0.7667324385930088f,0.16036143813267345f,0.08423123944970841f,0.9627674724365793f,-0.25687330012838283f,1.8219082309477532f,-0.8039633319963662f,-0.0866342052247767f,-0.5883344926913364f,0.3404773095685642f,0f,0f,0f,1f],start_interpolation:0}
execute if entity @s[tag=aj.labyria.bone.ear_right_1] run data modify entity @s {} merge value {transformation:[-0.5886833266757832f,0.256072857802524f,0.7667324385930088f,0.10274504512710564f,0.08423123944970841f,0.9627674724365793f,-0.25687330012838283f,1.6052855496495233f,-0.8039633319963662f,-0.0866342052247767f,-0.5883344926913364f,0.35997000574413895f,0f,0f,0f,1f],start_interpolation:0}
execute if entity @s[tag=aj.labyria.bone.ear_edge_a3] run data modify entity @s {} merge value {transformation:[-0.6118826302655092f,-0.19803716578446617f,0.7657551356324152f,-0.12835186614801586f,-0.15293026775115554f,0.9795004562025806f,0.1311151764842503f,1.7040940503194082f,-0.7760231826336905f,-0.036880038869178074f,-0.6296251922755995f,0.13587379888727213f,0f,0f,0f,1f],start_interpolation:0}
execute if entity @s[tag=aj.labyria.bone.ear_edge_a4] run data modify entity @s {} merge value {transformation:[-0.6353291778135054f,-0.09987946771682928f,0.7657551356324152f,-0.05617799082424105f,0.0021801874908038976f,0.9913647448230186f,0.1311151764842503f,1.713833287380781f,-0.77223835866999f,0.08497078704233609f,-0.6296251922755995f,0.22568036661597782f,0f,0f,0f,1f],start_interpolation:0}
execute if entity @s[tag=aj.labyria.bone.ear_edge_b3] run data modify entity @s {} merge value {transformation:[-0.5482965126605006f,-0.5284028460204863f,0.6481985548593766f,-0.003604186575578358f,-0.21810583953303453f,0.8386218167399733f,0.4991425560391909f,1.7132803389161875f,-0.807341796865444f,0.13230223280503284f,-0.5750611639024835f,0.21165273975280965f,0f,0f,0f,1f],start_interpolation:0}
execute if entity @s[tag=aj.labyria.bone.ear_edge_b4] run data modify entity @s {} merge value {transformation:[-0.684746430524096f,-0.3331080295680749f,0.6481985548593766f,-0.02661155481814488f,0.05171741329632691f,0.8649751545059545f,0.4991425560391909f,1.7216915385678178f,-0.7269440384558129f,0.3753092361302538f,-0.5750611639024835f,0.19302001713985395f,0f,0f,0f,1f],start_interpolation:0}
execute if entity @s[tag=aj.labyria.bone.ear_left_2] run data modify entity @s {} merge value {transformation:[-0.624206489286701f,-0.4361248585102525f,0.6481985548593766f,-0.0842915082031728f,-0.084231239449708f,0.8624162608922845f,0.4991425560391909f,1.827536571318291f,-0.7767054506266438f,0.2569694548734989f,-0.5750611639024835f,0.16553371962996224f,0f,0f,0f,1f],start_interpolation:0}
execute if entity @s[tag=aj.labyria.bone.ear_left_1] run data modify entity @s {} merge value {transformation:[-0.624206489286701f,-0.15487198256932605f,0.7657551356324152f,-0.0494453121250745f,-0.084231239449708f,0.9877823185278575f,0.1311151764842503f,1.6052855496495233f,-0.7767054506266438f,0.017342439816142557f,-0.6296251922755995f,0.16163167067133016f,0f,0f,0f,1f],start_interpolation:0}
execute if entity @s[tag=aj.labyria.bone.head] run data modify entity @s {} merge value {transformation:[-0.6087614290087207f,0.2037912906884857f,0.7667324385930088f,-0.1017535586828649f,1.943155257561044e-16f,0.9664450877733063f,-0.25687330012838283f,1.1180097327947156f,-0.7933533402912353f,-0.15637455726034014f,-0.5883344926913364f,0.35932825170026317f,0f,0f,0f,1f],start_interpolation:0}