execute if entity @s[tag=aj.labyria.bone.wing_right_1] run data modify entity @s {} merge value {transformation:[-0.7685748931915464f,-0.1206781676282529f,0.2483422192417849f,0.19367665913686766f,-0.125543511690303f,0.8069512844157951f,0.0035910578677270707f,1.283609855096777f,-0.24591849192875714f,-0.03479725394380874f,-0.7779830916478201f,-0.25007580359702614f,0f,0f,0f,1f],start_interpolation:0}
execute if entity @s[tag=aj.labyria.bone.wing_right_2] run data modify entity @s {} merge value {transformation:[-0.7408184311065086f,0.17890167091931192f,0.24327401068583013f,0.19367665913686766f,0.18888470829197573f,0.7773739076280092f,0.003517770972467335f,1.283609855096777f,-0.2356069165078699f,0.06069596264528411f,-0.7621058856958238f,-0.25007580359702614f,0f,0f,0f,1f],start_interpolation:0}
execute if entity @s[tag=aj.labyria.bone.wing_left_1] run data modify entity @s {} merge value {transformation:[-0.543529191909401f,0.11068118407283992f,0.5993914726445416f,0.14593062778446586f,0.15765558120515696f,0.8012890601539406f,-0.0050004236743333794f,1.2847783781547086f,-0.5887827950115578f,0.11238310377584705f,-0.5546614307201552f,-0.2804496697168593f,0f,0f,0f,1f],start_interpolation:0}
execute if entity @s[tag=aj.labyria.bone.wing_left_2] run data modify entity @s {} merge value {transformation:[-0.5333988745927069f,-0.10358550480147147f,0.5871589936109796f,0.14593062778446586f,-0.1576998692519425f,0.7842874199985637f,-0.0048983742115918825f,1.2847783781547086f,-0.5749925145783675f,-0.11900960476793832f,-0.54334180968505f,-0.2804496697168593f,0f,0f,0f,1f],start_interpolation:0}
execute if entity @s[tag=aj.labyria.bone.musket] run data modify entity @s {} merge value {transformation:[-1.3325331340246416f,-0.8984988659170685f,0.24436013442705404f,-0.4844348689779069f,0.6230380427481392f,-0.543325934608267f,1.3997418214426616f,0.8907035344962837f,-0.6919795406224326f,1.2410291524991652f,0.7897262808291059f,-0.2946957785261524f,0f,0f,0f,1f],start_interpolation:0}
execute if entity @s[tag=aj.labyria.bone.omega_blade] run data modify entity @s {} merge value {transformation:[-0.000014705731837780876f,-0.00000991576347435298f,0.00000269673940330094f,-0.4844348689779069f,0.00000687579929342347f,-0.000005996102679059602f,0.000015447441675309285f,0.8907035344962837f,-0.00000763663229212889f,0.000013695901027541507f,0.000008715357700746f,-0.2946957785261524f,0f,0f,0f,1f],start_interpolation:0}
execute if entity @s[tag=aj.labyria.bone.arm_right_2] run data modify entity @s {} merge value {transformation:[-0.24715794349767642f,-0.8197051189694067f,0.5167170104625453f,-0.3212293325499899f,-0.9070804943799955f,0.3832606183764027f,0.17411569463170162f,1.1893074781593427f,-0.34076080713800116f,-0.42566984428907806f,-0.8382644308221424f,-0.31442886901604516f,0f,0f,0f,1f],start_interpolation:0}
execute if entity @s[tag=aj.labyria.bone.arm_right_1] run data modify entity @s {} merge value {transformation:[-0.1347754728762837f,-0.8197051189694067f,0.556703772078405f,-0.2740138553519255f,-0.8513477464300718f,0.3832606183764027f,0.35821545618548517f,1.498997946780987f,-0.5069936750684491f,-0.42566984428907806f,-0.7495082368483353f,-0.12651470683487168f,0f,0f,0f,1f],start_interpolation:0}
execute if entity @s[tag=aj.labyria.bone.arm_left_2] run data modify entity @s {} merge value {transformation:[-0.10093386471880991f,0.7205898031414619f,0.6859757215539589f,0.36503427777652764f,0.9081967771796388f,0.34823966122865463f,-0.23218043041537678f,1.1371846521632132f,-0.40619080353134873f,0.5995660713848823f,-0.6895865117377631f,0.23721815192176296f,0f,0f,0f,1f],start_interpolation:0}
execute if entity @s[tag=aj.labyria.bone.arm_left_1] run data modify entity @s {} merge value {transformation:[-0.3652656455073981f,0.7205898031414619f,0.5893482364617828f,0.2268003503256095f,0.9256617952189294f,0.34823966122865463f,0.1479167983003314f,1.4874991890439846f,-0.09864709364260521f,0.5995660713848823f,-0.7942224354423425f,0.19988539053684473f,0f,0f,0f,1f],start_interpolation:0}
execute if entity @s[tag=aj.labyria.bone.himo_right_2] run data modify entity @s {} merge value {transformation:[-0.8435614669159746f,0.15620535814860348f,0.5138131349238123f,-0.2789600817605497f,0.020645088124677153f,0.9654886204104568f,-0.25962570018054243f,1.1653892606014922f,-0.5366356602676472f,-0.20840251904326668f,-0.8176738703086504f,0.14443245488953915f,0f,0f,0f,1f],start_interpolation:0}
execute if entity @s[tag=aj.labyria.bone.himo_right_1] run data modify entity @s {} merge value {transformation:[-0.8435614669159746f,0.08780292764123579f,0.5298062829300887f,-0.25918574355950497f,0.020645088124677153f,0.9911166854678678f,-0.13138301307060865f,1.350402495295026f,-0.5366356602676472f,-0.09989174983358398f,-0.8378805442569313f,0.12046599839413635f,0f,0f,0f,1f],start_interpolation:0}
execute if entity @s[tag=aj.labyria.bone.himo_left_2] run data modify entity @s {} merge value {transformation:[-0.8435614669159746f,0.15620535814860348f,0.5138131349238123f,-0.015347123349307698f,0.020645088124677153f,0.9654886204104568f,-0.25962570018054243f,1.1589376705625303f,-0.5366356602676472f,-0.20840251904326668f,-0.8176738703086504f,0.3121310987231789f,0f,0f,0f,1f],start_interpolation:0}
execute if entity @s[tag=aj.labyria.bone.himo_left_1] run data modify entity @s {} merge value {transformation:[-0.8435614669159746f,0.08780292764123579f,0.5298062829300887f,0.004427214851737058f,0.020645088124677153f,0.9911166854678678f,-0.13138301307060865f,1.3439509052560643f,-0.5366356602676472f,-0.09989174983358398f,-0.8378805442569313f,0.2881646422277761f,0f,0f,0f,1f],start_interpolation:0}
execute if entity @s[tag=aj.labyria.bone.ribbon_left_himo_1] run data modify entity @s {} merge value {transformation:[-0.9968717165359786f,-0.045062370793259754f,0.06493199141488343f,0.26824715612129724f,-0.04310595759838148f,0.9985824894758552f,0.03122319861465129f,1.7748187188037712f,-0.06624694098702416f,0.0283265679300228f,-0.9974010970312635f,0.13015421642544184f,0f,0f,0f,1f],start_interpolation:0}
execute if entity @s[tag=aj.labyria.bone.ribbon_left_himo_2] run data modify entity @s {} merge value {transformation:[-0.9968717165359786f,-0.045062370793259754f,0.06493199141488343f,0.27687093623108644f,-0.04310595759838148f,0.9985824894758552f,0.03122319861465129f,1.7789655498697796f,-0.06624694098702416f,0.0283265679300228f,-0.9974010970312635f,-0.0023131167740228636f,0f,0f,0f,1f],start_interpolation:0}
execute if entity @s[tag=aj.labyria.bone.ribbon_left] run data modify entity @s {} merge value {transformation:[-0.9968717165359786f,-0.045062370793259754f,0.06493199141488343f,0.2672115302114755f,-0.04310595759838148f,0.9985824894758552f,0.03122319861465129f,1.8836345535012802f,-0.06624694098702416f,0.0283265679300228f,-0.9974010970312635f,0.06691394426086338f,0f,0f,0f,1f],start_interpolation:0}
execute if entity @s[tag=aj.labyria.bone.ribbon_right_himo_1] run data modify entity @s {} merge value {transformation:[-0.9968717165359786f,-0.045062370793259754f,0.06493199141488343f,-0.33093504999910944f,-0.04310595759838148f,0.9985824894758552f,0.03122319861465129f,1.748909344164794f,-0.06624694098702416f,0.0283265679300228f,-0.9974010970312635f,0.0903356644584286f,0f,0f,0f,1f],start_interpolation:0}
execute if entity @s[tag=aj.labyria.bone.ribbon_right_himo_2] run data modify entity @s {} merge value {transformation:[-0.9968717165359786f,-0.045062370793259754f,0.06493199141488343f,-0.32231126988932024f,-0.04310595759838148f,0.9985824894758552f,0.03122319861465129f,1.7530561752308025f,-0.06624694098702416f,0.0283265679300228f,-0.9974010970312635f,-0.04213166874103609f,0f,0f,0f,1f],start_interpolation:0}
execute if entity @s[tag=aj.labyria.bone.ribbon_right] run data modify entity @s {} merge value {transformation:[-0.9968717165359786f,-0.045062370793259754f,0.06493199141488343f,-0.3309114997101117f,-0.04310595759838148f,0.9985824894758552f,0.03122319861465129f,1.8577709789422512f,-0.06624694098702416f,0.0283265679300228f,-0.9974010970312635f,0.027165779668648877f,0f,0f,0f,1f],start_interpolation:0}
execute if entity @s[tag=aj.labyria.bone.crown] run data modify entity @s {} merge value {transformation:[-0.9829951586024988f,0.17176831679604376f,0.06493199141488343f,0.12252734276628613f,0.17404863422112277f,0.9842419340761862f,0.03122319861465129f,2.16003974228902f,-0.058545632542575964f,0.041993577497304604f,-0.9974010970312635f,0.08301829459533658f,0f,0f,0f,1f],start_interpolation:0}
execute if entity @s[tag=aj.labyria.bone.ear_edge_a1] run data modify entity @s {} merge value {transformation:[-0.9916478793601353f,0.11143751545796496f,0.06493199141488343f,0.15018593633593053f,0.11363746580958761f,0.9930315393947186f,0.03122319861465129f,2.1581484768956867f,-0.06100007971241903f,0.038341125647416534f,-0.9974010970312635f,0.06788897616996878f,0f,0f,0f,1f],start_interpolation:0}
execute if entity @s[tag=aj.labyria.bone.ear_edge_a2] run data modify entity @s {} merge value {transformation:[-0.9968717165359787f,-0.04506237079325977f,0.06493199141488343f,0.03490714497897114f,-0.04310595759838147f,0.9985824894758552f,0.03122319861465129f,2.163246414612961f,-0.06624694098702416f,0.0283265679300228f,-0.9974010970312635f,0.06054377914678262f,0f,0f,0f,1f],start_interpolation:0}
execute if entity @s[tag=aj.labyria.bone.ear_edge_b1] run data modify entity @s {} merge value {transformation:[-0.9781619403627972f,0.19744126953751437f,0.06493199141488343f,0.012835192661368677f,0.19975344233189024f,0.9793485968463068f,0.03122319861465129f,2.1579700173576386f,-0.057426306709103814f,0.04351173334382803f,-0.9974010970312635f,0.05894169366419675f,0f,0f,0f,1f],start_interpolation:0}
execute if entity @s[tag=aj.labyria.bone.ear_edge_b2] run data modify entity @s {} merge value {transformation:[-0.9912999950520063f,-0.11449085684363733f,0.06493199141488343f,0.04140088224833584f,-0.11265854686063542f,0.9931430731206455f,0.03122319861465129f,2.169211722370617f,-0.0680615282604112f,0.023636412834643628f,-0.9974010970312635f,0.06115327043704602f,0f,0f,0f,1f],start_interpolation:0}
execute if entity @s[tag=aj.labyria.bone.ear_right_2] run data modify entity @s {} merge value {transformation:[-0.9970057630872163f,0.04199220001113648f,0.06493199141488343f,0.09631537050580603f,0.04409027214939849f,0.9985395133744391f,0.03122319861465129f,2.2772670840454174f,-0.06352602830863709f,0.033992578133508755f,-0.9974010970312635f,0.036779466384371164f,0f,0f,0f,1f],start_interpolation:0}
execute if entity @s[tag=aj.labyria.bone.ear_right_1] run data modify entity @s {} merge value {transformation:[-0.9970057630872163f,0.04199220001113648f,0.06493199141488343f,0.08686712550330034f,0.04409027214939849f,0.9985395133744391f,0.03122319861465129f,2.052595693536169f,-0.06352602830863709f,0.033992578133508755f,-0.9974010970312635f,0.029131136304331704f,0f,0f,0f,1f],start_interpolation:0}
execute if entity @s[tag=aj.labyria.bone.ear_edge_a3] run data modify entity @s {} merge value {transformation:[-0.9773697553729017f,-0.20301975949937606f,0.05942506655553521f,-0.2391784593195827f,-0.19863868741236002f,0.9774101945392858f,0.07219406813423168f,2.1398022045115255f,-0.07273948821244897f,0.05875618149174499f,-0.9956187412815712f,0.04647625862535683f,0f,0f,0f,1f],start_interpolation:0}
execute if entity @s[tag=aj.labyria.bone.ear_edge_a4] run data modify entity @s {} merge value {transformation:[-0.9970959993020183f,-0.047625934539701514f,0.05942506655553521f,-0.12480788947930399f,-0.043292474640688985f,0.996450589926924f,0.07219406813423168f,2.154830462712425f,-0.06265245258882546f,0.06941175832310298f,-0.9956187412815712f,0.05439237098288689f,0f,0f,0f,1f],start_interpolation:0}
execute if entity @s[tag=aj.labyria.bone.ear_edge_b3] run data modify entity @s {} merge value {transformation:[-0.9555896516172242f,-0.28974508262577403f,0.05381639913869782f,-0.10186967801488474f,-0.28247008521005257f,0.9525924144005695f,0.11304133309510855f,2.1506837972328796f,-0.08401826398764677f,0.09281960526029523f,-0.9921317715887468f,0.05036990637337503f,0f,0f,0f,1f],start_interpolation:0}
execute if entity @s[tag=aj.labyria.bone.ear_edge_b4] run data modify entity @s {} merge value {transformation:[-0.9983559196427143f,0.019729493102837642f,0.05381639913869782f,-0.1313981799032311f,0.02572222956497061f,0.9932572798214407f,0.11304133309510855f,2.1593414309392025f,-0.0512232820166524f,0.11423976183281118f,-0.9921317715887468f,0.049754617955585875f,0f,0f,0f,1f],start_interpolation:0}
execute if entity @s[tag=aj.labyria.bone.ear_left_2] run data modify entity @s {} merge value {transformation:[-0.9891508742943024f,-0.1366906839055308f,0.05381639913869782f,-0.1925789564559445f,-0.12997412498074895f,0.9850524777125172f,0.11304133309510855f,2.264318465669476f,-0.06846367444350336f,0.10482019407475313f,-0.9921317715887468f,0.026898999589506475f,0f,0f,0f,1f],start_interpolation:0}
execute if entity @s[tag=aj.labyria.bone.ear_left_1] run data modify entity @s {} merge value {transformation:[-0.9891508742943024f,-0.13434734589000105f,0.05942506655553521f,-0.16235080363069432f,-0.12997412498074895f,0.9888856068129005f,0.07219406813423168f,2.0418192041365737f,-0.06846367444350336f,0.06368710458635926f,-0.9956187412815712f,0.012569401057575664f,0f,0f,0f,1f],start_interpolation:0}
execute if entity @s[tag=aj.labyria.bone.head] run data modify entity @s {} merge value {transformation:[-0.9968717165359786f,-0.045062370793259754f,0.06493199141488343f,-0.01667649876386646f,-0.04310595759838148f,0.9985824894758552f,0.03122319861465129f,1.5344581980232879f,-0.06624694098702416f,0.0283265679300228f,-0.9974010970312635f,0.03750168689904398f,0f,0f,0f,1f],start_interpolation:0}
execute if entity @s[tag=aj.labyria.bone.back_musket] run data modify entity @s {} merge value {transformation:[0.00000885033832507266f,0.000009320511972626048f,0.000009953151870758558f,0.01805670752741498f,-0.0000013825022557659498f,0.000012418016688692053f,-0.000010399385226765465f,1.4838502735190326f,-0.000013565613259526907f,0.000004815244765326079f,0.000007553358114471189f,-0.20336010086679315f,0f,0f,0f,1f],start_interpolation:0}
execute if entity @s[tag=aj.labyria.bone.body_1] run data modify entity @s {} merge value {transformation:[-0.8435614669159746f,0.017898164698355937f,0.5367342985453788f,-0.023388310525749936f,0.020645088124677153f,0.9997864692474645f,-0.0008923261807838034f,1.1595382720554888f,-0.5366356602676472f,0.010328194910976626f,-0.8437508497886017f,0.033628613807427744f,0f,0f,0f,1f],start_interpolation:0}
execute if entity @s[tag=aj.labyria.bone.belt2] run data modify entity @s {} merge value {transformation:[-0.510684006621384f,0.242133492075392f,0.8249686160070008f,-0.07065838102990162f,0.029602268875860135f,0.9639071021411978f,-0.26458798937056743f,0.436423681215641f,-0.859258721840245f,-0.11069991173047213f,-0.49941964166854125f,0.4461870743887248f,0f,0f,0f,1f],start_interpolation:0}
execute if entity @s[tag=aj.labyria.bone.leg_left_2] run data modify entity @s {} merge value {transformation:[-0.8061204491658349f,0.09943168967167185f,0.5833379470990285f,-0.022942801418850092f,0.010002054151026087f,0.9879306180664272f,-0.15457377785267007f,0.5302276262388537f,-0.5916669505299689f,-0.11877050549662155f,-0.7973855947248134f,0.266565291837962f,0f,0f,0f,1f],start_interpolation:0}
execute if entity @s[tag=aj.labyria.bone.leg_left_1] run data modify entity @s {} merge value {transformation:[-0.8061204491658349f,0.27896753204799773f,0.5218686975664684f,0.08495391936027695f,0.010002054151026087f,0.8882025751189507f,-0.45934316634170624f,0.8562988813016217f,-0.5916669505299689f,-0.36506616059984787f,-0.718788507167062f,0.12507290225498263f,0f,0f,0f,1f],start_interpolation:0}
execute if entity @s[tag=aj.labyria.bone.belt] run data modify entity @s {} merge value {transformation:[-0.9452514718371634f,0.3260434503004085f,-0.013975818612213697f,-0.3095495586574955f,0.276733966773286f,0.7781256634848545f,-0.563860588674343f,0.7631139050079311f,-0.17296810868942947f,-0.536857635078854f,-0.8257517260254088f,0.1323002028732726f,0f,0f,0f,1f],start_interpolation:0}
execute if entity @s[tag=aj.labyria.bone.leg_right_2] run data modify entity @s {} merge value {transformation:[-0.8360352583163642f,-0.19800416739519164f,0.511702449228091f,-0.25313632642120554f,0.13825225645882594f,0.8264997388734825f,0.5456963397587598f,0.6430670285500717f,-0.5309720900724757f,0.5269653986138005f,-0.6636083997568633f,0.1416976784789269f,0f,0f,0f,1f],start_interpolation:0}
execute if entity @s[tag=aj.labyria.bone.leg_right_1] run data modify entity @s {} merge value {transformation:[-0.8360352583163642f,0.40040978340312117f,0.37512271619692117f,-0.09574209968915419f,0.13825225645882594f,0.8153615676558875f,-0.5622026570319428f,0.8643335910009459f,-0.5309720900724757f,-0.41815968163465855f,-0.7370285749000969f,-0.0485129245904891f,0f,0f,0f,1f],start_interpolation:0}
execute if entity @s[tag=aj.labyria.bone.skirt_forward_right] run data modify entity @s {} merge value {transformation:[-0.7360906517970528f,0.3229492332323107f,0.5948733857651162f,-0.008746369394897245f,0.09760016324183649f,0.9202977854536465f,-0.3788485109173332f,1.074854154802721f,-0.6698094956569047f,-0.22080710777458334f,-0.7089424946242584f,0.042275079648524796f,0f,0f,0f,1f],start_interpolation:0}
execute if entity @s[tag=aj.labyria.bone.skirt_forward_left] run data modify entity @s {} merge value {transformation:[-0.7874543846463377f,0.16137300582688885f,0.5948733857651162f,-0.008746369394897245f,-0.09760016324183637f,0.9202977854536465f,-0.3788485109173332f,1.074854154802721f,-0.6085965825047202f,-0.3563856605974892f,-0.7089424946242584f,0.042275079648524796f,0f,0f,0f,1f],start_interpolation:0}
execute if entity @s[tag=aj.labyria.bone.skirt_forward] run data modify entity @s {} merge value {transformation:[-0.766044443118978f,0.2435191287658575f,0.5948733857651162f,-0.008746369394897245f,5.576854687237812e-17f,0.9254587001999166f,-0.3788485109173332f,1.074854154802721f,-0.6427876096865395f,-0.29021479657212257f,-0.7089424946242584f,0.042275079648524796f,0f,0f,0f,1f],start_interpolation:0}
execute if entity @s[tag=aj.labyria.bone.skirt_back_right] run data modify entity @s {} merge value {transformation:[-0.7571072186023238f,0.12477845926746957f,0.641263592949958f,-0.008746369394897245f,0.10521134892001191f,0.9920656707895068f,-0.06882061391325307f,1.074854154802721f,-0.6447629266627267f,0.015363624045191135f,-0.7642281906979835f,0.042275079648524796f,0f,0f,0f,1f],start_interpolation:0}
execute if entity @s[tag=aj.labyria.bone.skirt_back_left] run data modify entity @s {} merge value {transformation:[-0.7664378178410667f,-0.03679776813795228f,0.641263592949958f,-0.008746369394897245f,-0.1052113489200118f,0.9920656707895068f,-0.06882061391325307f,1.074854154802721f,-0.6336431514988982f,-0.12021492877771471f,-0.7642281906979835f,0.042275079648524796f,0f,0f,0f,1f],start_interpolation:0}
execute if entity @s[tag=aj.labyria.bone.skirt_back] run data modify entity @s {} merge value {transformation:[-0.766044443118978f,0.04423703791446018f,0.641263592949958f,-0.008746369394897245f,5.576854687237812e-17f,0.9976290508503662f,-0.06882061391325307f,1.074854154802721f,-0.6427876096865395f,-0.0527196488602841f,-0.7642281906979835f,0.042275079648524796f,0f,0f,0f,1f],start_interpolation:0}
execute if entity @s[tag=aj.labyria.bone.skirt_right] run data modify entity @s {} merge value {transformation:[-0.7503943339811747f,0.18364132312228543f,0.6349678794796204f,-0.15307807711772503f,0.10869389051934962f,0.9818365202367932f,-0.15550783161330664f,1.1028029299512208f,-0.6519923172037514f,-0.04767506655686243f,-0.7567252515517648f,-0.08457710562900177f,0f,0f,0f,1f],start_interpolation:0}
execute if entity @s[tag=aj.labyria.bone.skirt_left] run data modify entity @s {} merge value {transformation:[-0.7724527849074311f,0.011510304857312026f,0.6349678794796204f,0.1419983523022676f,-0.11320706446922454f,0.981326385491182f,-0.15550783161330664f,1.1028029299512208f,-0.6249006766223052f,-0.19200530727275078f,-0.7567252515517648f,0.1630214174664228f,0f,0f,0f,1f],start_interpolation:0}
execute if entity @s[tag=aj.labyria.bone.coat_downer] run data modify entity @s {} merge value {transformation:[-0.766044443118978f,0.12205767476444587f,0.6310925726053442f,-0.022959219661605294f,5.576854687237812e-17f,0.9818057521567686f,-0.1898880328822272f,0.9343964141696423f,-0.6427876096865395f,-0.1454626724042239f,-0.7521068406619412f,0.05921329501487767f,0f,0f,0f,1f],start_interpolation:0}
execute if entity @s[tag=aj.labyria.bone.body_2] run data modify entity @s {} merge value {transformation:[-0.766044443118978f,0.0999585073702543f,0.6349678794796204f,-3.9006914063466836e-18f,5.576854687237812e-17f,0.987834659397476f,-0.15550783161330664f,1.1612896875f,-0.6427876096865395f,-0.11912591026885526f,-0.7567252515517648f,0.03185156249999997f,0f,0f,0f,1f],start_interpolation:0}
execute if entity @s[tag=aj.labyria.bone.sphere] run data modify entity @s {} merge value {transformation:[-0.9984782887605659f,-1.1058097845898523e-16f,-0.05514623172776234f,0.7768809407695219f,-1.2246467991473527e-16f,1f,2.1211504774498136e-16f,2.1300396875f,0.05514623172776234f,2.1854573550981894e-16f,-0.9984782887605659f,-0.25070921681233055f,0f,0f,0f,1f],start_interpolation:0}