execute if entity @s[tag=aj.labyria.bone.wing_right_1] run data modify entity @s {} merge value {transformation:[-0.7015593240945935f,-0.22263514970843604f,0.3538255916898661f,0.23155446997301593f,0.09842288490279942f,0.5838203872034861f,0.5625043427898367f,1.0903144593492273f,-0.4062904071569887f,0.5258629004258791f,-0.4747007051314907f,0.21678574896044597f,0f,0f,0f,1f],start_interpolation:0}
execute if entity @s[tag=aj.labyria.bone.wing_right_2] run data modify entity @s {} merge value {transformation:[-0.7183886533508447f,0.06150570330028528f,0.3466046612472158f,0.23155446997301593f,0.30793398715313275f,0.49147581941117174f,0.5510246623247381f,1.0903144593492273f,-0.17057081313265202f,0.6282265255428607f,-0.46501293563901136f,0.21678574896044597f,0f,0f,0f,1f],start_interpolation:0}
execute if entity @s[tag=aj.labyria.bone.wing_left_1] run data modify entity @s {} merge value {transformation:[-0.5004475808070796f,-0.010688901376397055f,0.6452770030739912f,0.18893840023157749f,0.5213810791219238f,0.47453222559586866f,0.41222006458824195f,1.112289049386261f,-0.38033989225749665f,0.6645670460554312f,-0.2839659347512632f,0.18889648179910754f,0f,0f,0f,1f],start_interpolation:0}
execute if entity @s[tag=aj.labyria.bone.wing_left_2] run data modify entity @s {} merge value {transformation:[-0.4489105092592825f,-0.1972782907579531f,0.6321080846439098f,0.18893840023157749f,0.29397324419316345f,0.6249154400068349f,0.4038074102088901f,1.112289049386261f,-0.5933456719106648f,0.45887031810380213f,-0.27817071159307416f,0.18889648179910754f,0f,0f,0f,1f],start_interpolation:0}
execute if entity @s[tag=aj.labyria.bone.musket] run data modify entity @s {} merge value {transformation:[-1.5242377507528702f,0.45949213261904515f,0.32897249104755616f,-0.440328482793753f,0.16050830418609974f,1.2593648909052988f,-1.0153294029365f,0.7196890517379322f,-0.5418422317355255f,-0.9195236224487598f,-1.226189195961038f,0.5680500895495121f,0f,0f,0f,1f],start_interpolation:0}
execute if entity @s[tag=aj.labyria.bone.omega_blade] run data modify entity @s {} merge value {transformation:[-0.000016821369050609656f,0.000005070919372531542f,0.0000036305147780758067f,-0.440328482793753f,0.0000017713571383914987f,0.000013898252807893793f,-0.000011205096177610113f,0.7196890517379322f,-0.0000059797286497643f,-0.000010147791049213995f,-0.000013532128423497587f,0.5680500895495121f,0f,0f,0f,1f],start_interpolation:0}
execute if entity @s[tag=aj.labyria.bone.arm_right_2] run data modify entity @s {} merge value {transformation:[-0.22793450390765949f,-0.9650391488504906f,-0.12940364413064304f,-0.3721256845271269f,-0.29377152651498883f,0.19486957633044735f,-0.9358013349156143f,0.7894532222344928f,0.9283017570474714f,-0.17528630695725456f,-0.32791852411211025f,0.3325156843959789f,0f,0f,0f,1f],start_interpolation:0}
execute if entity @s[tag=aj.labyria.bone.arm_right_1] run data modify entity @s {} merge value {transformation:[-0.24035684400556023f,-0.9650391488504906f,0.10453721215723963f,-0.29952984351778567f,-0.9246752595374169f,0.19486957633044735f,-0.32711085677519663f,1.0915260653002148f,0.2953036605582431f,-0.17528630695725456f,-0.9391860617865819f,0.2686600309631141f,0f,0f,0f,1f],start_interpolation:0}
execute if entity @s[tag=aj.labyria.bone.arm_left_2] run data modify entity @s {} merge value {transformation:[0.7672863712835674f,0.6192274511341262f,0.16682022720410666f,-0.09731076624432566f,0.47171874226580673f,-0.3687320224443239f,-0.8009482653825308f,0.6126669749789488f,-0.4344571931015319f,0.6932489158924463f,-0.5750242499028069f,0.7066901301790631f,0f,0f,0f,1f],start_interpolation:0}
execute if entity @s[tag=aj.labyria.bone.arm_left_1] run data modify entity @s {} merge value {transformation:[0.7030420815422819f,0.6192274511341262f,0.3496987208192641f,0.13184270695821146f,0.6535533779572594f,-0.3687320224443239f,-0.6609876532771055f,0.8287712926764422f,-0.2803565831960291f,0.6932489158924463f,-0.6639323210031242f,0.6169481376854984f,0f,0f,0f,1f],start_interpolation:0}
execute if entity @s[tag=aj.labyria.bone.himo_right_2] run data modify entity @s {} merge value {transformation:[-0.7682845886347711f,0.047534525516279826f,0.6383410215161193f,-0.26540000834356403f,0.3961589834410211f,0.8186157630865469f,0.4158440720573127f,0.7182756374282635f,-0.5027890717838617f,0.5723711220092892f,-0.6477611040997676f,0.3170890142382112f,0f,0f,0f,1f],start_interpolation:0}
execute if entity @s[tag=aj.labyria.bone.himo_right_1] run data modify entity @s {} merge value {transformation:[-0.7682845886347711f,-0.03619236181539917f,0.6390844262008923f,-0.2681917985201958f,0.3961589834410211f,0.7573338484688358f,0.519137266820982f,0.8635203419338013f,-0.5027890717838617f,0.6520241981012712f,-0.5675099949649494f,0.4357966139136686f,0f,0f,0f,1f],start_interpolation:0}
execute if entity @s[tag=aj.labyria.bone.himo_left_2] run data modify entity @s {} merge value {transformation:[-0.7682845886347711f,0.047534525516279826f,0.6383410215161193f,-0.025311074395198037f,0.3961589834410211f,0.8186157630865469f,0.4158440720573127f,0.5944759551029444f,-0.5027890717838617f,0.5723711220092892f,-0.6477611040997676f,0.474210599170668f,0f,0f,0f,1f],start_interpolation:0}
execute if entity @s[tag=aj.labyria.bone.himo_left_1] run data modify entity @s {} merge value {transformation:[-0.7682845886347711f,-0.03619236181539917f,0.6390844262008923f,-0.028102864571829818f,0.3961589834410211f,0.7573338484688358f,0.519137266820982f,0.7397206596084822f,-0.5027890717838617f,0.6520241981012712f,-0.5675099949649494f,0.5929181988461254f,0f,0f,0f,1f],start_interpolation:0}
execute if entity @s[tag=aj.labyria.bone.ribbon_left_himo_1] run data modify entity @s {} merge value {transformation:[-0.7652851750926152f,0.23348448208641612f,0.5998529798278104f,0.19907652931548142f,0.39962938867258396f,0.9028863695016971f,0.1584062987296337f,1.1292776673030196f,-0.5046136665733916f,0.3609448716810964f,-0.7842728142135712f,0.840625088558609f,0f,0f,0f,1f],start_interpolation:0}
execute if entity @s[tag=aj.labyria.bone.ribbon_left_himo_2] run data modify entity @s {} merge value {transformation:[-0.7652851750926152f,0.23348448208641612f,0.5998529798278104f,0.2787445031988625f,0.39962938867258396f,0.9028863695016971f,0.1584062987296337f,1.150316003853049f,-0.5046136665733916f,0.3609448716810964f,-0.7842728142135712f,0.736463855420869f,0f,0f,0f,1f],start_interpolation:0}
execute if entity @s[tag=aj.labyria.bone.ribbon_left] run data modify entity @s {} merge value {transformation:[-0.7652851750926152f,0.23348448208641612f,0.5998529798278104f,0.2634673896935771f,0.39962938867258396f,0.9028863695016971f,0.1584062987296337f,1.2365429277979834f,-0.5046136665733916f,0.3609448716810964f,-0.7842728142135712f,0.8268674937067907f,0f,0f,0f,1f],start_interpolation:0}
execute if entity @s[tag=aj.labyria.bone.ribbon_right_himo_1] run data modify entity @s {} merge value {transformation:[-0.7652851750926152f,0.23348448208641612f,0.5998529798278104f,-0.2609076912386236f,0.39962938867258396f,0.9028863695016971f,0.1584062987296337f,1.3694799067320345f,-0.5046136665733916f,0.3609448716810964f,-0.7842728142135712f,0.5373207365938397f,0f,0f,0f,1f],start_interpolation:0}
execute if entity @s[tag=aj.labyria.bone.ribbon_right_himo_2] run data modify entity @s {} merge value {transformation:[-0.7652851750926152f,0.23348448208641612f,0.5998529798278104f,-0.18123971735524252f,0.39962938867258396f,0.9028863695016971f,0.1584062987296337f,1.390518243282064f,-0.5046136665733916f,0.3609448716810964f,-0.7842728142135712f,0.4331595034560998f,0f,0f,0f,1f],start_interpolation:0}
execute if entity @s[tag=aj.labyria.bone.ribbon_right] run data modify entity @s {} merge value {transformation:[-0.7652851750926152f,0.23348448208641612f,0.5998529798278104f,-0.195703715361992f,0.39962938867258396f,0.9028863695016971f,0.1584062987296337f,1.4763205610015337f,-0.5046136665733916f,0.3609448716810964f,-0.7842728142135712f,0.5240992937627558f,0f,0f,0f,1f],start_interpolation:0}
execute if entity @s[tag=aj.labyria.bone.crown] run data modify entity @s {} merge value {transformation:[-0.6966095695876775f,0.39358799543503276f,0.5998529798278104f,0.21900368701056488f,0.5855769537337463f,0.7949887268249055f,0.1584062987296337f,1.541836051474628f,-0.414529539134157f,0.46160742419370654f,-0.7842728142135712f,0.8759773742261917f,0f,0f,0f,1f],start_interpolation:0}
execute if entity @s[tag=aj.labyria.bone.ear_edge_a1] run data modify entity @s {} merge value {transformation:[-0.7193382246189006f,0.35032687763548015f,0.5998529798278104f,0.24853639754383275f,0.535951833956188f,0.8292545304077493f,0.1584062987296337f,1.5306985990320399f,-0.4419368170690542f,0.4354400103394249f,-0.7842728142135712f,0.8748606286409032f,0f,0f,0f,1f],start_interpolation:0}
execute if entity @s[tag=aj.labyria.bone.ear_edge_a2] run data modify entity @s {} merge value {transformation:[-0.7652851750926152f,0.2334844820864161f,0.5998529798278104f,0.16273992798611478f,0.39962938867258396f,0.9028863695016971f,0.1584062987296337f,1.5858286464785194f,-0.5046136665733917f,0.3609448716810964f,-0.7842728142135712f,0.8203740770434632f,0f,0f,0f,1f],start_interpolation:0}
execute if entity @s[tag=aj.labyria.bone.ear_edge_b1] run data modify entity @s {} merge value {transformation:[-0.6860679262752898f,0.4116882353529431f,0.5998529798278104f,0.14463756971900668f,0.60618666994425f,0.779387686395339f,0.1584062987296337f,1.5908547765918593f,-0.4023040165325529f,0.47230036117633933f,-0.7842728142135712f,0.8075436146101352f,0f,0f,0f,1f],start_interpolation:0}
execute if entity @s[tag=aj.labyria.bone.ear_edge_b2] run data modify entity @s {} merge value {transformation:[-0.7797080330135098f,0.1795321303998263f,0.5998529798278104f,0.16924816874542303f,0.3356737422390067f,0.9285637206428211f,0.1584062987296337f,1.5882525227768653f,-0.5285626945079122f,0.32486555813145346f,-0.7842728142135712f,0.8258414919636234f,0f,0f,0f,1f],start_interpolation:0}
execute if entity @s[tag=aj.labyria.bone.ear_right_2] run data modify entity @s {} merge value {transformation:[-0.7420235204991825f,0.2992950009901534f,0.5998529798278104f,0.2566707293725193f,0.4768004103479306f,0.8646206180833437f,0.1584062987296337f,1.6646755798388042f,-0.4712350408427245f,0.4035513463829367f,-0.7842728142135712f,0.8682968423209025f,0f,0f,0f,1f],start_interpolation:0}
execute if entity @s[tag=aj.labyria.bone.ear_right_1] run data modify entity @s {} merge value {transformation:[-0.7420235204991825f,0.2992950009901534f,0.5998529798278104f,0.18932935414973487f,0.4768004103479306f,0.8646206180833437f,0.1584062987296337f,1.4701359407700523f,-0.4712350408427245f,0.4035513463829367f,-0.7842728142135712f,0.7774977893847419f,0f,0f,0f,1f],start_interpolation:0}
execute if entity @s[tag=aj.labyria.bone.ear_edge_a3] run data modify entity @s {} merge value {transformation:[-0.7771750958253086f,-0.10666552736741478f,0.6201784708455734f,-0.07477824877900544f,0.2613309861246641f,0.8418222125892412f,0.4722726734445529f,1.6646053985337022f,-0.5724552263016146f,0.5291104115993049f,-0.6263682512844829f,0.7004665924640519f,0f,0f,0f,1f],start_interpolation:0}
execute if entity @s[tag=aj.labyria.bone.ear_edge_a4] run data modify entity @s {} merge value {transformation:[-0.7842929454595219f,0.01622467263379517f,0.6201784708455734f,0.015724045765480508f,0.3898035755169419f,0.7905768112155471f,0.4722726734445529f,1.6276728141470622f,-0.48263624834510216f,0.6121479115101053f,-0.6263682512844829f,0.7622279033124043f,0f,0f,0f,1f],start_interpolation:0}
execute if entity @s[tag=aj.labyria.bone.ear_edge_b3] run data modify entity @s {} merge value {transformation:[-0.7318157269331504f,-0.3830146153555964f,0.5636892284205095f,0.0607294119001064f,0.22052115722995663f,0.6495420952787466f,0.7276437903774462f,1.6337120398576823f,-0.6448380890016232f,0.6568065703728158f,-0.3908822944158946f,0.7408431918211954f,0f,0f,0f,1f],start_interpolation:0}
execute if entity @s[tag=aj.labyria.bone.ear_edge_b4] run data modify entity @s {} merge value {transformation:[-0.8143561410659104f,-0.13812504939702236f,0.5636892284205095f,0.03541761690273243f,0.4104476295675424f,0.549606457119573f,0.7276437903774462f,1.6502837420273837f,-0.410313074237983f,0.8239260968203043f,-0.3908822944158946f,0.7351901089269134f,0f,0f,0f,1f],start_interpolation:0}
execute if entity @s[tag=aj.labyria.bone.ear_left_2] run data modify entity @s {} merge value {transformation:[-0.7827225474117703f,-0.2638178681134389f,0.5636892284205095f,-0.013735297424291647f,0.3194169460466167f,0.6070480449712331f,0.7276437903774462f,1.7548902487195406f,-0.5341518776073727f,0.7495950930740436f,-0.3908822944158946f,0.7790890189597831f,0f,0f,0f,1f],start_interpolation:0}
execute if entity @s[tag=aj.labyria.bone.ear_left_1] run data modify entity @s {} merge value {transformation:[-0.7827225474117703f,-0.05219270133721221f,0.6201784708455734f,-0.0019919396234189188f,0.3194169460466167f,0.8215420479170787f,0.4722726734445529f,1.5700432879381983f,-0.5341518776073727f,0.5677539831928413f,-0.6263682512844829f,0.651344372741394f,0f,0f,0f,1f],start_interpolation:0}
execute if entity @s[tag=aj.labyria.bone.head] run data modify entity @s {} merge value {transformation:[-0.7652851750926152f,0.23348448208641612f,0.5998529798278104f,-0.04473749542574939f,0.39962938867258396f,0.9028863695016971f,0.1584062987296337f,1.0524101531492043f,-0.5046136665733916f,0.3609448716810964f,-0.7842728142135712f,0.55394535977068f,0f,0f,0f,1f],start_interpolation:0}
execute if entity @s[tag=aj.labyria.bone.back_musket] run data modify entity @s {} merge value {transformation:[0.000010514053659112594f,0.000006905945179575777f,0.000010297002519786776f,0.025090618063726415f,0.000008921272404999817f,0.000005161686244130118f,-0.000012571139878922946f,1.1919127310136828f,-0.000008609949964523018f,0.000013781530406901548f,-4.514923194896422e-7f,0.3604381925046527f,0f,0f,0f,1f],start_interpolation:0}
execute if entity @s[tag=aj.labyria.bone.body_1] run data modify entity @s {} merge value {transformation:[-0.7682845886347711f,-0.11929998780199827f,0.6288929191656905f,-3.474935292580615e-17f,0.3961589834410211f,0.6830937417312115f,0.613547879017302f,0.79625f,-0.5027890717838617f,0.7205209593884803f,-0.4775486324727846f,0.28375f,0f,0f,0f,1f],start_interpolation:0}
execute if entity @s[tag=aj.labyria.bone.belt2] run data modify entity @s {} merge value {transformation:[-0.8991747364867196f,0.15801331737839658f,0.4080644370624726f,0.16339134164798044f,0.11885358928601858f,0.9856606537105916f,-0.11977854582787378f,0.2913787315747998f,-0.4211396651680637f,-0.059201919376687506f,-0.905061608490962f,0.5685967802080198f,0f,0f,0f,1f],start_interpolation:0}
execute if entity @s[tag=aj.labyria.bone.leg_left_2] run data modify entity @s {} merge value {transformation:[-0.9984110796911732f,0.03496265413568678f,0.04419195363066087f,0.10582119783812544f,0.035638991546110305f,0.9992579263439318f,0.01461023341367429f,0.41477820566576523f,-0.04364834740837731f,0.016161975578935672f,-0.9989162188661788f,0.41112237040745647f,0f,0f,0f,1f],start_interpolation:0}
execute if entity @s[tag=aj.labyria.bone.leg_left_1] run data modify entity @s {} merge value {transformation:[-0.9984110796911732f,0.0561117976186325f,-0.005175144240672395f,0.12258648311870594f,0.035638991546110305f,0.5576465282188702f,-0.8293130963918378f,0.5342347612236287f,-0.04364834740837731f,-0.8281798208924478f,-0.5587602402060036f,0.12517029786082864f,0f,0f,0f,1f],start_interpolation:0}
execute if entity @s[tag=aj.labyria.bone.belt] run data modify entity @s {} merge value {transformation:[-0.9174299121498561f,-0.10014279334031559f,-0.3850893107250658f,-0.15737042273143786f,-0.36216225329411594f,0.6110200612505347f,0.7039126274178646f,0.3645627048296264f,0.16480551744901004f,0.7852553124248137f,-0.5968360208021734f,-0.09395536122616938f,0f,0f,0f,1f],start_interpolation:0}
execute if entity @s[tag=aj.labyria.bone.leg_right_2] run data modify entity @s {} merge value {transformation:[-0.9997142228702486f,0.022771763097989554f,0.007274571901089067f,-0.09238532385571019f,0.0020145194232188413f,-0.22297236975423174f,0.9748226833828169f,0.3986647607163001f,0.023820459744273326f,0.9745587561207334f,0.2228627751913277f,-0.255672291739533f,0f,0f,0f,1f],start_interpolation:0}
execute if entity @s[tag=aj.labyria.bone.leg_right_1] run data modify entity @s {} merge value {transformation:[-0.9997142228702486f,0.021011817059915477f,-0.011400707643638541f,-0.08530336279121105f,0.0020145194232188413f,0.5492594386267395f,0.8356494544908962f,0.6291375625032788f,0.023820459744273326f,0.8353876780413269f,-0.5491448015544642f,0.022057245695614458f,0f,0f,0f,1f],start_interpolation:0}
execute if entity @s[tag=aj.labyria.bone.skirt_forward_right] run data modify entity @s {} merge value {transformation:[-0.8038751944457798f,0.34390617780089494f,0.4852970354588404f,-0.00022357633762226745f,0.5219407189373569f,0.7991336165076355f,0.29826724406575805f,0.7273554200783052f,-0.2852412271567958f,0.49306592240572317f,-0.8219023290466323f,0.22980802310783885f,0f,0f,0f,1f],start_interpolation:0}
execute if entity @s[tag=aj.labyria.bone.skirt_forward_left] run data modify entity @s {} merge value {transformation:[-0.8712080435557945f,-0.07404952544443508f,0.4852970354588404f,-0.00022357633762226745f,0.08534395610156456f,0.9506592766466606f,0.29826724406575805f,0.7273554200783052f,-0.48343867656675876f,0.30126999104972635f,-0.8219023290466323f,0.22980802310783885f,0f,0f,0f,1f],start_interpolation:0}
execute if entity @s[tag=aj.labyria.bone.skirt_forward] run data modify entity @s {} merge value {transformation:[-0.863219384645227f,0.1390650256088022f,0.4852970354588404f,-0.00022357633762226745f,0.3129515546445231f,0.9017194550207918f,0.29826724406575805f,0.7273554200783052f,-0.39612323640287983f,0.4093445285934937f,-0.8219023290466323f,0.22980802310783885f,0f,0f,0f,1f],start_interpolation:0}
execute if entity @s[tag=aj.labyria.bone.skirt_back_right] run data modify entity @s {} merge value {transformation:[-0.8475769656261614f,0.16875818052074226f,0.5031242032016324f,-0.00022357633762226745f,0.482324583742188f,0.6403600347511025f,0.5977474565495798f,0.7273554200783052f,-0.2213058590681096f,0.7493061473128959f,-0.6241506343353589f,0.22980802310783885f,0f,0f,0f,1f],start_interpolation:0}
execute if entity @s[tag=aj.labyria.bone.skirt_back_left] run data modify entity @s {} merge value {transformation:[-0.827506272375413f,-0.24919752272458778f,0.5031242032016324f,-0.00022357633762226745f,0.12496009129673344f,0.7918856948901276f,0.5977474565495798f,0.7273554200783052f,-0.5473740446554449f,0.5575102159568992f,-0.6241506343353589f,0.22980802310783885f,0f,0f,0f,1f],start_interpolation:0}
execute if entity @s[tag=aj.labyria.bone.skirt_back] run data modify entity @s {} merge value {transformation:[-0.863219384645227f,-0.041452745692393544f,0.5031242032016324f,-0.00022357633762226745f,0.3129515546445231f,0.7380781141817472f,0.5977474565495798f,0.7273554200783052f,-0.39612323640287983f,0.6734406931872157f,-0.6241506343353589f,0.22980802310783885f,0f,0f,0f,1f],start_interpolation:0}
execute if entity @s[tag=aj.labyria.bone.skirt_right] run data modify entity @s {} merge value {transformation:[-0.8279760372968227f,0.24415142129972722f,0.5048225085508506f,-0.15492781068194636f,0.5208937606744676f,0.6682473883402154f,0.5311451007652164f,0.8253199572879812f,-0.2076664916462475f,0.7027343107133764f,-0.6804697765467138f,0.191503903548313f,0f,0f,0f,1f],start_interpolation:0}
execute if entity @s[tag=aj.labyria.bone.skirt_left] run data modify entity @s {} merge value {transformation:[-0.819374730917685f,-0.27162342534103673f,0.5048225085508506f,0.16230531317517458f,0.04679661297244833f,0.8459875642983266f,0.5311451007652164f,0.710310260956119f,-0.5713450160348633f,0.45883085757018044f,-0.6804697765467138f,0.33707919292637134f,0f,0f,0f,1f],start_interpolation:0}
execute if entity @s[tag=aj.labyria.bone.coat_downer] run data modify entity @s {} merge value {transformation:[-0.863219384645227f,0.020171653083469354f,0.5044258105852594f,-0.0005868878862583963f,0.3129515546445231f,0.8054236818935717f,0.5033428424946348f,0.615401727705551f,-0.39612323640287983f,0.5923561403892786f,-0.7015700852550838f,0.1421523106580768f,0f,0f,0f,1f],start_interpolation:0}
execute if entity @s[tag=aj.labyria.bone.body_2] run data modify entity @s {} merge value {transformation:[-0.863219384645227f,0.0025551581442540905f,0.5048225085508506f,-3.474935292580615e-17f,0.3129515546445231f,0.7873666276765128f,0.5311451007652164f,0.79625f,-0.39612323640287983f,0.6164797359104138f,-0.6804697765467138f,0.28375f,0f,0f,0f,1f],start_interpolation:0}
execute if entity @s[tag=aj.labyria.bone.sphere] run data modify entity @s {} merge value {transformation:[-0.8660254037844387f,-7.591781349392254e-17f,-0.4999999999999999f,0.565625f,-0.3099579958351235f,0.7846681867334078f,0.5368629969986565f,1.9302841383741067f,0.3923340933667037f,0.6199159916702471f,-0.679542583252603f,0.41104061680696546f,0f,0f,0f,1f],start_interpolation:0}