execute if entity @s[tag=aj.labyria.bone.wing_right_1] run data modify entity @s {} merge value {transformation:[-0.5927246607164756f,-0.32123153989332426f,0.46090369796818376f,0.24829196841702267f,-0.20106440427052746f,0.7469104110205697f,0.2619969230522868f,1.0461452720770683f,-0.5245903414649579f,0.07667842024514851f,-0.6211842222359095f,0.10715210560320389f,0f,0f,0f,1f],start_interpolation:0}
execute if entity @s[tag=aj.labyria.bone.wing_right_2] run data modify entity @s {} merge value {transformation:[-0.6568517590735828f,-0.06852571816565975f,0.45149750005046574f,0.24829196841702267f,0.0980286876112225f,0.7513462116383849f,0.25665004707162786f,1.0461452720770683f,-0.4460225812749407f,0.2660509278437646f,-0.6085069932106869f,0.10715210560320389f,0f,0f,0f,1f],start_interpolation:0}
execute if entity @s[tag=aj.labyria.bone.wing_left_1] run data modify entity @s {} merge value {transformation:[-0.369397802492717f,-0.1515833908838561f,0.7123988935744833f,0.21350967505416713f,0.19946549513057973f,0.7471923418416438f,0.2624148718917376f,1.046087468908664f,-0.7005021229163468f,0.29269527557819663f,-0.30094965673404456f,0.06286301858760511f,0f,0f,0f,1f],start_interpolation:0}
execute if entity @s[tag=aj.labyria.bone.wing_left_2] run data modify entity @s {} merge value {transformation:[-0.27748958376949706f,-0.2756642069606078f,0.6978601406443918f,0.21350967505416713f,-0.09958142852522196f,0.751001977265284f,0.25705946634292665f,1.046087468908664f,-0.7436955492621342f,0.0022967682541586154f,-0.29480782700477837f,0.06286301858760511f,0f,0f,0f,1f],start_interpolation:0}
execute if entity @s[tag=aj.labyria.bone.musket] run data modify entity @s {} merge value {transformation:[-1.459577318921602f,0.7040993566321201f,0.1285876615576454f,-0.4728271352684456f,-0.05082548016422072f,0.18935645134216117f,-1.6137588250808046f,0.8276258897718399f,-0.7139379954034558f,-1.4529435195321045f,-0.14800104186780763f,0.4225675620005971f,0f,0f,0f,1f],start_interpolation:0}
execute if entity @s[tag=aj.labyria.bone.omega_blade] run data modify entity @s {} merge value {transformation:[-0.00001610778156317975f,0.000007770385637250896f,0.0000014190834135604239f,-0.4728271352684456f,-5.60906038834498e-7f,0.000002089723042594249f,-0.000017809316651522604f,0.8276258897718399f,-0.000007878964088116933f,-0.00001603457147001461f,-0.0000016333279659970626f,0.4225675620005971f,0f,0f,0f,1f],start_interpolation:0}
execute if entity @s[tag=aj.labyria.bone.arm_right_2] run data modify entity @s {} merge value {transformation:[-0.43356834541338907f,-0.8978560977603085f,-0.07663496310514648f,-0.3537432147029319f,0.2364007464433423f,-0.031265193488178855f,-0.9711524981984945f,0.7769974885517745f,0.8695591854132338f,-0.4391775442697151f,0.22580944991894253f,0.2076207399316761f,0f,0f,0f,1f],start_interpolation:0}
execute if entity @s[tag=aj.labyria.bone.arm_right_1] run data modify entity @s {} merge value {transformation:[-0.27792432433535275f,-0.8978560977603085f,0.341485721015343f,-0.2786657079213136f,-0.7333908705128984f,-0.031265193488178855f,-0.6790878578832635f,1.0278778044943073f,0.6203997912564689f,-0.4391775442697151f,-0.6497901073563308f,0.03627177213786689f,0f,0f,0f,1f],start_interpolation:0}
execute if entity @s[tag=aj.labyria.bone.arm_left_2] run data modify entity @s {} merge value {transformation:[0.767408210039739f,-0.08999019976394351f,0.634812100632974f,-0.16267603326864666f,0.6341970949991317f,-0.038967978022511535f,-0.7721887990533786f,0.7648769400786364f,0.09422676826818308f,0.9951800141860178f,0.02716717700556078f,0.5210951693115518f,0f,0f,0f,1f],start_interpolation:0}
execute if entity @s[tag=aj.labyria.bone.arm_left_1] run data modify entity @s {} merge value {transformation:[0.639813860719422f,-0.08999019976394351f,0.763243072407312f,0.048293090066587684f,0.7635036258357395f,-0.038967978022511535f,-0.6446267990275582f,1.0166309274410255f,0.08775213368908358f,0.9951800141860178f,0.04377559134644038f,0.5500301328247926f,0f,0f,0f,1f],start_interpolation:0}
execute if entity @s[tag=aj.labyria.bone.himo_right_2] run data modify entity @s {} merge value {transformation:[-0.6176425218770603f,-0.06044900669061798f,0.7841324076707086f,-0.2689819849379523f,-0.0010264330282400698f,0.9971028313990451f,0.0760584646916165f,0.7357002645169581f,-0.7864583025212357f,0.0461720825404808f,-0.6159151542130552f,0.27931856143332257f,0f,0f,0f,1f],start_interpolation:0}
execute if entity @s[tag=aj.labyria.bone.himo_right_1] run data modify entity @s {} merge value {transformation:[-0.6176425218770603f,-0.16228167442816305f,0.7695338675549871f,-0.2946002122210142f,-0.0010264330282400698f,0.9786448566695602f,0.20555580981683402f,0.9204808989538559f,-0.7864583025212357f,0.12617013378374306f,-0.6046192485659126f,0.2991965912142375f,0f,0f,0f,1f],start_interpolation:0}
execute if entity @s[tag=aj.labyria.bone.himo_left_2] run data modify entity @s {} merge value {transformation:[-0.6176425218770603f,-0.06044900669061798f,0.7841324076707086f,-0.0759686968513709f,-0.0010264330282400698f,0.9971028313990451f,0.0760584646916165f,0.7360210248382831f,-0.7864583025212357f,0.0461720825404808f,-0.6159151542130552f,0.5250867809712088f,0f,0f,0f,1f],start_interpolation:0}
execute if entity @s[tag=aj.labyria.bone.himo_left_1] run data modify entity @s {} merge value {transformation:[-0.6176425218770603f,-0.16228167442816305f,0.7695338675549871f,-0.10158692413443282f,-0.0010264330282400698f,0.9786448566695602f,0.20555580981683402f,0.9208016592751809f,-0.7864583025212357f,0.12617013378374306f,-0.6046192485659126f,0.5449648107521237f,0f,0f,0f,1f],start_interpolation:0}
execute if entity @s[tag=aj.labyria.bone.ribbon_left_himo_1] run data modify entity @s {} merge value {transformation:[-0.6288328728274727f,0.16872360150064364f,0.7590135468805542f,0.07861351212847581f,-0.008447187287513916f,0.974632322753752f,-0.22365258878572314f,1.40520981559083f,-0.7774946064626284f,-0.14705162950568798f,-0.6114556036060547f,0.5842095314745126f,0f,0f,0f,1f],start_interpolation:0}
execute if entity @s[tag=aj.labyria.bone.ribbon_left_himo_2] run data modify entity @s {} merge value {transformation:[-0.6288328728274727f,0.16872360150064364f,0.7590135468805542f,0.17941999882354942f,-0.008447187287513916f,0.974632322753752f,-0.22365258878572314f,1.375505956142726f,-0.7774946064626284f,-0.14705162950568798f,-0.6114556036060547f,0.5030005841205833f,0f,0f,0f,1f],start_interpolation:0}
execute if entity @s[tag=aj.labyria.bone.ribbon_left] run data modify entity @s {} merge value {transformation:[-0.6288328728274727f,0.16872360150064364f,0.7590135468805542f,0.14672208822351712f,-0.008447187287513916f,0.974632322753752f,-0.22365258878572314f,1.494558040521354f,-0.7774946064626284f,-0.14705162950568798f,-0.6114556036060547f,0.5274697130974587f,0f,0f,0f,1f],start_interpolation:0}
execute if entity @s[tag=aj.labyria.bone.ribbon_right_himo_1] run data modify entity @s {} merge value {transformation:[-0.6288328728274727f,0.16872360150064364f,0.7590135468805542f,-0.29935434649538706f,-0.008447187287513916f,0.974632322753752f,-0.22365258878572314f,1.4001325280818286f,-0.7774946064626284f,-0.14705162950568798f,-0.6114556036060547f,0.11688667957756894f,0f,0f,0f,1f],start_interpolation:0}
execute if entity @s[tag=aj.labyria.bone.ribbon_right_himo_2] run data modify entity @s {} merge value {transformation:[-0.6288328728274727f,0.16872360150064364f,0.7590135468805542f,-0.19854785980031345f,-0.008447187287513916f,0.974632322753752f,-0.22365258878572314f,1.3704286686337248f,-0.7774946064626284f,-0.14705162950568798f,-0.6114556036060547f,0.035677732223639805f,0f,0f,0f,1f],start_interpolation:0}
execute if entity @s[tag=aj.labyria.bone.ribbon_right] run data modify entity @s {} merge value {transformation:[-0.6288328728274727f,0.16872360150064364f,0.7590135468805542f,-0.2305776354729665f,-0.008447187287513916f,0.974632322753752f,-0.22365258878572314f,1.4894897281488457f,-0.7774946064626284f,-0.14705162950568798f,-0.6114556036060547f,0.06097294921988172f,0f,0f,0f,1f],start_interpolation:0}
execute if entity @s[tag=aj.labyria.bone.crown] run data modify entity @s {} merge value {transformation:[-0.5774085517161728f,0.3008285226783395f,0.7590135468805542f,0.0991629341246618f,0.2027020884482245f,0.9533579510698865f,-0.22365258878572314f,1.773023313215674f,-0.790892677765928f,0.024714713734845545f,-0.6114556036060547f,0.3940983842826212f,0f,0f,0f,1f],start_interpolation:0}
execute if entity @s[tag=aj.labyria.bone.ear_edge_a1] run data modify entity @s {} merge value {transformation:[-0.5946967103342254f,0.2650174680458832f,0.7590135468805542f,0.1279902095987243f,0.1441228976261999f,0.9639544127754549f,-0.22365258878572314f,1.7660105804204203f,-0.7909263006737596f,-0.023614227094637855f,-0.6114556036060547f,0.40492800692331626f,0f,0f,0f,1f],start_interpolation:0}
execute if entity @s[tag=aj.labyria.bone.ear_edge_a2] run data modify entity @s {} merge value {transformation:[-0.6288328728274728f,0.16872360150064364f,0.7590135468805542f,0.05725837992909558f,-0.008447187287513896f,0.974632322753752f,-0.22365258878572314f,1.774859334013599f,-0.7774946064626284f,-0.14705162950568798f,-0.6114556036060547f,0.3138903858184464f,0f,0f,0f,1f],start_interpolation:0}
execute if entity @s[tag=aj.labyria.bone.ear_edge_b1] run data modify entity @s {} merge value {transformation:[-0.5693359155389153f,0.31584023006777584f,0.7590135468805542f,0.0424836327155725f,0.22758862930916718f,0.947725137019494f,-0.22365258878572314f,1.7704605489474878f,-0.7899747028143621f,0.04540940136266644f,-0.6114556036060547f,0.29715910793184586f,0f,0f,0f,1f],start_interpolation:0}
execute if entity @s[tag=aj.labyria.bone.ear_edge_b2] run data modify entity @s {} merge value {transformation:[-0.6390706310323886f,0.12444743550457417f,0.7590135468805542f,0.062474771781857924f,-0.07641352439618364f,0.97166892140214f,-0.22365258878572314f,1.7804538965923014f,-0.7653428655453832f,-0.20092870122891054f,-0.6114556036060547f,0.3183192824746593f,0f,0f,0f,1f],start_interpolation:0}
execute if entity @s[tag=aj.labyria.bone.ear_right_2] run data modify entity @s {} merge value {transformation:[-0.6117347430886807f,0.22288795335330774f,0.7590135468805542f,0.14020321663825125f,0.07652976080586922f,0.9716597733983026f,-0.22365258878572314f,1.8760331306191524f,-0.7873523987448202f,-0.07872893375076949f,-0.6114556036060547f,0.3287376995471819f,0f,0f,0f,1f],start_interpolation:0}
execute if entity @s[tag=aj.labyria.bone.ear_right_1] run data modify entity @s {} merge value {transformation:[-0.6117347430886807f,0.22288795335330774f,0.7590135468805542f,0.0900534271337571f,0.07652976080586922f,0.9716597733983026f,-0.22365258878572314f,1.6574096816045347f,-0.7873523987448202f,-0.07872893375076949f,-0.6114556036060547f,0.346451709641105f,0f,0f,0f,1f],start_interpolation:0}
execute if entity @s[tag=aj.labyria.bone.ear_edge_a3] run data modify entity @s {} merge value {transformation:[-0.6272066661786705f,-0.2217196714666808f,0.7466272062989298f,-0.14896284807293864f,-0.16175278266066817f,0.9748043468497711f,0.15359857637465704f,1.752402431291503f,-0.7618712720680368f,-0.02443097721127419f,-0.6472675583944661f,0.1290350354703616f,0f,0f,0f,1f],start_interpolation:0}
execute if entity @s[tag=aj.labyria.bone.ear_edge_a4] run data modify entity @s {} merge value {transformation:[-0.6541693095230054f,-0.1208731950948981f,0.7466272062989298f,-0.07483043377899495f,-0.007268340974425691f,0.988106597769268f,0.15359857637465704f,1.7631971636222787f,-0.7563132193064417f,0.09505273353456252f,-0.6472675583944661f,0.21710886546462269f,0f,0f,0f,1f],start_interpolation:0}
execute if entity @s[tag=aj.labyria.bone.ear_edge_b3] run data modify entity @s {} merge value {transformation:[-0.5640098646868178f,-0.5374725918034968f,0.6269099501491334f,-0.023634411853311166f,-0.22609108027619823f,0.8306844446513318f,0.5087692766213876f,1.7635783836510806f,-0.7942138855217147f,0.14521214299892377f,-0.5900319801249427f,0.2026879756174408f,0f,0f,0f,1f],start_interpolation:0}
execute if entity @s[tag=aj.labyria.bone.ear_edge_b4] run data modify entity @s {} merge value {transformation:[-0.7024934219431754f,-0.3368781775814196f,0.6269099501491334f,-0.04719943112129753f,0.04167021518728793f,0.8598938401526056f,0.5087692766213876f,1.7716504601726153f,-0.7104692711812475f,0.383530542639079f,-0.5900319801249427f,0.1846104461255574f,0f,0f,0f,1f],start_interpolation:0}
execute if entity @s[tag=aj.labyria.bone.ear_left_2] run data modify entity @s {} merge value {transformation:[-0.6411452047043776f,-0.44262483085406823f,0.6269099501491334f,-0.1070760569066691f,-0.09335984718508793f,0.8558257778892423f,0.5087692766213876f,1.8766333269256419f,-0.7617196107611769f,0.2676667648619835f,-0.5900319801249427f,0.1585522055071879f,0f,0f,0f,1f],start_interpolation:0}
execute if entity @s[tag=aj.labyria.bone.ear_left_1] run data modify entity @s {} merge value {transformation:[-0.6411452047043776f,-0.17742784814914692f,0.7466272062989298f,-0.0671547910731111f,-0.09335984718508793f,0.9837130761910484f,0.15359857637465704f,1.6552978847826563f,-0.7617196107611769f,0.028773988807733214f,-0.6472675583944661f,0.15207805802544794f,0f,0f,0f,1f],start_interpolation:0}
execute if entity @s[tag=aj.labyria.bone.head] run data modify entity @s {} merge value {transformation:[-0.6288328728274727f,0.16872360150064364f,0.7590135468805542f,-0.09874070107877424f,-0.008447187287513916f,0.974632322753752f,-0.22365258878572314f,1.1638438611818513f,-0.7774946064626284f,-0.14705162950568798f,-0.6114556036060547f,0.3437368315676308f,0f,0f,0f,1f],start_interpolation:0}
execute if entity @s[tag=aj.labyria.bone.back_musket] run data modify entity @s {} merge value {transformation:[0.000012503761139781641f,0.0000036815078112617826f,0.000009714325589427449f,0.018488013440502944f,0.000004083508533845337f,0.000012235835722132723f,-0.000009893176754586626f,1.1878192405076429f,-0.000009552307547174076f,0.00001004970091490783f,0.00000848661275819758f,0.1258731858485745f,0f,0f,0f,1f],start_interpolation:0}
execute if entity @s[tag=aj.labyria.bone.body_1] run data modify entity @s {} merge value {transformation:[-0.6176425218770603f,-0.2613376577232619f,0.7417683896103042f,-0.0007390794325510207f,-0.0010264330282400698f,0.9434419971108443f,0.3315360380452482f,0.8100531122652848f,-0.7864583025212357f,0.2040093790569957f,-0.5829781399436822f,0.2672333144212574f,0f,0f,0f,1f],start_interpolation:0}
execute if entity @s[tag=aj.labyria.bone.belt2] run data modify entity @s {} merge value {transformation:[-0.8811379166074774f,0.12810148711653405f,0.45517686772854193f,0.14098777748075061f,0.08181617225713828f,0.9893889436726226f,-0.12006511606441955f,0.3456912369864522f,-0.46572748026482647f,-0.06855309720869446f,-0.8822688858784894f,0.7831567477164741f,0f,0f,0f,1f],start_interpolation:0}
execute if entity @s[tag=aj.labyria.bone.leg_left_2] run data modify entity @s {} merge value {transformation:[-0.9957540430792244f,0.0011614808615109176f,0.09204638316406766f,0.0870786247354827f,0.0012101640215944707f,0.99999915584608f,0.00047308579384186533f,0.46459840301425726f,-0.09204575598265702f,0.0005824683131645525f,-0.995754608091896f,0.6209999392754673f,0f,0f,0f,1f],start_interpolation:0}
execute if entity @s[tag=aj.labyria.bone.leg_left_1] run data modify entity @s {} merge value {transformation:[-0.9957540430792244f,0.085414144843375f,0.03432651383483282f,0.11446940178824055f,0.0012101640215944707f,0.38501064047307476f,-0.9229113403927561f,0.506283658417941f,-0.09204575598265702f,-0.9189511578877234f,-0.38347926700461066f,0.32523365753430566f,0f,0f,0f,1f],start_interpolation:0}
execute if entity @s[tag=aj.labyria.bone.belt] run data modify entity @s {} merge value {transformation:[-0.9288356680997002f,-0.12421369694280425f,-0.3490490784368078f,-0.13797133053088506f,-0.30472127106094943f,0.7920035238440903f,0.5290324802708644f,0.23162476118786035f,0.210735019939219f,0.5977469161027471f,-0.7734916778226335f,0.10488687736474087f,0f,0f,0f,1f],start_interpolation:0}
execute if entity @s[tag=aj.labyria.bone.leg_right_2] run data modify entity @s {} merge value {transformation:[-0.9996879182941798f,-0.017854889441113842f,0.017471947221042356f,-0.06494856788248608f,0.011521268735177082f,0.2910499174517489f,0.9566384928059616f,0.22943922916992632f,-0.0221658833205699f,0.9565412424325341f,-0.29075337511754396f,-0.08798401435418149f,0f,0f,0f,1f],start_interpolation:0}
execute if entity @s[tag=aj.labyria.bone.leg_right_1] run data modify entity @s {} merge value {transformation:[-0.9996879182941798f,-0.006214499650841587f,0.024195991625452717f,-0.06696938549919289f,0.011521268735177082f,0.744711198779624f,0.6672874124235725f,0.5168282141724159f,-0.0221658833205699f,0.667357932751462f,-0.7444071891178337f,0.1525330274049381f,0f,0f,0f,1f],start_interpolation:0}
execute if entity @s[tag=aj.labyria.bone.skirt_forward_right] run data modify entity @s {} merge value {transformation:[-0.6953738363895089f,0.3680227453897269f,0.6172637090747717f,-0.00028099371494448913f,0.2439045917321914f,0.9288008429521477f,-0.2789973911407289f,0.7226885920006072f,-0.6759924391565999f,-0.04345403326721267f,-0.7356262428678866f,0.26752237526928146f,0f,0f,0f,1f],start_interpolation:0}
execute if entity @s[tag=aj.labyria.bone.skirt_forward_left] run data modify entity @s {} merge value {transformation:[-0.7864729945453531f,-0.021112610215705013f,0.6172637090747717f,-0.00028099371494448913f,-0.24390459173219112f,0.9288008429521477f,-0.2789973911407289f,0.7226885920006072f,-0.5674246901420645f,-0.36997736663377045f,-0.7356262428678866f,0.26752237526928146f,0f,0f,0f,1f],start_interpolation:0}
execute if entity @s[tag=aj.labyria.bone.skirt_forward] run data modify entity @s {} merge value {transformation:[-0.7660444431189779f,0.1793360661601297f,0.6172637090747717f,-0.00028099371494448913f,1.5460782702105746e-16f,0.9602918596638561f,-0.2789973911407289f,0.7226885920006072f,-0.6427876096865395f,-0.21372440112804725f,-0.7356262428678866f,0.26752237526928146f,0f,0f,0f,1f],start_interpolation:0}
execute if entity @s[tag=aj.labyria.bone.skirt_back_right] run data modify entity @s {} merge value {transformation:[-0.754339880806539f,0.14347710903603905f,0.6406135054831711f,-0.00028099371494448913f,0.2531309928251002f,0.9639354382119107f,0.08217768207117128f,0.7226885920006072f,-0.6057194438815345f,0.2241490355586479f,-0.7634534466239397f,0.26752237526928146f,0f,0f,0f,1f],start_interpolation:0}
execute if entity @s[tag=aj.labyria.bone.skirt_back_left] run data modify entity @s {} merge value {transformation:[-0.727506950128323f,-0.2456582465693929f,0.6406135054831711f,-0.00028099371494448913f,-0.2531309928250999f,0.9639354382119107f,0.08217768207117128f,0.7226885920006072f,-0.6376976854171299f,-0.10237429780790991f,-0.7634534466239397f,0.26752237526928146f,0f,0f,0f,1f],start_interpolation:0}
execute if entity @s[tag=aj.labyria.bone.skirt_back] run data modify entity @s {} merge value {transformation:[-0.7660444431189779f,-0.05282279582810844f,0.6406135054831711f,-0.00028099371494448913f,1.5460782702105746e-16f,0.9966176942887425f,0.08217768207117128f,0.7226885920006072f,-0.6427876096865395f,0.06295175669901892f,-0.7634534466239397f,0.26752237526928146f,0f,0f,0f,1f],start_interpolation:0}
execute if entity @s[tag=aj.labyria.bone.skirt_right] run data modify entity @s {} merge value {transformation:[-0.7310673486461541f,0.22885570429655774f,0.642779587692709f,-0.13689751933435262f,0.2947403277524792f,0.9555643250656809f,-0.0049959842004239745f,0.778043369913973f,-0.6153606023624227f,0.18580066542587054f,-0.766034882879011f,0.152526482034691f,0f,0f,0f,1f],start_interpolation:0}
execute if entity @s[tag=aj.labyria.bone.skirt_left] run data modify entity @s {} merge value {transformation:[-0.7228652319267593f,-0.2535749556187739f,0.642779587692709f,0.1436671556663048f,-0.3349643613985723f,0.94221755276301f,-0.0049959842004239745f,0.7780433699139729f,-0.6043713536099465f,-0.21891967738926785f,-0.766034882879011f,0.3879481973491162f,0f,0f,0f,1f],start_interpolation:0}
execute if entity @s[tag=aj.labyria.bone.coat_downer] run data modify entity @s {} merge value {transformation:[-0.7660444431189779f,0.025642084571579585f,0.6422759490011741f,-0.0007376085017292317f,1.5460782702105746e-16f,0.9992039972805096f,-0.03989200193837594f,0.580502866501594f,-0.6427876096865395f,-0.030559046409784293f,-0.7654346696590049f,0.26806654758186377f,0f,0f,0f,1f],start_interpolation:0}
execute if entity @s[tag=aj.labyria.bone.body_2] run data modify entity @s {} merge value {transformation:[-0.7660444431189779f,0.003211356742222362f,0.642779587692709f,-3.2721031664718344e-17f,1.5460782702105746e-16f,0.9999875199930592f,-0.0049959842004239745f,0.8101874999999998f,-0.6427876096865395f,-0.0038271459346448967f,-0.766034882879011f,0.2671875f,0f,0f,0f,1f],start_interpolation:0}
execute if entity @s[tag=aj.labyria.bone.sphere] run data modify entity @s {} merge value {transformation:[-0.8734218602781113f,-3.6708674659434726e-18f,-0.48696432517005134f,0.5746006560966012f,-1.224646799147353e-16f,1f,2.1211504774498138e-16f,1.7789375f,0.48696432517005134f,2.449018498062475e-16f,-0.8734218602781113f,-0.3273843402110075f,0f,0f,0f,1f],start_interpolation:0}