execute if entity @s[tag=aj.labyria.bone.wing_right_1] run data modify entity @s {} merge value {transformation:[-0.7754192026314953f,-0.21341309115032844f,-0.1418603438612852f,0.042791360789557475f,-0.25143860973953147f,0.5463265946262784f,0.5524946352506511f,1.4460068559125026f,-0.04947858291252959f,0.5682662659125209f,-0.5844397020251553f,0.05544565546652314f,0f,0f,0f,1f],start_interpolation:0}
execute if entity @s[tag=aj.labyria.bone.wing_right_2] run data modify entity @s {} merge value {transformation:[-0.781776572728665f,0.09754001152757644f,-0.13896523480289164f,0.042791360789557475f,-0.022754790658805826f,0.5886968317185695f,0.5412192345312501f,1.4460068559125026f,0.168248654778267f,0.5328433038668298f,-0.572512361167499f,0.05544565546652314f,0f,0f,0f,1f],start_interpolation:0}
execute if entity @s[tag=aj.labyria.bone.wing_left_1] run data modify entity @s {} merge value {transformation:[-0.7647588506248985f,0.058161854733812836f,0.2805450828106806f,-0.013661823223026795f,0.2449654101383428f,0.5474679943674793f,0.5542699589761722f,1.4457695893656488f,-0.14859438976987732f,0.60319187514556f,-0.530116698031429f,0.04818555333020343f,0f,0f,0f,1f],start_interpolation:0}
execute if entity @s[tag=aj.labyria.bone.wing_left_2] run data modify entity @s {} merge value {transformation:[-0.7139291045891809f,-0.23404995401853335f,0.2748196729574014f,-0.013661823223026795f,0.01646850358086778f,0.5873031954255493f,0.542958327160332f,1.4457695893656488f,-0.3606023044994271f,0.49019952638375897f,-0.5192979899083386f,0.04818555333020343f,0f,0f,0f,1f],start_interpolation:0}
execute if entity @s[tag=aj.labyria.bone.musket] run data modify entity @s {} merge value {transformation:[-1.5188665749799617f,0.23352716764394393f,0.5302509123102371f,-0.46778158834466677f,0.47795139881037574f,-0.3359631339666374f,1.5170194044953813f,0.7551774250705205f,0.327510959219454f,1.5732928764894707f,0.2452401618896072f,0.7753696019702766f,0f,0f,0f,1f],start_interpolation:0}
execute if entity @s[tag=aj.labyria.bone.omega_blade] run data modify entity @s {} merge value {transformation:[-0.000016762093173295136f,0.000002577187625973759f,0.000005851807751767929f,-0.46778158834466677f,0.0000052746343958961336f,-0.0000037076629686286353f,0.00001674170794375652f,0.7551774250705205f,0.0000036143854267016033f,0.000017362737595924738f,0.0000027064513178070375f,0.7753696019702766f,0f,0f,0f,1f],start_interpolation:0}
execute if entity @s[tag=aj.labyria.bone.arm_right_2] run data modify entity @s {} merge value {transformation:[-0.24744960353871762f,-0.9349112340330554f,-0.25438097056840003f,-0.4264506323280849f,-0.9296381751763088f,0.30307521578624325f,-0.20956687913643396f,1.0061364026765665f,0.27302299713283135f,0.18462502012162874f,-0.9441250155470378f,0.5134540112970168f,0f,0f,0f,1f],start_interpolation:0}
execute if entity @s[tag=aj.labyria.bone.arm_right_1] run data modify entity @s {} merge value {transformation:[-0.25859773926755064f,-0.9349112340330554f,-0.24303949005151737f,-0.32977795527049436f,-0.9380936086876623f,0.30307521578624325f,-0.16770746827580785f,1.3584540236919165f,0.23045084201423705f,0.18462502012162874f,-0.9554088189670522f,0.4246341579611633f,0f,0f,0f,1f],start_interpolation:0}
execute if entity @s[tag=aj.labyria.bone.arm_left_2] run data modify entity @s {} merge value {transformation:[-0.04603391398108453f,0.8552377878052321f,0.5161871802685489f,0.4089133125678185f,0.8428620978152717f,0.3105990159791697f,-0.4394448035182702f,1.0636203896228382f,-0.5361570318759434f,0.41484524534190426f,-0.7351456043446045f,0.4172532602767278f,0f,0f,0f,1f],start_interpolation:0}
execute if entity @s[tag=aj.labyria.bone.arm_left_1] run data modify entity @s {} merge value {transformation:[-0.40646037685595715f,0.8552377878052321f,0.3214938387529792f,0.26171784361873374f,0.8986193890507194f,0.3105990159791697f,0.30985713626586625f,1.362777289685681f,0.16514586179564272f,0.41484524534190426f,-0.8947794514566088f,0.4967269648117739f,0f,0f,0f,1f],start_interpolation:0}
execute if entity @s[tag=aj.labyria.bone.himo_right_2] run data modify entity @s {} merge value {transformation:[-0.9918230784106256f,-0.06655985034856053f,0.10888878479277654f,-0.18059807041941275f,-0.0041685237249310045f,0.8696644847783239f,0.49362567530995294f,0.946726608663029f,-0.1275523600017854f,0.48913543138565363f,-0.8628307627925336f,0.36069091646033236f,0f,0f,0f,1f],start_interpolation:0}
execute if entity @s[tag=aj.labyria.bone.himo_right_1] run data modify entity @s {} merge value {transformation:[-0.9918230784106256f,-0.08020326005635994f,0.09926942232330294f,-0.1950157477904596f,-0.0041685237249310045f,0.797793304772512f,0.6029166329353575f,1.100081082263721f,-0.1275523600017854f,0.5975728239608002f,-0.7916041406672208f,0.46778829507381225f,0f,0f,0f,1f],start_interpolation:0}
execute if entity @s[tag=aj.labyria.bone.himo_left_2] run data modify entity @s {} merge value {transformation:[-0.9918230784106256f,-0.06655985034856053f,0.10888878479277654f,0.12934664158390768f,-0.0041685237249310045f,0.8696644847783239f,0.49362567530995294f,0.94802927232707f,-0.1275523600017854f,0.48913543138565363f,-0.8628307627925336f,0.40055102896089023f,0f,0f,0f,1f],start_interpolation:0}
execute if entity @s[tag=aj.labyria.bone.himo_left_1] run data modify entity @s {} merge value {transformation:[-0.9918230784106256f,-0.08020326005635994f,0.09926942232330294f,0.11492896421286083f,-0.0041685237249310045f,0.797793304772512f,0.6029166329353575f,1.101383745927762f,-0.1275523600017854f,0.5975728239608002f,-0.7916041406672208f,0.5076484075743701f,0f,0f,0f,1f],start_interpolation:0}
execute if entity @s[tag=aj.labyria.bone.ribbon_left_himo_1] run data modify entity @s {} merge value {transformation:[-0.9926883450563156f,-0.08761980110754719f,-0.08302180462521365f,0.2439195379065591f,-0.11239629880778654f,0.4202038140214126f,0.9004420173982158f,1.4452102142721337f,-0.044010471522854935f,0.9031896396304222f,-0.42697957007403053f,0.7259496863301543f,0f,0f,0f,1f],start_interpolation:0}
execute if entity @s[tag=aj.labyria.bone.ribbon_left_himo_2] run data modify entity @s {} merge value {transformation:[-0.9926883450563156f,-0.08761980110754719f,-0.08302180462521365f,0.2328932044797729f,-0.11239629880778654f,0.4202038140214126f,0.9004420173982158f,1.5648001697078344f,-0.044010471522854935f,0.9031896396304222f,-0.42697957007403053f,0.6692414621796972f,0f,0f,0f,1f],start_interpolation:0}
execute if entity @s[tag=aj.labyria.bone.ribbon_left] run data modify entity @s {} merge value {transformation:[-0.9926883450563156f,-0.08761980110754719f,-0.08302180462521365f,0.2285109701873143f,-0.11239629880778654f,0.4202038140214126f,0.9004420173982158f,1.549872360114493f,-0.044010471522854935f,0.9031896396304222f,-0.42697957007403053f,0.7941384074935901f,0f,0f,0f,1f],start_interpolation:0}
execute if entity @s[tag=aj.labyria.bone.ribbon_right_himo_1] run data modify entity @s {} merge value {transformation:[-0.9926883450563156f,-0.08761980110754719f,-0.08302180462521365f,-0.3527482004938527f,-0.11239629880778654f,0.4202038140214126f,0.9004420173982158f,1.3776530139199785f,-0.044010471522854935f,0.9031896396304222f,-0.42697957007403053f,0.6994966422904483f,0f,0f,0f,1f],start_interpolation:0}
execute if entity @s[tag=aj.labyria.bone.ribbon_right_himo_2] run data modify entity @s {} merge value {transformation:[-0.9926883450563156f,-0.08761980110754719f,-0.08302180462521365f,-0.3637745339206389f,-0.11239629880778654f,0.4202038140214126f,0.9004420173982158f,1.4972429693556792f,-0.044010471522854935f,0.9031896396304222f,-0.42697957007403053f,0.6427884181399911f,0f,0f,0f,1f],start_interpolation:0}
execute if entity @s[tag=aj.labyria.bone.ribbon_right] run data modify entity @s {} merge value {transformation:[-0.9926883450563156f,-0.08761980110754719f,-0.08302180462521365f,-0.3671020368464751f,-0.11239629880778654f,0.4202038140214126f,0.9004420173982158f,1.4824345808298212f,-0.044010471522854935f,0.9031896396304222f,-0.42697957007403053f,0.7677321245798772f,0f,0f,0f,1f],start_interpolation:0}
execute if entity @s[tag=aj.labyria.bone.crown] run data modify entity @s {} merge value {transformation:[-0.9881220635180264f,0.12931422019890215f,-0.08302180462521365f,0.07482214967432671f,-0.018783306458988f,0.4345703173277012f,0.9004420173982158f,1.6388819353269992f,0.15251876929527403f,0.8913060483089134f,-0.42697957007403053f,1.0511398365848932f,0f,0f,0f,1f],start_interpolation:0}
execute if entity @s[tag=aj.labyria.bone.ear_edge_a1] run data modify entity @s {} merge value {transformation:[-0.9941734609699964f,0.06874961425136755f,-0.08302180462521365f,0.100031986665264f,-0.04527815500419358f,0.43261306265905486f,0.9004420173982158f,1.6555133448927124f,0.09782135851824586f,0.8989546309781383f,-0.42697957007403053f,1.041902342671345f,0f,0f,0f,1f],start_interpolation:0}
execute if entity @s[tag=aj.labyria.bone.ear_edge_a2] run data modify entity @s {} merge value {transformation:[-0.9926883450563156f,-0.08761980110754718f,-0.08302180462521365f,-0.015193810512103341f,-0.11239629880778654f,0.4202038140214126f,0.9004420173982158f,1.6468015305385948f,-0.044010471522854935f,0.9031896396304223f,-0.42697957007403053f,1.045934783681403f,0f,0f,0f,1f],start_interpolation:0}
execute if entity @s[tag=aj.labyria.bone.ear_edge_b1] run data modify entity @s {} merge value {transformation:[-0.9843984071081385f,0.15513592762391507f,-0.08302180462521365f,-0.03698848633326203f,-0.007401145156164773f,0.43491309057581673f,0.9004420173982158f,1.6424758444786305f,0.17579817727535496f,0.8870081440472004f,-0.42697957007403053f,1.04105024982839f,0f,0f,0f,1f],start_interpolation:0}
execute if entity @s[tag=aj.labyria.bone.ear_edge_b2] run data modify entity @s {} merge value {transformation:[-0.9841581577846762f,-0.15665280215382507f,-0.08302180462521365f,-0.008970188363561865f,-0.14143444339287498f,0.41133984918310407f,0.9004420173982158f,1.6499499443885433f,-0.10690658860902937f,0.8979194997611846f,-0.42697957007403053f,1.0513642419952345f,0f,0f,0f,1f],start_interpolation:0}
execute if entity @s[tag=aj.labyria.bone.ear_right_2] run data modify entity @s {} merge value {transformation:[-0.9965474350475012f,-0.0007678912808649768f,-0.08302180462521365f,0.03662165851816894f,-0.07534542144101748f,0.4284007945507415f,0.9004420173982158f,1.728594638187274f,0.03487516549239334f,0.9035884957054701f,-0.42697957007403053f,1.135161856319669f,0f,0f,0f,1f],start_interpolation:0}
execute if entity @s[tag=aj.labyria.bone.ear_right_1] run data modify entity @s {} merge value {transformation:[-0.9965474350475012f,-0.0007678912808649768f,-0.08302180462521365f,0.03679443405636356f,-0.07534542144101748f,0.4284007945507415f,0.9004420173982158f,1.6322044594133573f,0.03487516549239334f,0.9035884957054701f,-0.42697957007403053f,0.9318544447859385f,0f,0f,0f,1f],start_interpolation:0}
execute if entity @s[tag=aj.labyria.bone.ear_edge_a3] run data modify entity @s {} merge value {transformation:[-0.9666146621964823f,-0.24390940343108478f,-0.07851304187631919f,-0.28795823080919947f,-0.178356848772582f,0.42047148321826516f,0.889602476556887f,1.6144883315681804f,-0.18396991417809222f,0.8739061361027994f,-0.4499368132962459f,1.024198048059563f,0f,0f,0f,1f],start_interpolation:0}
execute if entity @s[tag=aj.labyria.bone.ear_edge_a4] run data modify entity @s {} merge value {transformation:[-0.9928698687437969f,-0.08969462634964792f,-0.07851304187631919f,-0.17449839017722232f,-0.11038474845604773f,0.44319593975142485f,0.889602476556887f,1.6316692552604737f,-0.04499590035737318f,0.8919261365112295f,-0.4499368132962459f,1.0383691824476753f,0f,0f,0f,1f],start_interpolation:0}
execute if entity @s[tag=aj.labyria.bone.ear_edge_b3] run data modify entity @s {} merge value {transformation:[-0.9413707758975209f,-0.32916888112487297f,-0.07395207897753008f,-0.15183666426152953f,-0.2178902320331019f,0.42583882789284655f,0.8781714749656857f,1.6297997409103615f,-0.25757505521820356f,0.8427983984072621f,-0.47259491170715484f,1.0376791210749363f,0f,0f,0f,1f],start_interpolation:0}
execute if entity @s[tag=aj.labyria.bone.ear_edge_b4] run data modify entity @s {} merge value {transformation:[-0.9970155889541346f,-0.022158641595131118f,-0.07395207897753008f,-0.18165817177773497f,-0.0756344903285466f,0.4723285767655112f,0.8781714749656857f,1.6313041171491338f,0.015470593239475111f,0.881143978117836f,-0.47259491170715484f,1.0451410354803092f,0f,0f,0f,1f],start_interpolation:0}
execute if entity @s[tag=aj.labyria.bone.ear_left_2] run data modify entity @s {} merge value {transformation:[-0.9812742973576405f,-0.17785343224174818f,-0.07395207897753008f,-0.2509523671754847f,-0.14859177247388755f,0.4546815871680541f,0.8781714749656857f,1.7012803603591136f,-0.12256116227556502f,0.872715767549876f,-0.47259491170715484f,1.1198891752675058f,0f,0f,0f,1f],start_interpolation:0}
execute if entity @s[tag=aj.labyria.bone.ear_left_1] run data modify entity @s {} merge value {transformation:[-0.9812742973576405f,-0.17588762207897493f,-0.07851304187631919f,-0.21137765220771537f,-0.14859177247388755f,0.43188878065645786f,0.889602476556887f,1.6041053847114106f,-0.12256116227556502f,0.8846104371656949f,-0.4499368132962459f,0.9208518269052247f,0f,0f,0f,1f],start_interpolation:0}
execute if entity @s[tag=aj.labyria.bone.head] run data modify entity @s {} merge value {transformation:[-0.9926883450563156f,-0.08761980110754719f,-0.08302180462521365f,-0.03979202961352001f,-0.11239629880778654f,0.4202038140214126f,0.9004420173982158f,1.3746616543327157f,-0.044010471522854935f,0.9031896396304222f,-0.42697957007403053f,0.4768115570998035f,0f,0f,0f,1f],start_interpolation:0}
execute if entity @s[tag=aj.labyria.bone.back_musket] run data modify entity @s {} merge value {transformation:[0.0000017635227634819275f,0.00000902031334575051f,0.000013408564377652681f,-0.1135246114310415f,0.00001039831551285695f,0.000009691674858081297f,-0.000007887467084103328f,1.4926416025251905f,-0.00001237055722351502f,0.000009432446641895735f,-0.000004718466741435216f,0.27083535301137074f,0f,0f,0f,1f],start_interpolation:0}
execute if entity @s[tag=aj.labyria.bone.body_1] run data modify entity @s {} merge value {transformation:[-0.9918230784106256f,-0.09247436974805037f,0.0879515325151941f,-0.00511414095800112f,-0.0041685237249310045f,0.7122716601319505f,0.701891519811167f,1.107559781783234f,-0.1275523600017854f,0.6957855798394905f,-0.7068329522209607f,0.21589196465999458f,0f,0f,0f,1f],start_interpolation:0}
execute if entity @s[tag=aj.labyria.bone.belt2] run data modify entity @s {} merge value {transformation:[-0.8467242491125129f,0.102534571001464f,0.5220581459132663f,0.17046544859086116f,0.17555678130939145f,0.9801393960481385f,0.09223112734146237f,0.32606610652065343f,-0.5022328767625014f,0.16974517979588194f,-0.847908433402408f,0.32181358993017417f,0f,0f,0f,1f],start_interpolation:0}
execute if entity @s[tag=aj.labyria.bone.leg_left_2] run data modify entity @s {} merge value {transformation:[-0.9859035327392166f,-0.029394980912150606f,0.16471235299608494f,0.1249817044976717f,0.009583545695999321f,0.9729086695863273f,0.2309910740605698f,0.47842241983323774f,-0.1670400544307421f,0.22931344430917533f,-0.9589123862349664f,0.18743083722986326f,0f,0f,0f,1f],start_interpolation:0}
execute if entity @s[tag=aj.labyria.bone.leg_left_1] run data modify entity @s {} merge value {transformation:[-0.9859035327392166f,0.041321725383806816f,0.16213185727560717f,0.14198362719598093f,0.009583545695999321f,0.9813788892659479f,-0.191842725572348f,0.8315722846554654f,-0.1670400544307421f,-0.18758462280911992f,-0.9679409225264396f,0.10734329277740955f,0f,0f,0f,1f],start_interpolation:0}
execute if entity @s[tag=aj.labyria.bone.belt] run data modify entity @s {} merge value {transformation:[-0.941504967296976f,-0.05825962057761008f,-0.3319250113583992f,-0.1930033850641292f,0.06640899612265791f,0.9335555168530385f,-0.35222711733658063f,0.6607500875182477f,0.3303910437483154f,-0.35366638738139844f,-0.8750781934475852f,0.2666306431028944f,0f,0f,0f,1f],start_interpolation:0}
execute if entity @s[tag=aj.labyria.bone.leg_right_2] run data modify entity @s {} merge value {transformation:[-0.9970572397250673f,0.014874676483982899f,0.07520375463583337f,-0.12472036318160354f,0.04210196705656333f,0.9260583259586304f,0.375024534254317f,0.5055508958984942f,-0.06406469450327411f,0.377087152952996f,-0.9239594114440342f,0.17506269578742395f,0f,0f,0f,1f],start_interpolation:0}
execute if entity @s[tag=aj.labyria.bone.leg_right_1] run data modify entity @s {} merge value {transformation:[-0.9970572397250673f,0.05801126041935637f,0.05011541056788221f,-0.10246926113877863f,0.04210196705656333f,0.9606879517768134f,-0.27441953953907733f,0.8490594563696204f,-0.06406469450327411f,-0.2715020312547012f,-0.9603032656108035f,0.054508990709469685f,0f,0f,0f,1f],start_interpolation:0}
execute if entity @s[tag=aj.labyria.bone.skirt_forward_right] run data modify entity @s {} merge value {transformation:[-0.9837258253864238f,0.06605879459964184f,0.16709199898212318f,0.003976364080090745f,0.0848426360651114f,0.9905354593115442f,0.10789453624716833f,1.0272824121634543f,-0.15838316695066615f,0.12031516738346326f,-0.9800199145548862f,0.18479444809377396f,0f,0f,0f,1f],start_interpolation:0}
execute if entity @s[tag=aj.labyria.bone.skirt_forward_left] run data modify entity @s {} merge value {transformation:[-0.9824185899765592f,-0.08327051065429883f,0.16709199898212318f,0.003976364080090745f,-0.06573058886794499f,0.9919870254872701f,0.10789453624716833f,1.0272824121634543f,-0.1747375281831088f,0.09501454267790077f,-0.9800199145548862f,0.18479444809377396f,0f,0f,0f,1f],start_interpolation:0}
execute if entity @s[tag=aj.labyria.bone.skirt_forward] run data modify entity @s {} merge value {transformation:[-0.9859035327392166f,-0.008630643573380573f,0.16709199898212318f,0.003976364080090745f,0.009583545695999321f,0.9941161525193629f,0.10789453624716833f,1.0272824121634543f,-0.1670400544307421f,0.1079749382570237f,-0.9800199145548862f,0.18479444809377396f,0f,0f,0f,1f],start_interpolation:0}
execute if entity @s[tag=aj.labyria.bone.skirt_back_right] run data modify entity @s {} merge value {transformation:[-0.9875635431644764f,0.015529480449108075f,0.15645153706309972f,0.003976364080090745f,0.07873903210150597f,0.9101723529124169f,0.4066773325593559f,1.0272824121634543f,-0.13608237592040973f,0.4139385500661369f,-0.9000758099921364f,0.18479444809377396f,0f,0f,0f,1f],start_interpolation:0}
execute if entity @s[tag=aj.labyria.bone.skirt_back_left] run data modify entity @s {} merge value {transformation:[-0.9785808721985066f,-0.1337998248048326f,0.15645153706309972f,0.003976364080090745f,-0.059626984904339556f,0.9116239190881429f,0.4066773325593559f,1.0272824121634543f,-0.19703831921336523f,0.3886379253605744f,-0.9000758099921364f,0.18479444809377396f,0f,0f,0f,1f],start_interpolation:0}
execute if entity @s[tag=aj.labyria.bone.skirt_back] run data modify entity @s {} merge value {transformation:[-0.9859035327392166f,-0.05930548611154059f,0.15645153706309972f,0.003976364080090745f,0.009583545695999321f,0.9135215940711526f,0.4066773325593559f,1.0272824121634543f,-0.1670400544307421f,0.40244397930988374f,-0.9000758099921364f,0.18479444809377396f,0f,0f,0f,1f],start_interpolation:0}
execute if entity @s[tag=aj.labyria.bone.skirt_right] run data modify entity @s {} merge value {transformation:[-0.9865937628604801f,0.026527244745056355f,0.1610250054216264f,-0.18911836327817175f,0.07846334613779778f,0.9422770266092073f,0.325511149482428f,1.0508483212152389f,-0.1430952493888566f,0.3337818305581466f,-0.9317260537258758f,0.15965603613025278f,0f,0f,0f,1f],start_interpolation:0}
execute if entity @s[tag=aj.labyria.bone.skirt_left] run data modify entity @s {} merge value {transformation:[-0.980301379190872f,-0.11436849909585903f,0.1610250054216264f,0.19435643281970216f,-0.05664596365200093f,0.9438398838598444f,0.325511149482428f,1.0471207270748089f,-0.18921004402095176f,0.3099776121754535f,-0.9317260537258758f,0.22462755584378452f,0f,0f,0f,1f],start_interpolation:0}
execute if entity @s[tag=aj.labyria.bone.coat_downer] run data modify entity @s {} merge value {transformation:[-0.9859035327392166f,-0.03979678591462142f,0.16251289168308583f,0.010437955710238261f,0.009583545695999321f,0.956273842133334f,0.2923157445356718f,0.8928456048882505f,-0.1670400544307421f,0.28975257493664697f,-0.9424123649089912f,0.13894384461350345f,0f,0f,0f,1f],start_interpolation:0}
execute if entity @s[tag=aj.labyria.bone.body_2] run data modify entity @s {} merge value {transformation:[-0.9859035327392166f,-0.04544416091532315f,0.1610250054216264f,-2.6086226461429594e-17f,0.009583545695999321f,0.9454896335838491f,0.325511149482428f,1.110012755102041f,-0.1670400544307421f,0.3224657827183856f,-0.9317260537258758f,0.21301020408163268f,0f,0f,0f,1f],start_interpolation:0}
execute if entity @s[tag=aj.labyria.bone.sphere] run data modify entity @s {} merge value {transformation:[-0.920615787564369f,-0.028682300914569657f,-0.3894148139214568f,0.6075199806377508f,-0.11349167320222567f,0.9738986397233733f,0.1965733442222581f,2.1903607735531994f,0.37361238175547123f,0.22516386290701543f,-0.8998416655388852f,-0.07999593753179607f,0f,0f,0f,1f],start_interpolation:0}