execute if entity @s[tag=aj.labyria.bone.wing_right_1] run data modify entity @s {} merge value {transformation:[-0.717454016747506f,-0.35152162482323845f,0.16922389186797565f,0.23241108779699768f,-0.3038703683897001f,0.7256737189616566f,0.2191001991498661f,0.9922684540792261f,-0.24467729259582263f,0.12951696929141562f,-0.7683116695703569f,0.16160032110423475f,0f,0f,0f,1f],start_interpolation:0}
execute if entity @s[tag=aj.labyria.bone.wing_right_2] run data modify entity @s {} merge value {transformation:[-0.7810898777426362f,-0.04918125915060764f,0.16577034305434352f,0.23241108779699768f,-0.0029743389477770166f,0.770665716048428f,0.21462876651415455f,0.9922684540792261f,-0.17288654139584633f,0.20893912476107612f,-0.7526318395791252f,0.16160032110423475f,0f,0f,0f,1f],start_interpolation:0}
execute if entity @s[tag=aj.labyria.bone.wing_left_1] run data modify entity @s {} merge value {transformation:[-0.05064935250523442f,-0.21608427685090353f,0.7859304503790823f,0.17572513076747093f,0.30387036838970033f,0.7256737189616566f,0.21910019914986592f,0.9922684540792261f,-0.7563345071791665f,0.306022357599286f,0.035395965078897175f,0.08772574361956911f,0f,0f,0f,1f],start_interpolation:0}
execute if entity @s[tag=aj.labyria.bone.wing_left_2] run data modify entity @s {} merge value {transformation:[0.03516536094455191f,-0.21454874325925688f,0.7698910534325705f,0.17572513076747093f,0.0029743389477772386f,0.770665716048428f,0.21462876651415438f,0.9922684540792261f,-0.7992212151197333f,-0.006571976372230448f,0.03467359844463397f,0.08772574361956911f,0f,0f,0f,1f],start_interpolation:0}
execute if entity @s[tag=aj.labyria.bone.musket] run data modify entity @s {} merge value {transformation:[-1.440972926978714f,0.751489290847935f,0.03895523174448367f,-0.4893715977502915f,-0.03889134188413101f,0.009668776764844452f,-1.6251309543871613f,0.8012033663442674f,-0.7514926000073789f,-1.4414669615089135f,0.009408062362161379f,0.4390054265473764f,0f,0f,0f,1f],start_interpolation:0}
execute if entity @s[tag=aj.labyria.bone.omega_blade] run data modify entity @s {} merge value {transformation:[-0.00001590246494332899f,0.000008293377258692232f,4.2990690218918947e-7f,-0.4893715977502915f,-4.292018186685555e-7f,1.0670386699783156e-7f,-0.00001793481858444546f,0.8012033663442674f,-0.00000829341377831801f,-0.00001590791706990972f,1.0382664316436133e-7f,0.4390054265473764f,0f,0f,0f,1f],start_interpolation:0}
execute if entity @s[tag=aj.labyria.bone.arm_right_2] run data modify entity @s {} merge value {transformation:[-0.44808743658226213f,-0.8864116428934803f,-0.11615527762447558f,-0.3665398216673559f,0.29494196179592524f,-0.023923931954867347f,-0.9552156220727289f,0.743115634811235f,0.8439353579209184f,-0.46227918493341313f,0.27216000225637693f,0.2301439146138516f,0f,0f,0f,1f],start_interpolation:0}
execute if entity @s[tag=aj.labyria.bone.arm_right_1] run data modify entity @s {} merge value {transformation:[-0.3247886629665752f,-0.8864116428934803f,0.32982832466491746f,-0.2773961777224282f,-0.6794332612988194f,-0.023923931954867347f,-0.7333471817090931f,0.9785241093968073f,0.6579382705461319f,-0.46227918493341313f,-0.594487331511837f,0.047029764184361444f,0f,0f,0f,1f],start_interpolation:0}
execute if entity @s[tag=aj.labyria.bone.arm_left_2] run data modify entity @s {} merge value {transformation:[0.8000139459649697f,-0.09803069646997864f,0.591918633606993f,-0.18226268709774568f,0.5920271162213538f,-0.031132092940773765f,-0.8053165132094053f,0.7287642278329596f,0.09737340458352148f,0.9946963231754393f,0.03313072201259572f,0.5361277082001507f,0f,0f,0f,1f],start_interpolation:0}
execute if entity @s[tag=aj.labyria.bone.arm_left_1] run data modify entity @s {} merge value {transformation:[0.685074344451238f,-0.09803069646997864f,0.7218470233535064f,0.04252733217531681f,0.7228746390121485f,-0.031132092940773765f,-0.6902775159761346f,0.9659574687588208f,0.09014099426876954f,0.9946963231754393f,0.04953610616004972f,0.5657052219445906f,0f,0f,0f,1f],start_interpolation:0}
execute if entity @s[tag=aj.labyria.bone.ribbon_left_himo_1] run data modify entity @s {} merge value {transformation:[-0.6087614290087207f,0.21902806315912957f,0.7625196588285583f,0.08089594748911202f,1.943155257561044e-16f,0.9611349950939159f,-0.2760788315061805f,1.3572167202469803f,-0.7933533402912353f,-0.16806614398676f,-0.585101913083662f,0.597987706446498f,0f,0f,0f,1f],start_interpolation:0}
execute if entity @s[tag=aj.labyria.bone.ribbon_left_himo_2] run data modify entity @s {} merge value {transformation:[-0.6087614290087207f,0.21902806315912957f,0.7625196588285583f,0.18216808967727993f,1.943155257561044e-16f,0.9611349950939159f,-0.2760788315061805f,1.3205500004375657f,-0.7933533402912353f,-0.16806614398676f,-0.585101913083662f,0.5202788586150742f,0f,0f,0f,1f],start_interpolation:0}
execute if entity @s[tag=aj.labyria.bone.ribbon_left] run data modify entity @s {} merge value {transformation:[-0.6087614290087207f,0.21902806315912957f,0.7625196588285583f,0.15462641012431183f,1.943155257561044e-16f,0.9611349950939159f,-0.2760788315061805f,1.4416449104708549f,-0.7933533402912353f,-0.16806614398676f,-0.585101913083662f,0.5407427066603919f,0f,0f,0f,1f],start_interpolation:0}
execute if entity @s[tag=aj.labyria.bone.ribbon_right_himo_1] run data modify entity @s {} merge value {transformation:[-0.6087614290087207f,0.21902806315912957f,0.7625196588285583f,-0.2850077189344422f,1.943155257561044e-16f,0.9611349950939159f,-0.2760788315061805f,1.3572167202469803f,-0.7933533402912353f,-0.16806614398676f,-0.585101913083662f,0.12113276434769737f,0f,0f,0f,1f],start_interpolation:0}
execute if entity @s[tag=aj.labyria.bone.ribbon_right_himo_2] run data modify entity @s {} merge value {transformation:[-0.6087614290087207f,0.21902806315912957f,0.7625196588285583f,-0.18373557674627428f,1.943155257561044e-16f,0.9611349950939159f,-0.2760788315061805f,1.3205500004375657f,-0.7933533402912353f,-0.16806614398676f,-0.585101913083662f,0.04342391651627352f,0f,0f,0f,1f],start_interpolation:0}
execute if entity @s[tag=aj.labyria.bone.ribbon_right] run data modify entity @s {} merge value {transformation:[-0.6087614290087207f,0.21902806315912957f,0.7625196588285583f,-0.21063044728092056f,1.943155257561044e-16f,0.9611349950939159f,-0.2760788315061805f,1.4416449104708549f,-0.7933533402912353f,-0.16806614398676f,-0.585101913083662f,0.06473070248565077f,0f,0f,0f,1f],start_interpolation:0}
execute if entity @s[tag=aj.labyria.bone.crown] run data modify entity @s {} merge value {transformation:[-0.5469250029980662f,0.3455963121845261f,0.7625196588285583f,0.12387826428362902f,0.20802768728052776f,0.9383522580134268f,-0.2760788315061805f,1.7182814460110105f,-0.8109238696821547f,0.00763078538282172f,-0.585101913083662f,0.3988995844554138f,0f,0f,0f,1f],start_interpolation:0}
execute if entity @s[tag=aj.labyria.bone.ear_edge_a1] run data modify entity @s {} merge value {transformation:[-0.5670030277468516f,0.31156273272951335f,0.7625196588285583f,0.15205361841614434f,0.15035463878896183f,0.9493018283922255f,-0.2760788315061805f,1.7102108898079424f,-0.809877181503803f,-0.04188916548816684f,-0.585101913083662f,0.41066761322557915f,0f,0f,0f,1f],start_interpolation:0}
execute if entity @s[tag=aj.labyria.bone.ear_edge_a2] run data modify entity @s {} merge value {transformation:[-0.6087614290087205f,0.21902806315912954f,0.7625196588285583f,0.08414065555739746f,1.942890293094024e-16f,0.961134995093916f,-0.2760788315061805f,1.7198966150329194f,-0.7933533402912352f,-0.16806614398676f,-0.585101913083662f,0.3175915323690416f,0f,0f,0f,1f],start_interpolation:0}
execute if entity @s[tag=aj.labyria.bone.ear_edge_b1] run data modify entity @s {} merge value {transformation:[-0.5376909286598497f,0.3597947124915647f,0.7625196588285583f,0.0695969343677543f,0.23251959994029767f,0.9325851781139275f,-0.2760788315061805f,1.715744814620798f,-0.8104462356507756f,0.028855682721544373f,-0.585101913083662f,0.3005968022359728f,0f,0f,0f,1f],start_interpolation:0}
execute if entity @s[tag=aj.labyria.bone.ear_edge_b2] run data modify entity @s {} merge value {transformation:[-0.6225571421008842f,0.1760294711665029f,0.7625196588285583f,0.08950694933369635f,-0.06704538804982854f,0.9587937185523431f,-0.2760788315061805f,1.725357297232199f,-0.7796970698677965f,-0.22299827475882278f,-0.585101913083662f,0.32200841373771344f,0f,0f,0f,1f],start_interpolation:0}
execute if entity @s[tag=aj.labyria.bone.ear_right_2] run data modify entity @s {} merge value {transformation:[-0.5873553544540271f,0.27125164975380966f,0.7625196588285583f,0.17145386284527867f,0.08376843437817723f,0.9574775862629948f,-0.2760788315061805f,1.817396411204953f,-0.8049823209214059f,-0.098281301933916f,-0.585101913083662f,0.33196579272445753f,0f,0f,0f,1f],start_interpolation:0}
execute if entity @s[tag=aj.labyria.bone.ear_right_1] run data modify entity @s {} merge value {transformation:[-0.5873553544540271f,0.27125164975380966f,0.7625196588285583f,0.11042224165067158f,0.08376843437817723f,0.9574775862629948f,-0.2760788315061805f,1.6019639542957795f,-0.8049823209214059f,-0.098281301933916f,-0.585101913083662f,0.3540790856595886f,0f,0f,0f,1f],start_interpolation:0}
execute if entity @s[tag=aj.labyria.bone.ear_edge_a3] run data modify entity @s {} merge value {transformation:[-0.6142980474863263f,-0.18253235159221018f,0.7676717068361352f,-0.11910534900644373f,-0.15264035986253383f,0.9819891626213175f,0.11134722733557179f,1.7016877328687436f,-0.7741697678129285f,-0.048777301242495304f,-0.6310958290845974f,0.12877869673973377f,0f,0f,0f,1f],start_interpolation:0}
execute if entity @s[tag=aj.labyria.bone.ear_edge_a4] run data modify entity @s {} merge value {transformation:[-0.6352893699264656f,-0.08418768901525649f,0.7676717068361352f,-0.0467779268945284f,0.0028558455894993895f,0.9937774595505017f,0.11134722733557179f,1.7113734580937203f,-0.7722689043360503f,0.07293006175522587f,-0.6310958290845974f,0.21846744387398173f,0f,0f,0f,1f],start_interpolation:0}
execute if entity @s[tag=aj.labyria.bone.ear_edge_b3] run data modify entity @s {} merge value {transformation:[-0.551753150936758f,-0.5150674911751086f,0.655952696439262f,0.005779222291365016f,-0.21918802357527972f,0.8484129176462919f,0.48182168018061255f,1.7098194008039926f,-0.8046894250283907f,0.12206965513789864f,-0.5810111260053396f,0.2044525968899629f,0f,0f,0f,1f],start_interpolation:0}
execute if entity @s[tag=aj.labyria.bone.ear_edge_b4] run data modify entity @s {} merge value {transformation:[-0.683913037607964f,-0.31935719347449987f,0.655952696439262f,-0.017094096271712614f,0.05371381168481139f,0.8746214580847075f,0.48182168018061255f,1.7183666149368657f,-0.7275835233319516f,0.36475784848837856f,-0.5810111260053396f,0.18571701434020543f,0f,0f,0f,1f],start_interpolation:0}
execute if entity @s[tag=aj.labyria.bone.ear_left_2] run data modify entity @s {} merge value {transformation:[-0.625534461508457f,-0.42241294665219026f,0.655952696439262f,-0.07309631602738487f,-0.08376843437817683f,0.8722561079807697f,0.48182168018061255f,1.8247690207127136f,-0.775686461701604f,0.24644793484801908f,-0.5810111260053396f,0.15694334653786923f,0f,0f,0f,1f],start_interpolation:0}
execute if entity @s[tag=aj.labyria.bone.ear_left_1] run data modify entity @s {} merge value {transformation:[-0.625534461508457f,-0.1392364463372281f,0.7676717068361352f,-0.041768115601508594f,-0.08376843437817683f,0.9902447396308194f,0.11134722733557179f,1.6019639542957795f,-0.775686461701604f,0.005344870893730952f,-0.6310958290845974f,0.15574075058677977f,0f,0f,0f,1f],start_interpolation:0}
execute if entity @s[tag=aj.labyria.bone.head] run data modify entity @s {} merge value {transformation:[-0.6087614290087207f,0.21902806315912957f,0.7625196588285583f,-0.1017535586828649f,1.943155257561044e-16f,0.9611349950939159f,-0.2760788315061805f,1.1180097327947156f,-0.7933533402912353f,-0.16806614398676f,-0.585101913083662f,0.35932825170026317f,0f,0f,0f,1f],start_interpolation:0}