execute if entity @s[tag=aj.labyria.bone.wing_right_1] run data modify entity @s {} merge value {transformation:[-0.6044518015779233f,-0.33159628540901764f,0.43775149059322327f,0.246461551856414f,-0.2133306532043288f,0.7416383135744974f,0.2672210483592828f,1.003525976883118f,-0.5060360623681497f,0.0834323665357824f,-0.6355399186845949f,0.12910350680914817f,0f,0f,0f,1f],start_interpolation:0}
execute if entity @s[tag=aj.labyria.bone.wing_right_2] run data modify entity @s {} merge value {transformation:[-0.6713505820675139f,-0.0735098752839777f,0.4288177867035657f,0.246461551856414f,0.08495105756023122f,0.7511731249318384f,0.2617675575764403f,1.003525976883118f,-0.42669862171913436f,0.26520790828305024f,-0.6225697162624604f,0.12910350680914817f,0f,0f,0f,1f],start_interpolation:0}
execute if entity @s[tag=aj.labyria.bone.wing_left_1] run data modify entity @s {} merge value {transformation:[-0.3323496635801248f,-0.16641291153443274f,0.7271828438826481f,0.21075117065832027f,0.21333065320432912f,0.7416383135744974f,0.2672210483592827f,1.0035259768831177f,-0.7148273763406356f,0.29870353054065657f,-0.25834563538204963f,0.08256483195796083f,0f,0f,0f,1f],start_interpolation:0}
execute if entity @s[tag=aj.labyria.bone.wing_left_2] run data modify entity @s {} merge value {transformation:[-0.23840090218072593f,-0.27519692367330506f,0.7123423776809614f,0.21075117065832027f,-0.08495105756023091f,0.7511731249318384f,0.2617675575764402f,1.0035259768831177f,-0.7589125955331184f,0.0023642294486267423f,-0.25307327547629355f,0.08256483195796083f,0f,0f,0f,1f],start_interpolation:0}
execute if entity @s[tag=aj.labyria.bone.musket] run data modify entity @s {} merge value {transformation:[-1.440306674183802f,0.7532357756825722f,0.028446285495144306f,-0.4857665122287841f,-0.03813770722552943f,-0.011551358820509047f,-1.6251365241178903f,0.7820691222329501f,-0.7528073061641848f,-1.440541243063271f,0.027905688390525055f,0.4308819650187621f,0f,0f,0f,1f],start_interpolation:0}
execute if entity @s[tag=aj.labyria.bone.omega_blade] run data modify entity @s {} merge value {transformation:[-0.000015895112229397924f,0.000008312651329243374f,3.1393099022542744e-7f,-0.4857665122287841f,-4.2088476529849845e-7f,-1.2747989587570701e-7f,-0.000017934880051559802f,0.7820691222329501f,-0.00000830792277302426f,-0.00001589770091327443f,3.079650027014996e-7f,0.4308819650187621f,0f,0f,0f,1f],start_interpolation:0}
execute if entity @s[tag=aj.labyria.bone.arm_right_2] run data modify entity @s {} merge value {transformation:[-0.4487743465026459f,-0.8860017988058757f,-0.11662932064398021f,-0.3624917741451063f,0.29459334359297495f,-0.02346033508683093f,-0.9553346924446555f,0.7300892473140804f,0.8436920930243654f,-0.46308792382264363f,0.27153862888693864f,0.2212788434239356f,0f,0f,0f,1f],start_interpolation:0}
execute if entity @s[tag=aj.labyria.bone.arm_right_1] run data modify entity @s {} merge value {transformation:[-0.3106724030304822f,-0.8860017988058757f,0.3442142799304219f,-0.2782098653301591f,-0.7113641536370661f,-0.02346033508683093f,-0.7024319565608002f,0.9743136308523253f,0.6304313594004394f,-0.46308792382264363f,-0.6229814410511337f,0.0476541286455574f,0f,0f,0f,1f],start_interpolation:0}
execute if entity @s[tag=aj.labyria.bone.arm_left_2] run data modify entity @s {} merge value {transformation:[0.7799742343580659f,-0.0977179864133273f,0.618135413051925f,-0.17543308687507336f,0.6184241114381692f,-0.030968041606397767f,-0.7852341044497336f,0.7182975230175708f,0.09587393873968028f,0.9947322129751248f,0.036276884377670286f,0.5376661239359588f,0f,0f,0f,1f],start_interpolation:0}
execute if entity @s[tag=aj.labyria.bone.arm_left_1] run data modify entity @s {} merge value {transformation:[0.6607865851177223f,-0.0977179864133273f,0.7441856516083768f,0.041387511366679265f,0.7453833308736151f,-0.030968041606397767f,-0.665916414015167f,0.9628764284604757f,0.08811798331903825f,0.9947322129751248f,0.05237409173815355f,0.5665798372125183f,0f,0f,0f,1f],start_interpolation:0}
execute if entity @s[tag=aj.labyria.bone.ribbon_left_himo_1] run data modify entity @s {} merge value {transformation:[-0.6087614290087207f,0.18727538050995743f,0.7709328468849355f,0.07304033398355023f,1.943155257561044e-16f,0.97173958655286f,-0.23605545095607666f,1.3569959057725474f,-0.7933533402912353f,-0.14370145364931897f,-0.5915575793342625f,0.6040155306964476f,0f,0f,0f,1f],start_interpolation:0}
execute if entity @s[tag=aj.labyria.bone.ribbon_left_himo_2] run data modify entity @s {} merge value {transformation:[-0.6087614290087207f,0.18727538050995743f,0.7709328468849355f,0.17542985271045572f,1.943155257561044e-16f,0.97173958655286f,-0.23605545095607666f,1.3256447911924434f,-0.7933533402912353f,-0.14370145364931897f,-0.5915575793342625f,0.5254492896911159f,0f,0f,0f,1f],start_interpolation:0}
execute if entity @s[tag=aj.labyria.bone.ribbon_left] run data modify entity @s {} merge value {transformation:[-0.6087614290087207f,0.18727538050995743f,0.7709328468849355f,0.14393458728640263f,1.943155257561044e-16f,0.97173958655286f,-0.23605545095607666f,1.4452157083905193f,-0.7933533402912353f,-0.14370145364931897f,-0.5915575793342625f,0.5489468308746095f,0f,0f,0f,1f],start_interpolation:0}
execute if entity @s[tag=aj.labyria.bone.ribbon_right_himo_1] run data modify entity @s {} merge value {transformation:[-0.6087614290087207f,0.18727538050995743f,0.7709328468849355f,-0.29286333244000395f,1.943155257561044e-16f,0.97173958655286f,-0.23605545095607666f,1.3569959057725476f,-0.7933533402912353f,-0.14370145364931897f,-0.5915575793342625f,0.12716058859764692f,0f,0f,0f,1f],start_interpolation:0}
execute if entity @s[tag=aj.labyria.bone.ribbon_right_himo_2] run data modify entity @s {} merge value {transformation:[-0.6087614290087207f,0.18727538050995743f,0.7709328468849355f,-0.1904738137130985f,1.943155257561044e-16f,0.97173958655286f,-0.23605545095607666f,1.3256447911924436f,-0.7933533402912353f,-0.14370145364931897f,-0.5915575793342625f,0.0485943475923152f,0f,0f,0f,1f],start_interpolation:0}
execute if entity @s[tag=aj.labyria.bone.ribbon_right] run data modify entity @s {} merge value {transformation:[-0.6087614290087207f,0.18727538050995743f,0.7709328468849355f,-0.22132227011882977f,1.943155257561044e-16f,0.97173958655286f,-0.23605545095607666f,1.4452157083905195f,-0.7933533402912353f,-0.14370145364931897f,-0.5915575793342625f,0.07293482669986828f,0f,0f,0f,1f],start_interpolation:0}
execute if entity @s[tag=aj.labyria.bone.crown] run data modify entity @s {} merge value {transformation:[-0.5537975413721522f,0.3145962948987929f,0.7709328468849355f,0.1040592019644811f,0.2103229409618729f,0.9487054783119321f,-0.23605545095607666f,1.7241797622181783f,-0.8056503855117976f,0.03141793527397904f,-0.5915575793342625f,0.4141072858493329f,0f,0f,0f,1f],start_interpolation:0}
execute if entity @s[tag=aj.labyria.bone.ear_edge_a1] run data modify entity @s {} merge value {transformation:[-0.5719702416706672f,0.28020097829430857f,0.7709328468849355f,0.13248927469845861f,0.15201356238081198f,0.9597758597329995f,-0.23605545095607666f,1.7167448848905227f,-0.8060657042049943f,-0.017824444919665325f,-0.5915575793342625f,0.42567986216225606f,0f,0f,0f,1f],start_interpolation:0}
execute if entity @s[tag=aj.labyria.bone.ear_edge_a2] run data modify entity @s {} merge value {transformation:[-0.6087614290087207f,0.18727538050995746f,0.7709328468849355f,0.0642563279031517f,1.942890293094024e-16f,0.9717395865528601f,-0.23605545095607666f,1.7265374766425936f,-0.7933533402912352f,-0.14370145364931897f,-0.5915575793342625f,0.33284931361596076f,0f,0f,0f,1f],start_interpolation:0}
execute if entity @s[tag=aj.labyria.bone.ear_edge_b1] run data modify entity @s {} merge value {transformation:[-0.5453725978367122f,0.328985220219275f,0.7709328468849355f,0.04984976830015525f,0.23508508280810547f,0.9428747678854439f,-0.23605545095607666f,1.7223398677359172f,-0.8045518835786428f,0.052496637628001455f,-0.5915575793342625f,0.3157493356957439f,0f,0f,0f,1f],start_interpolation:0}
execute if entity @s[tag=aj.labyria.bone.ear_edge_b2] run data modify entity @s {} merge value {transformation:[-0.6203421869273619f,0.1443541364563799f,0.7709328468849355f,0.06944221902029574f,-0.06778512695550154f,0.9693724777594781f,-0.23605545095607666f,1.732058408759009f,-0.7813966647496039f,-0.1986929355824787f,-0.5915575793342625f,0.33740462281370526f,0f,0f,0f,1f],start_interpolation:0}
execute if entity @s[tag=aj.labyria.bone.ear_right_2] run data modify entity @s {} merge value {transformation:[-0.5901227830945465f,0.23961979564851466f,0.7709328468849355f,0.14832635794064836f,0.08469268542331698f,0.968041824049824f,-0.23605545095607666f,1.8264589484718892f,-0.8028587982382295f,-0.07400932659911007f,-0.5915575793342625f,0.34971215140239614f,0f,0f,0f,1f],start_interpolation:0}
execute if entity @s[tag=aj.labyria.bone.ear_right_1] run data modify entity @s {} merge value {transformation:[-0.5901227830945465f,0.23961979564851466f,0.7709328468849355f,0.09441190391973264f,0.08469268542331698f,0.968041824049824f,-0.23605545095607666f,1.6086495380606791f,-0.8028587982382295f,-0.07400932659911007f,-0.5915575793342625f,0.3663642498871959f,0f,0f,0f,1f],start_interpolation:0}
execute if entity @s[tag=aj.labyria.bone.ear_edge_a3] run data modify entity @s {} merge value {transformation:[-0.6092742083152131f,-0.21470388479072425f,0.7633394925835044f,-0.13836018473202957f,-0.15317477844923158f,0.9763820231794053f,0.1523667682243078f,1.7064274248854392f,-0.7780246951921895f,-0.024091215574614376f,-0.6277716041708468f,0.14355345184107723f,0f,0f,0f,1f],start_interpolation:0}
execute if entity @s[tag=aj.labyria.bone.ear_edge_a4] run data modify entity @s {} merge value {transformation:[-0.6353601191375653f,-0.11674903884767954f,0.7633394925835044f,-0.06635274655667428f,0.0014508567234191583f,0.9883229547853515f,0.1523667682243078f,1.7162200166375101f,-0.7722146165569952f,0.09791526424666824f,-0.6277716041708468f,0.23348773128556746f,0f,0f,0f,1f],start_interpolation:0}
execute if entity @s[tag=aj.labyria.bone.ear_edge_b3] run data modify entity @s {} merge value {transformation:[-0.5445901767154916f,-0.5426020723858497f,0.6395346202259664f,-0.013778716892532988f,-0.21684224681945935f,0.8276940345301634f,0.5175925281507348f,1.7167465120140664f,-0.8101857684625661f,0.14319768240359865f,-0.5684130930361824f,0.21945993145501905f,0f,0f,0f,1f],start_interpolation:0}
execute if entity @s[tag=aj.labyria.bone.ear_edge_b4] run data modify entity @s {} merge value {transformation:[-0.6856092978258904f,-0.3477576171230743f,0.6395346202259664f,-0.03692815303591376f,0.04954229096685621f,0.8541917444041977f,0.5175925281507348f,1.7250073470910967f,-0.7262819370881016f,0.38655026002396553f,-0.5684130930361824f,0.20093622137648365f,0f,0f,0f,1f],start_interpolation:0}
execute if entity @s[tag=aj.labyria.bone.ear_left_2] run data modify entity @s {} merge value {transformation:[-0.6227670328679377f,-0.45072906751760994f,0.6395346202259664f,-0.09640646606813162f,-0.08469268542331658f,0.8514253483649156f,0.5175925281507348f,1.830204459123028f,-0.7778099843847804f,0.26817565858292974f,-0.5684130930361824f,0.17482985375797308f,0f,0f,0f,1f],start_interpolation:0}
execute if entity @s[tag=aj.labyria.bone.ear_left_1] run data modify entity @s {} merge value {transformation:[-0.6227670328679377f,-0.1716800566030407f,0.7633394925835044f,-0.05777845333244753f,-0.08469268542331658f,0.9846885380548852f,0.1523667682243078f,1.6086495380606791f,-0.7778099843847804f,0.030239728638160185f,-0.6277716041708468f,0.16802591481438706f,0f,0f,0f,1f],start_interpolation:0}
execute if entity @s[tag=aj.labyria.bone.head] run data modify entity @s {} merge value {transformation:[-0.6087614290087207f,0.18727538050995743f,0.7709328468849355f,-0.1017535586828649f,1.943155257561044e-16f,0.97173958655286f,-0.23605545095607666f,1.1180097327947156f,-0.7933533402912353f,-0.14370145364931897f,-0.5915575793342625f,0.35932825170026317f,0f,0f,0f,1f],start_interpolation:0}