# This file was generated by Animated Java via MC-Build. It is not recommended to edit this file directly.
$data merge entity $(bone_wing_right_1) { transformation: [-0.07722472071577653f,0.4543155261641973f,-0.6742241390227464f,0.03787545305931843f,-0.7703368480380353f,0.17563769361776688f,0.20658408839961706f,1.0010305206909564f,0.25992677336057485f,0.6555099142737847f,0.4119335737999275f,-0.01587300401192146f,0f,0f,0f,1f], start_interpolation: 0, interpolation_duration: 1 }
$data merge entity $(bone_wing_right_2) { transformation: [0.10042059042226331f,0.4401163465588376f,-0.6604644627161598f,0.03787545305931843f,-0.631332060338217f,0.44773539855227074f,0.20236808659554326f,1.0010305206909564f,0.480973527970455f,0.495813084110273f,0.4035267661713576f,-0.01587300401192146f,0f,0f,0f,1f], start_interpolation: 0, interpolation_duration: 1 }
$data merge entity $(bone_wing_left_1) { transformation: [-0.4183593188562178f,0.5417003635492315f,0.4455116619138456f,-0.08840547865777415f,0.6814838054138946f,0.19130488235044213f,0.40734102345814005f,0.9783896684589808f,0.16583047889095387f,0.5804374234695402f,-0.5500337209219839f,0.09261520022093847f,0f,0f,0f,1f], start_interpolation: 0, interpolation_duration: 1 }
$data merge entity $(bone_wing_left_2) { transformation: [-0.5816947262332014f,0.3334204393814592f,0.43641958718091f,-0.08840547865777415f,0.5450446340118219f,0.428605936682513f,0.39902794134674946f,0.9783896684589808f,-0.06750994302619642f,0.5874757540896309f,-0.5388085429439843f,0.09261520022093847f,0f,0f,0f,1f], start_interpolation: 0, interpolation_duration: 1 }
$data merge entity $(bone_staff) { transformation: [-0.37007909831017705f,1.5116559095585815f,0.13908314811846803f,0.11367037002430036f,1.4135234891170125f,0.29094963379462274f,0.5989206177025811f,0.21188855248384397f,0.5535332480604875f,0.2676769913373059f,-1.4364387288012719f,0.5252841224799154f,0f,0f,0f,1f], start_interpolation: 0, interpolation_duration: 1 }
$data merge entity $(bone_arm_right_2) { transformation: [0.2040560948529561f,-0.368770825103752f,-0.9068457358920863f,0.04232511760993495f,-0.966555933785211f,0.07109720074502544f,-0.24640376399483113f,0.4502106271936741f,0.15534071268653388f,0.9267973168921668f,-0.341929812071893f,0.5043768457088345f,0f,0f,0f,1f], start_interpolation: 0, interpolation_duration: 1 }
$data merge entity $(bone_arm_right_1) { transformation: [0.20974990927350692f,-0.368770825103752f,-0.9055457217126333f,-0.026179322318448432f,-0.9649886644757474f,0.07109720074502544f,-0.252471910278223f,0.7662970131241227f,0.1574860406292226f,0.9267973168921668f,-0.34094703460861947f,0.4528711980349742f,0f,0f,0f,1f], start_interpolation: 0, interpolation_duration: 1 }
$data merge entity $(bone_arm_left_2) { transformation: [0.5217264153473535f,0.7063963365708239f,-0.4783364539820487f,0.47579338085717887f,0.806265769511845f,-0.5915245209149399f,0.0058523559207350195f,0.5442825945512657f,-0.27881365899516686f,-0.3887196378312657f,-0.8781571537726356f,-0.06230414932421349f,0f,0f,0f,1f], start_interpolation: 0, interpolation_duration: 1 }
$data merge entity $(bone_arm_left_1) { transformation: [-0.10522360619308768f,0.9644861976414686f,-0.2422692041073822f,0.4224339247707781f,0.9321132136933095f,0.1805532062088104f,0.31395142392741143f,0.84672868319929f,0.3465442966751183f,-0.19278722542435528f,-0.9180087887134448f,0.06746664874944738f,0f,0f,0f,1f], start_interpolation: 0, interpolation_duration: 1 }
$data merge entity $(bone_himo_right_2) { transformation: [-0.7516033459086517f,0.23971785424959746f,-0.6145142478192743f,-0.02268497467131806f,-0.1347546304924266f,0.8561748292928304f,0.49880442183910334f,0.4253466183468867f,0.6457039569181602f,0.4577117128055183f,-0.611200775507418f,0.1655788884655996f,0f,0f,0f,1f], start_interpolation: 0, interpolation_duration: 1 }
$data merge entity $(bone_himo_right_1) { transformation: [-0.7516033459086517f,0.45663484071145816f,-0.47600108473336594f,0.059959051182496816f,-0.1347546304924266f,0.6001182128067187f,0.7884791184416486f,0.5427967777384067f,0.6457039569181602f,0.6567668938870861f,-0.3895171974562094f,0.28628819858532695f,0f,0f,0f,1f], start_interpolation: 0, interpolation_duration: 1 }
$data merge entity $(bone_himo_left_2) { transformation: [-0.7516033459086517f,0.3178772396081385f,-0.5779675345190506f,0.1911687841933299f,-0.1347546304924266f,0.7837430930947935f,0.6062903212051594f,0.5087524597140226f,0.6457039569181602f,0.5335736355605624f,-0.5462285011374953f,-0.052055639652464084f,0f,0f,0f,1f], start_interpolation: 0, interpolation_duration: 1 }
$data merge entity $(bone_himo_left_1) { transformation: [-0.7516033459086517f,0.5642735320450462f,-0.34159594765208806f,0.2948350967789505f,-0.1347546304924266f,0.37559626805810387f,0.9169343667796919f,0.5849075997672901f,0.6457039569181602f,0.7352025737538146f,-0.206260940475887f,0.08450571204840189f,0f,0f,0f,1f], start_interpolation: 0, interpolation_duration: 1 }
$data merge entity $(bone_ponpon1) { transformation: [-0.9972179446523811f,0.019599727103929654f,-0.07191815876906282f,0.5193687636670266f,-0.02249282074422687f,0.8407184259910012f,0.5410051766981361f,1.2406770884621925f,0.07106647506559419f,0.541117712606661f,-0.8379386476497468f,0.555081215526365f,0f,0f,0f,1f], start_interpolation: 0, interpolation_duration: 1 }
$data merge entity $(bone_ponpon2) { transformation: [-0.9972179446523811f,0.019599727103929654f,-0.07191815876906282f,0.5475721433189f,-0.02249282074422687f,0.8407184259910012f,0.5410051766981361f,1.187150001306676f,0.07106647506559419f,0.541117712606661f,-0.8379386476497468f,0.4062197604184089f,0f,0f,0f,1f], start_interpolation: 0, interpolation_duration: 1 }
$data merge entity $(bone_ponpon3) { transformation: [-0.9972179446523811f,0.019599727103929654f,-0.07191815876906282f,-0.06649677881624741f,-0.02249282074422687f,0.8407184259910012f,0.5410051766981361f,1.227462556274959f,0.07106647506559419f,0.541117712606661f,-0.8379386476497468f,0.5968327696274016f,0f,0f,0f,1f], start_interpolation: 0, interpolation_duration: 1 }
$data merge entity $(bone_ponpon4) { transformation: [-0.9972179446523811f,0.019599727103929654f,-0.07191815876906282f,-0.11308474501330248f,-0.02249282074422687f,0.8407184259910012f,0.5410051766981361f,1.1722485075636258f,0.07106647506559419f,0.541117712606661f,-0.8379386476497468f,0.45330130014936504f,0f,0f,0f,1f], start_interpolation: 0, interpolation_duration: 1 }
$data merge entity $(bone_ear_edge_a1) { transformation: [-0.9818744641409665f,0.17535767763961163f,-0.07191815876906282f,0.4216506094026115f,0.10930144042319788f,0.8338864394551769f,0.5410051766981361f,1.3400615817216366f,0.15484098872489888f,0.5233384096219285f,-0.8379386476497468f,0.6015288106803205f,0f,0f,0f,1f], start_interpolation: 0, interpolation_duration: 1 }
$data merge entity $(bone_ear_edge_a2) { transformation: [-0.9972179446523812f,0.01959972710392964f,-0.07191815876906282f,0.3069835624661851f,-0.02249282074422687f,0.8407184259910012f,0.5410051766981361f,1.3459429872631035f,0.07106647506559419f,0.541117712606661f,-0.8379386476497468f,0.6151676537667479f,0f,0f,0f,1f], start_interpolation: 0, interpolation_duration: 1 }
$data merge entity $(bone_ear_edge_b1) { transformation: [-0.9628547067277199f,0.26026638694142734f,-0.07191815876906282f,0.284624556736611f,0.18156350744129657f,0.821187001572378f,0.5410051766981361f,1.3418089380021692f,0.19986371981400536f,0.507851667593031f,-0.8379386476497468f,0.6144175707759759f,0f,0f,0f,1f], start_interpolation: 0, interpolation_duration: 1 }
$data merge entity $(bone_ear_edge_b2) { transformation: [-0.996155979708324f,-0.05001042421953111f,-0.07191815876906282f,0.31384702131245823f,-0.08108358217222278f,0.8371014582999715f,0.5410051766981361f,1.350871821056668f,0.03314689719219527f,0.5447569237572331f,-0.8379386476497468f,0.6177608236610911f,0f,0f,0f,1f], start_interpolation: 0, interpolation_duration: 1 }
$data merge entity $(bone_ear_right_2) { transformation: [-0.9917150005312555f,0.10643841487245116f,-0.07191815876906282f,0.37127747581583204f,0.050866210088360966f,0.839479617058726f,0.5410051766981361f,1.4571324838931279f,0.11795756182856154f,0.5328647449234888f,-0.8379386476497468f,0.6441437529969721f,0f,0f,0f,1f], start_interpolation: 0, interpolation_duration: 1 }
$data merge entity $(bone_ear_right_1) { transformation: [-0.9917150005312555f,0.10643841487245116f,-0.07191815876906282f,0.34732883246953056f,0.050866210088360966f,0.839479617058726f,0.5410051766981361f,1.2682495700549148f,0.11795756182856154f,0.5328647449234888f,-0.8379386476497468f,0.5242491853891873f,0f,0f,0f,1f], start_interpolation: 0, interpolation_duration: 1 }
$data merge entity $(bone_ear_edge_a3) { transformation: [-0.988006609789842f,-0.13664083376081598f,-0.07191815876906282f,0.03226038921387765f,-0.15373323401553654f,0.8268491346944392f,0.5410051766981361f,1.3312786627326352f,-0.014457931065933946f,0.5455729016402907f,-0.8379386476497468f,0.629278602510907f,0f,0f,0f,1f], start_interpolation: 0, interpolation_duration: 1 }
$data merge entity $(bone_ear_edge_a4) { transformation: [-0.9972179446523812f,0.019599727103929668f,-0.07191815876906282f,0.1473224640541515f,-0.022492820744226857f,0.8407184259910013f,0.5410051766981361f,1.3423417399272863f,0.0710664750655942f,0.541117712606661f,-0.8379386476497468f,0.6265458600355887f,0f,0f,0f,1f], start_interpolation: 0, interpolation_duration: 1 }
$data merge entity $(bone_ear_edge_b3) { transformation: [-0.9723379129961576f,-0.22223132405118984f,-0.07191815876906282f,0.16951214048974933f,-0.22521288312132742f,0.8103039899087243f,0.5410051766981361f,1.3392125116562932f,-0.06195272573871394f,0.5422367403159412f,-0.8379386476497468f,0.6226210269039134f,0f,0f,0f,1f], start_interpolation: 0, interpolation_duration: 1 }
$data merge entity $(bone_ear_edge_b4) { transformation: [-0.9934215640100894f,0.08911439052709776f,-0.07191815876906282f,0.1406817166510232f,0.036207523445464476f,0.8402394980193235f,0.5410051766981361f,1.3469659786299886f,0.10863982421605065f,0.5348422303532316f,-0.8379386476497468f,0.6301014036435719f,0f,0f,0f,1f], start_interpolation: 0, interpolation_duration: 1 }
$data merge entity $(bone_ear_left_2) { transformation: [-0.9951314580780443f,-0.06738812642249155f,-0.07191815876906282f,0.0828620178613747f,-0.09568066762941464f,0.83555886006182f,0.5410051766981361f,1.450627108382767f,0.023634529516266795f,0.5452524477610884f,-0.8379386476497468f,0.6646976049018305f,0f,0f,0f,1f], start_interpolation: 0, interpolation_duration: 1 }
$data merge entity $(bone_ear_left_1) { transformation: [-0.9951314580780443f,-0.06738812642249155f,-0.07191815876906282f,0.09802434630643528f,-0.09568066762941464f,0.83555886006182f,0.5410051766981361f,1.2626263648688578f,0.023634529516266795f,0.5452524477610884f,-0.8379386476497468f,0.5420158041555858f,0f,0f,0f,1f], start_interpolation: 0, interpolation_duration: 1 }
$data merge entity $(bone_head) { transformation: [-0.9972179446523811f,0.019599727103929654f,-0.07191815876906282f,0.21487917170875218f,-0.02249282074422687f,0.8407184259910012f,0.5410051766981361f,0.8176633623696813f,0.07106647506559419f,0.541117712606661f,-0.8379386476497468f,0.28199524980052726f,0f,0f,0f,1f], start_interpolation: 0, interpolation_duration: 1 }
$data merge entity $(bone_body_1) { transformation: [-0.7516033459086517f,0.5642735320450462f,-0.34159594765208806f,0.0032765971918598865f,-0.1347546304924266f,0.37559626805810387f,0.9169343667796919f,0.6768147618478924f,0.6457039569181602f,0.7352025737538146f,-0.206260940475887f,0.006294284642846754f,0f,0f,0f,1f], start_interpolation: 0, interpolation_duration: 1 }
$data merge entity $(bone_leg_left_2) { transformation: [-0.9172726944181713f,0.27641183226928434f,-0.2867181596208467f,0.13313553017900245f,-0.1870057679326015f,0.3366901110295922f,0.9228589339085465f,0.20491091040671383f,0.3516242978446829f,0.900131250494292f,-0.2571460383688923f,-0.06782823072237862f,0f,0f,0f,1f], start_interpolation: 0, interpolation_duration: 1 }
$data merge entity $(bone_leg_left_1) { transformation: [-0.9172726944181713f,-0.26487477826150085f,-0.29740907167695657f,0.02683357032409595f,-0.1870057679326015f,0.945784414590643f,-0.2655573080850399f,0.44177425113207125f,0.3516242978446829f,-0.18797125567052964f,-0.9170753296250413f,-0.21916326227961294f,0f,0f,0f,1f], start_interpolation: 0, interpolation_duration: 1 }
$data merge entity $(bone_leg_right_2) { transformation: [-0.8456426219730381f,-0.07596297689607326f,-0.5283163654891379f,-0.038702206451901644f,0.11899965917904938f,0.9380743743487114f,-0.32535449790273957f,0.401598988152467f,0.5203149402216274f,-0.33800309810911544f,-0.7842361051691029f,0.16556938202729551f,0f,0f,0f,1f], start_interpolation: 0, interpolation_duration: 1 }
$data merge entity $(bone_leg_right_1) { transformation: [-0.8456426219730381f,-0.4558188079025548f,-0.2777008647175222f,-0.20814503746078253f,0.11899965917904938f,0.3461786040301298f,-0.9305909172278768f,0.4860520166378757f,0.5203149402216274f,-0.8199936514839885f,-0.23850109959520055f,-0.129132825504882f,0f,0f,0f,1f], start_interpolation: 0, interpolation_duration: 1 }
$data merge entity $(bone_skirt_forward_right) { transformation: [-0.8655162238907917f,0.22140552845754718f,-0.4492897262905743f,-0.029903053545196553f,0.1270043384980293f,0.9646937264803435f,0.230729088092824f,0.5966981526125014f,0.48451167600430733f,0.14263802458637187f,-0.8630775340359605f,-0.057443231402184367f,0f,0f,0f,1f], start_interpolation: 0, interpolation_duration: 1 }
$data merge entity $(bone_skirt_forward_left) { transformation: [-0.8933284411841086f,-0.07258102246219379f,-0.44350455617717527f,-0.04348904355946145f,-0.12700433849802936f,0.9874166761203648f,0.09422423107719391f,0.572843221856106f,0.43108490367240726f,0.14050018824810517f,-0.891305504823121f,-0.08354167539679597f,0f,0f,0f,1f], start_interpolation: 0, interpolation_duration: 1 }
$data merge entity $(bone_skirt_forward) { transformation: [-0.8870108331782218f,0.10653883645984541f,-0.4492897262905743f,-0.029903053545196553f,-2.7755575615628914e-17f,0.973018030618063f,0.230729088092824f,0.5966981526125014f,0.4617486132350338f,0.2046592006676672f,-0.8630775340359605f,-0.057443231402184367f,0f,0f,0f,1f], start_interpolation: 0, interpolation_duration: 1 }
$data merge entity $(bone_skirt_back_right) { transformation: [-0.8600716455120716f,0.3466440533646258f,-0.37431893467082317f,-0.020712293052325935f,0.07065325989217819f,0.8075704559281873f,0.585523761753994f,0.6117473062504772f,0.505257242850378f,0.477145532284315f,-0.7190599832895389f,-0.039787944762107195f,0f,0f,0f,1f], start_interpolation: 0, interpolation_duration: 1 }
$data merge entity $(bone_skirt_back_left) { transformation: [-0.9071993328121011f,0.19202787738289165f,-0.37431893467082317f,-0.020712293052325935f,-0.07065325989217824f,0.8075704559281873f,0.585523761753994f,0.6117473062504772f,0.41472579786153546f,0.557633618982716f,-0.7190599832895389f,-0.039787944762107195f,0f,0f,0f,1f], start_interpolation: 0, interpolation_duration: 1 }
$data merge entity $(bone_skirt_back) { transformation: [-0.8870108331782218f,0.2703647850060671f,-0.37431893467082317f,-0.020712293052325935f,-2.7755575615628914e-17f,0.8106552438746399f,0.585523761753994f,0.6117473062504772f,0.4617486132350338f,0.519365919759057f,-0.7190599832895389f,-0.039787944762107195f,0f,0f,0f,1f], start_interpolation: 0, interpolation_duration: 1 }
$data merge entity $(bone_skirt_right) { transformation: [-0.8485252268886966f,0.35046496381551207f,-0.3964583817644392f,-0.1879253409650566f,0.11207007766170704f,0.8512567533123385f,0.512642407173885f,0.6188433691252607f,0.5171510775647528f,0.390558893226013f,-0.761589465457399f,0.05859938927745282f,0f,0f,0f,1f], start_interpolation: 0, interpolation_duration: 1 }
$data merge entity $(bone_skirt_left) { transformation: [-0.9103194381862038f,0.08390256266705465f,-0.40531331144961846f,0.15226697321104168f,-0.11207007766170711f,0.892697194125732f,0.4364997334397171f,0.6292240087818519f,0.39844550211196184f,0.44277768640475346f,-0.8032366415128236f,-0.12709847640988042f,0f,0f,0f,1f], start_interpolation: 0, interpolation_duration: 1 }
$data merge entity $(bone_coat_downer) { transformation: [-0.8870108331782218f,0.20125753554363843f,-0.4155805411847118f,-0.05982009189282291f,-2.7755575615628914e-17f,0.9000147033970147f,0.435859534333234f,0.4950310677467544f,0.4617486132350338f,0.3866121286975938f,-0.7983227919328361f,-0.09799394790519654f,0f,0f,0f,1f], start_interpolation: 0, interpolation_duration: 1 }
$data merge entity $(bone_body_2) { transformation: [-0.8870108331782218f,0.23671192059801094f,-0.3964583817644392f,0f,-2.7755575615628914e-17f,0.8586022142802595f,0.512642407173885f,0.6868749999999999f,0.4617486132350338f,0.454719368709797f,-0.761589465457399f,0f,0f,0f,0f,1f], start_interpolation: 0, interpolation_duration: 1 }
$data merge entity $(bone_book_left) { transformation: [0.6940236760959717f,0.6059079390923781f,-0.3888530652612372f,0.16686404217303621f,-0.6913666277554598f,0.41021268100841657f,-0.594758558043455f,0.4425446137851387f,-0.20085647374251148f,0.681616553264894f,0.7036018414352031f,0.24762218347975667f,0f,0f,0f,1f], start_interpolation: 0, interpolation_duration: 1 }
$data merge entity $(bone_book_right) { transformation: [0.6940236760959717f,0.6059079390923781f,-0.3888530652612372f,0.23192876180703356f,-0.6913666277554598f,0.41021268100841657f,-0.594758558043455f,0.37772899243306435f,-0.20085647374251148f,0.681616553264894f,0.7036018414352031f,0.2287918890663962f,0f,0f,0f,1f], start_interpolation: 0, interpolation_duration: 1 }
$data merge entity $(bone_book_loot_1) { transformation: [0.6940236760959717f,0.6059079390923781f,-0.3888530652612372f,0.2577243617792205f,-0.6913666277554598f,0.41021268100841657f,-0.594758558043455f,0.4993505868156198f,-0.20085647374251148f,0.681616553264894f,0.7036018414352031f,0.13266676005779596f,0f,0f,0f,1f], start_interpolation: 0, interpolation_duration: 1 }
$data merge entity $(bone_book_left2) { transformation: [-0.5593866098028686f,-0.037997269802782715f,-0.8280355235500393f,0.7148436859293676f,-0.047284005059756336f,0.9987849130842108f,-0.01388957381903411f,1.5980647032878237f,0.8275571543034125f,0.03138319427496189f,-0.560503569550041f,0.23784812558788151f,0f,0f,0f,1f], start_interpolation: 0, interpolation_duration: 1 }
$data merge entity $(bone_book_right2) { transformation: [0.2881328365126207f,-0.037997269802782715f,-0.9568362848527044f,0.7289193239825179f,-0.01912122806360874f,0.9987849130842108f,-0.04542109678007482f,1.6015105393215199f,0.9573995232715183f,0.03138319427496189f,0.2870561756112715f,0.1452248826764741f,0f,0f,0f,1f], start_interpolation: 0, interpolation_duration: 1 }
$data merge entity $(bone_book_loot_2) { transformation: [-0.15014013923360342f,-0.037997269802782715f,-0.9879342822670183f,0.8700716472959955f,-0.036755584359424553f,0.9987849130842108f,-0.03282871325170522f,1.6047119282924276f,0.9879812577216792f,0.03138319427496189f,-0.15135431777054983f,0.21423965179776028f,0f,0f,0f,1f], start_interpolation: 0, interpolation_duration: 1 }
$data merge entity $(bone_air_staff_povit_1) { transformation: [-0.000013859544268409718f,0.000005787677388522874f,-0.000004307719596070812f,0.2446713215050449f,-4.336808689942018e-22f,0.000009329144631081213f,0.000012534260466911027f,0.23455351251042916f,0.0000072148220817974035f,0.000011118024820027595f,-0.00000827505235205548f,0.48564003510902715f,0f,0f,0f,1f], start_interpolation: 0, interpolation_duration: 1 }