# This file was generated by Animated Java via MC-Build. It is not recommended to edit this file directly.
$data merge entity $(bone_wing_right_1) { transformation: [-0.43056115025945874f,-0.021353370286542203f,-0.6936177433638083f,0.13717609710315537f,-0.6767947807939977f,0.19328242443401905f,0.4141680498775303f,0.835867922540478f,0.15333090041377972f,0.7931773965682317f,-0.11959806434882643f,-0.7489631168027934f,0f,0f,0f,1f], start_interpolation: 0, interpolation_duration: 1 }
$data merge entity $(bone_wing_right_2) { transformation: [-0.3976733537172709f,0.14208066324879656f,-0.6794622792135265f,0.13717609710315537f,-0.5400596219635405f,0.4286378700242697f,0.40571564069635624f,0.835867922540478f,0.436109514305588f,0.6603655514272678f,-0.117157287525381f,-0.7489631168027934f,0f,0f,0f,1f], start_interpolation: 0, interpolation_duration: 1 }
$data merge entity $(bone_wing_left_1) { transformation: [-0.17582479007204618f,0.08556883171617546f,0.7929111316404216f,-0.03370373806601225f,0.7826363923424879f,0.1746196926363556f,0.15470192231890417f,0.8656941370558698f,-0.15333090041377972f,0.7931773965682317f,-0.11959806434882632f,-0.7489631168027934f,0f,0f,0f,1f], start_interpolation: 0, interpolation_duration: 1 }
$data merge entity $(bone_wing_left_2) { transformation: [-0.19120329705822758f,0.011529852816818106f,0.7767292718110252f,-0.03370373806601225f,0.6428450752134663f,0.4514248564071136f,0.15154474023076328f,0.8656941370558698f,-0.436109514305588f,0.6603655514272678f,-0.11715728752538089f,-0.7489631168027934f,0f,0f,0f,1f], start_interpolation: 0, interpolation_duration: 1 }
$data merge entity $(bone_staff) { transformation: [1.5526643524219068f,0.0352149765895258f,-0.17146301100255038f,0.0014349887491270155f,-0.17117279994306955f,-0.014563282021803422f,-1.5530273768921148f,0.5477420747577411f,-0.036599607619639006f,1.5620352320740252f,-0.010613787332327757f,0.2735738076407047f,0f,0f,0f,1f], start_interpolation: 0, interpolation_duration: 1 }
$data merge entity $(bone_arm_right_2) { transformation: [0.591275178733621f,0.7800447904494048f,0.20475299242323458f,-0.26511961457279704f,-0.22795561727588626f,-0.0818817756682468f,0.9702224545771883f,0.6558265729536508f,0.7735825098629716f,-0.6203430500184228f,0.1294009301664646f,-0.013608706791513436f,0f,0f,0f,1f], start_interpolation: 0, interpolation_duration: 1 }
$data merge entity $(bone_arm_right_1) { transformation: [0.0369289602968165f,0.9781167946544663f,0.20475299242323458f,-0.2772369296701899f,-0.13976485280881246f,-0.1978235945319628f,0.9702224545771883f,0.7016869152815424f,0.9894958503251681f,-0.06444657835235815f,0.1294009301664646f,-0.3382870326794592f,0f,0f,0f,1f], start_interpolation: 0, interpolation_duration: 1 }
$data merge entity $(bone_arm_left_2) { transformation: [0.6335371251086565f,-0.7616594191579001f,0.1360354377252821f,0.28381162810926613f,0.014170798959988587f,0.1872149286298796f,0.9822167576227481f,0.5600133894833641f,-0.7735825098629715f,-0.6203430500184229f,0.1294009301664646f,-0.013608706791513436f,0f,0f,0f,1f], start_interpolation: 0, interpolation_duration: 1 }
$data merge entity $(bone_arm_left_1) { transformation: [0.08209333581193068f,-0.98729683677107f,0.1360354377252821f,0.3107485039225559f,0.11899011053252473f,0.14522945514086621f,0.9822167576227481f,0.5990570195018488f,-0.9894958503251681f,-0.06444657835235831f,0.1294009301664646f,-0.3382870326794592f,0f,0f,0f,1f], start_interpolation: 0, interpolation_duration: 1 }
$data merge entity $(bone_himo_right_2) { transformation: [-0.35416970557134775f,-0.9307584939017709f,-0.0908429726792978f,-0.06641223975012644f,-0.9254840304959577f,0.3627922689008803f,-0.10890858057429714f,0.3132444457104553f,0.13432471460033568f,0.04550160058127872f,-0.9898921534147442f,-0.5568986639309286f,0f,0f,0f,1f], start_interpolation: 0, interpolation_duration: 1 }
$data merge entity $(bone_himo_right_1) { transformation: [-0.6951617503839651f,-0.5683748479321946f,-0.4401138182801764f,-0.17573323510166403f,-0.6469026131732003f,0.7616144250790056f,0.03821618219105799f,0.4562860015514629f,0.31347591593739105f,0.31127720724400976f,-0.8971283912448559f,-0.504141240017957f,0f,0f,0f,1f], start_interpolation: 0, interpolation_duration: 1 }
$data merge entity $(bone_himo_left_2) { transformation: [-0.154725754955246f,-0.987939490559886f,-0.005958501976359665f,0.2591717851573915f,-0.9805981186148851f,0.15430517679059738f,-0.12090178735060166f,0.2792790273593313f,0.12036307790380239f,-0.012863724495479179f,-0.9926465907208001f,-0.5662280429658704f,0f,0f,0f,1f], start_interpolation: 0, interpolation_duration: 1 }
$data merge entity $(bone_himo_left_1) { transformation: [-0.560297157030238f,-0.6610116334022779f,-0.4991299593599702f,0.13211254164846462f,-0.7521813332680132f,0.6583799515046731f,-0.027551430813266442f,0.40255307182387456f,0.34682897472239377f,0.3599992499486031f,-0.8660890267919669f,-0.504141240017957f,0f,0f,0f,1f], start_interpolation: 0, interpolation_duration: 1 }
$data merge entity $(bone_ponpon1) { transformation: [-0.9851064856004117f,0.15885681279099553f,0.06580064633339423f,0.39115196704110206f,0.17194537512828262f,0.9101197193903448f,0.37698393115467654f,1.0869647222837546f,-8.246120755193841e-17f,0.38268343236508995f,-0.9238795325112867f,-0.19231127601045656f,0f,0f,0f,1f], start_interpolation: 0, interpolation_duration: 1 }
$data merge entity $(bone_ponpon2) { transformation: [-0.9851064856004117f,0.15885681279099553f,0.06580064633339423f,0.4144051692459988f,0.17194537512828262f,0.9101197193903448f,0.37698393115467654f,1.0020940493384018f,-8.246120755193841e-17f,0.38268343236508995f,-0.9238795325112867f,-0.32676041122902594f,0f,0f,0f,1f], start_interpolation: 0, interpolation_duration: 1 }
$data merge entity $(bone_ponpon3) { transformation: [-0.9851064856004117f,0.15885681279099553f,0.06580064633339423f,-0.1875980932491398f,0.17194537512828262f,0.9101197193903448f,0.37698393115467654f,1.1879826301716208f,-8.246120755193841e-17f,0.38268343236508995f,-0.9238795325112867f,-0.1923112760104566f,0f,0f,0f,1f], start_interpolation: 0, interpolation_duration: 1 }
$data merge entity $(bone_ponpon4) { transformation: [-0.9851064856004117f,0.15885681279099553f,0.06580064633339423f,-0.23822787746427398f,0.17194537512828262f,0.9101197193903448f,0.37698393115467654f,1.1160078603608892f,-8.246120755193841e-17f,0.38268343236508995f,-0.9238795325112867f,-0.326760411229026f,0f,0f,0f,1f], start_interpolation: 0, interpolation_duration: 1 }
$data merge entity $(bone_ear_edge_a1) { transformation: [-0.9527038733878612f,0.24556057591747935f,0.1790400323582457f,0.30179413065379457f,0.29072080790553667f,0.5648134619968009f,0.7723128673005131f,1.163289454585015f,0.08852537197051374f,0.7878361229991069f,-0.6094895420064388f,-0.13654730863881953f,0f,0f,0f,1f], start_interpolation: 0, interpolation_duration: 1 }
$data merge entity $(bone_ear_edge_a2) { transformation: [-0.9793886451136389f,0.0935015969683356f,0.1790400323582457f,0.1899254892270473f,0.19878526056170703f,0.6033384250861816f,0.7723128673005131f,1.1922666094421621f,-0.03580924469861077f,0.7919849721925895f,-0.6094895420064388f,-0.13269086121680362f,0f,0f,0f,1f], start_interpolation: 0, interpolation_duration: 1 }
$data merge entity $(bone_ear_edge_b1) { transformation: [-0.9373911350441911f,0.26632417498594985f,0.22443104455180918f,0.17379547975421825f,0.2982848199464445f,0.281262876626072f,0.9120950391387642f,1.2213290723276613f,0.17978883761257303f,0.9219341777209913f,-0.34309378574937766f,-0.16310560454236644f,0f,0f,0f,1f], start_interpolation: 0, interpolation_duration: 1 }
$data merge entity $(bone_ear_edge_b2) { transformation: [-0.973810643384634f,-0.036380449037758084f,0.22443104455180918f,0.20246183343342752f,0.19677071295775223f,0.3596719701346683f,0.9120950391387642f,1.2183363513267942f,-0.11390398304231053f,0.9323693135379658f,-0.34309378574937766f,-0.15230979921115345f,0f,0f,0f,1f], start_interpolation: 0, interpolation_duration: 1 }
$data merge entity $(bone_ear_right_2) { transformation: [-0.9675125745015977f,0.116405001708149f,0.22443104455180918f,0.2690709909649215f,0.2506132311969472f,0.32446209012376365f,0.9120950391387642f,1.270188284021065f,0.03335305878500255f,0.9387088087633164f,-0.34309378574937766f,-0.06197574284223231f,0f,0f,0f,1f], start_interpolation: 0, interpolation_duration: 1 }
$data merge entity $(bone_ear_right_1) { transformation: [-0.9675125745015977f,0.17850513996646894f,0.1790400323582457f,0.22890733447246606f,0.2506132311969472f,0.5837172631943356f,0.7723128673005131f,1.1388518998023396f,0.03335305878500255f,0.7920922115855362f,-0.6094895420064388f,-0.24019649044897767f,0f,0f,0f,1f], start_interpolation: 0, interpolation_duration: 1 }
$data merge entity $(bone_ear_edge_a3) { transformation: [-0.9948572891746119f,-0.039699178471526396f,0.0931823449202066f,-0.07766756974084718f,0.04921618324925865f,0.6146041152859472f,0.7872988941818433f,1.2295225830588425f,-0.08852537197051391f,0.7878361229991069f,-0.6094895420064388f,-0.13654730863881953f,0f,0f,0f,1f], start_interpolation: 0, interpolation_duration: 1 }
$data merge entity $(bone_ear_edge_a4) { transformation: [-0.9888192648205795f,0.11641955211587257f,0.0931823449202066f,0.03740279349743145f,0.144755516350168f,0.5993382114518001f,0.7872988941818433f,1.2188886777323953f,0.035809244698610604f,0.7919849721925895f,-0.6094895420064388f,-0.1326908612168036f,0f,0f,0f,1f], start_interpolation: 0, interpolation_duration: 1 }
$data merge entity $(bone_ear_edge_b3) { transformation: [-0.9830124524014048f,-0.15529316776389196f,0.09782919027382216f,0.062424490403944224f,0.03691195326307979f,0.35485406013708726f,0.9341927551156283f,1.240768317548516f,-0.1797888376125732f,0.9219341777209913f,-0.34309378574937766f,-0.16310560454236644f,0f,0f,0f,1f], start_interpolation: 0, interpolation_duration: 1 }
$data merge entity $(bone_ear_edge_b4) { transformation: [-0.9828886264049979f,0.15607497433626222f,0.09782919027382216f,0.03443934924799747f,0.14476128878534372f,0.32607984537330365f,0.9341927551156283f,1.247663829620312f,0.11390398304231036f,0.9323693135379658f,-0.34309378574937766f,-0.15230979921115345f,0f,0f,0f,1f], start_interpolation: 0, interpolation_duration: 1 }
$data merge entity $(bone_ear_left_2) { transformation: [-0.9952031415202475f,0.0003957759448183565f,0.09782919027382216f,-0.010665352729368055f,0.09196891093143571f,0.344710916147947f,0.9341927551156283f,1.3190148537945985f,-0.033353058785002714f,0.9387088087633164f,-0.34309378574937766f,-0.06197574284223231f,0f,0f,0f,1f], start_interpolation: 0, interpolation_duration: 1 }
$data merge entity $(bone_ear_left_1) { transformation: [-0.9952031415202475f,0.029795263103417007f,0.0931823449202066f,-0.01736928692763687f,0.09196891093143571f,0.6096738231563924f,0.7872988941818433f,1.1818382435844104f,-0.033353058785002714f,0.7920922115855362f,-0.6094895420064388f,-0.24019649044897767f,0f,0f,0f,1f], start_interpolation: 0, interpolation_duration: 1 }
$data merge entity $(bone_head) { transformation: [-0.9851064856004117f,0.15885681279099553f,0.06580064633339423f,0.02229863701911079f,0.17194537512828262f,0.9101197193903448f,0.37698393115467654f,0.6821279676572395f,-8.246120755193841e-17f,0.38268343236508995f,-0.9238795325112867f,-0.40745051414510863f,0f,0f,0f,1f], start_interpolation: 0, interpolation_duration: 1 }
$data merge entity $(bone_body_1) { transformation: [-0.9851064856004117f,0.06580064633339401f,0.15885681279099562f,-0.0023766053559119665f,0.17194537512828262f,0.37698393115467616f,0.910119719390345f,0.540758993474236f,-8.246120755193841e-17f,0.9238795325112868f,-0.3826834323650895f,-0.7539053388368412f,0f,0f,0f,1f], start_interpolation: 0, interpolation_duration: 1 }
$data merge entity $(bone_leg_left_2) { transformation: [-0.9826639763146012f,-0.10632156711598781f,0.1518790111225945f,0.14071340297600543f,0.1638080805449329f,-0.11427037027538145f,0.9798516189838703f,0.3854771211739041f,-0.08682408883346526f,0.9877438973960444f,0.1297057082595473f,-1.4036577987899908f,0f,0f,0f,1f], start_interpolation: 0, interpolation_duration: 1 }
$data merge entity $(bone_leg_left_1) { transformation: [-0.9826639763146012f,-0.03376530872059825f,0.18229485341221066f,0.1303006950295995f,0.1638080805449329f,0.30235623383906757f,0.9390141748700281f,0.5012189308630353f,-0.08682408883346526f,0.9525967729242303f,-0.2915835485972773f,-1.0674419274690374f,0f,0f,0f,1f], start_interpolation: 0, interpolation_duration: 1 }
$data merge entity $(bone_leg_right_2) { transformation: [-0.9759373139833164f,0.044322542673410625f,0.2134991133143021f,-0.1781934696630714f,0.18112714037045857f,-0.3803686999110677f,0.9069248100858106f,0.31330006230397184f,0.12140559376013005f,0.9237722470062235f,0.363187991906151f,-0.9873397740538358f,0f,0f,0f,1f], start_interpolation: 0, interpolation_duration: 1 }
$data merge entity $(bone_leg_right_1) { transformation: [-0.9759373139833164f,0.1365485603029078f,-0.1700024995528968f,-0.12407673725820426f,0.18112714037045857f,0.9417497244352497f,-0.2833732795225248f,0.6431892609442756f,0.12140559376013005f,-0.30734662387170286f,-0.9438213467592349f,-1.0444816940362633f,0f,0f,0f,1f], start_interpolation: 0, interpolation_duration: 1 }
$data merge entity $(bone_skirt_forward_right) { transformation: [-0.8999044475106832f,0.4218487311015512f,0.1105243566753642f,-0.0004266261045535048f,0.39091044487035836f,0.6680035526426686f,0.6332142431657959f,0.5519307810600683f,0.19328996208223134f,0.6130374390889878f,-0.7660444431189779f,-0.8609259910169521f,0f,0f,0f,1f], start_interpolation: 0, interpolation_duration: 1 }
$data merge entity $(bone_skirt_forward_left) { transformation: [-0.9791210597075704f,-0.17060573559708173f,0.1105243566753642f,-0.0004266261045535048f,-0.06293600714514691f,0.7714134956406933f,0.6332142431657959f,0.5519307810600683f,-0.1932899620822315f,0.6130374390889878f,-0.7660444431189779f,-0.8609259910169521f,0f,0f,0f,1f], start_interpolation: 0, interpolation_duration: 1 }
$data merge entity $(bone_skirt_forward) { transformation: [-0.9851064856004117f,0.13171779913702897f,0.1105243566753642f,-0.0004266261045535048f,0.17194537512828262f,0.7546353491746608f,0.6332142431657959f,0.5519307810600683f,-8.246120755193841e-17f,0.6427876096865394f,-0.7660444431189779f,-0.8609259910169521f,0f,0f,0f,1f], start_interpolation: 0, interpolation_duration: 1 }
$data merge entity $(bone_skirt_back_right) { transformation: [-0.9727480686478877f,0.19081828091747863f,0.13171779913702894f,-0.001685928024149542f,-0.026423976386058146f,-0.6556121286614416f,0.7546353491746607f,0.5447160101632206f,0.23035400672389778f,0.730589570429055f,0.6427876096865395f,-0.8370719035353212f,0f,0f,0f,1f], start_interpolation: 0, interpolation_duration: 1 }
$data merge entity $(bone_skirt_back_left) { transformation: [-0.9062774385703659f,-0.40163618578115423f,0.13171779913702894f,-0.001685928024149542f,0.3543984141112696f,-0.552202185663417f,0.7546353491746607f,0.5447160101632206f,-0.23035400672389794f,0.730589570429055f,0.6427876096865395f,-0.8370719035353212f,0f,0f,0f,1f], start_interpolation: 0, interpolation_duration: 1 }
$data merge entity $(bone_skirt_back) { transformation: [-0.9851064856004117f,-0.11052435667536423f,0.13171779913702894f,-0.001685928024149542f,0.17194537512828262f,-0.633214243165796f,0.7546353491746607f,0.5447160101632206f,-8.246120755193841e-17f,0.7660444431189778f,0.6427876096865395f,-0.8370719035353212f,0f,0f,0f,1f], start_interpolation: 0, interpolation_duration: 1 }
$data merge entity $(bone_skirt_right) { transformation: [-0.8456342285221009f,0.5055315227812341f,0.17129107106419145f,-0.17892520118710778f,0.19183790664335718f,-0.011617749132615526f,0.9813578580109226f,0.5833936570560502f,0.49809734904587266f,0.862729915662821f,-0.08715574274765794f,-0.7499048674522936f,0f,0f,0f,1f], start_interpolation: 0, interpolation_duration: 1 }
$data merge entity $(bone_skirt_left) { transformation: [-0.8606202554034309f,-0.4795749628191775f,0.17129107106419145f,0.17817589984304147f,0.10598021920531828f,0.16032762599566708f,0.9813578580109226f,0.5210634585720477f,-0.4980973490458728f,0.862729915662821f,-0.08715574274765794f,-0.7499048674522935f,0f,0f,0f,1f], start_interpolation: 0, interpolation_duration: 1 }
$data merge entity $(bone_coat_downer) { transformation: [-0.9851064856004117f,-0.047394568545321966f,0.16528450290456337f,-0.011044584800050312f,0.17194537512828262f,-0.2715321468890745f,0.9469451310280887f,0.5365344962062528f,-8.246120755193841e-17f,0.9612616959383188f,0.27563735581699944f,-0.9475872528548743f,0f,0f,0f,1f], start_interpolation: 0, interpolation_duration: 1 }
$data merge entity $(bone_body_2) { transformation: [-0.9851064856004117f,0.014986026881330062f,0.17129107106419145f,8.878689293818311e-17f,0.17194537512828262f,0.0858576874380389f,0.9813578580109226f,0.554375f,-8.246120755193841e-17f,0.9961946980917455f,-0.08715574274765794f,-0.725f,0f,0f,0f,1f], start_interpolation: 0, interpolation_duration: 1 }
$data merge entity $(bone_book_left) { transformation: [-3.4120226031896475e-16f,-0.1719453751282824f,0.9851064856004117f,-0.7361097646607228f,-1.8386506203598548e-16f,-0.9851064856004117f,-0.1719453751282824f,0.971533627647967f,1f,-2.397948157321337e-16f,3.0450581247696975e-16f,0.18125000000000002f,0f,0f,0f,1f], start_interpolation: 0, interpolation_duration: 1 }
$data merge entity $(bone_book_right) { transformation: [-3.4120226031896475e-16f,-0.1719453751282824f,0.9851064856004117f,-0.7361097646607228f,-1.8386506203598548e-16f,-0.9851064856004117f,-0.1719453751282824f,0.971533627647967f,1f,-2.397948157321337e-16f,3.0450581247696975e-16f,0.275f,0f,0f,0f,1f], start_interpolation: 0, interpolation_duration: 1 }
$data merge entity $(bone_book_loot_1) { transformation: [-3.4120226031896475e-16f,-0.1719453751282824f,0.9851064856004117f,-0.8838757375007845f,-1.8386506203598548e-16f,-0.9851064856004117f,-0.1719453751282824f,0.9973254339172094f,1f,-2.397948157321337e-16f,3.0450581247696975e-16f,0.22812499999999997f,0f,0f,0f,1f], start_interpolation: 0, interpolation_duration: 1 }
$data merge entity $(bone_book_left2) { transformation: [-3.4120226031896475e-16f,0.17194537512828284f,-0.9851064856004117f,0.8339036967649335f,-1.8386506203598548e-16f,0.9851064856004117f,0.17194537512828284f,0.6974956860372666f,1f,2.397948157321337e-16f,-3.0450581247696966e-16f,0.27500000000000024f,0f,0f,0f,1f], start_interpolation: 0, interpolation_duration: 1 }
$data merge entity $(bone_book_right2) { transformation: [-3.4120226031896475e-16f,0.17194537512828284f,-0.9851064856004117f,0.8339036967649335f,-1.8386506203598548e-16f,0.9851064856004117f,0.17194537512828284f,0.6974956860372667f,1f,2.397948157321337e-16f,-3.0450581247696966e-16f,0.18125000000000024f,0f,0f,0f,1f], start_interpolation: 0, interpolation_duration: 1 }
$data merge entity $(bone_book_loot_2) { transformation: [-3.4120226031896475e-16f,0.17194537512828284f,-0.9851064856004117f,0.9816696696049952f,-1.8386506203598548e-16f,0.9851064856004117f,0.17194537512828284f,0.6717038797680243f,1f,2.397948157321337e-16f,-3.0450581247696966e-16f,0.2281250000000003f,0f,0f,0f,1f], start_interpolation: 0, interpolation_duration: 1 }
$data merge entity $(bone_air_staff_povit_1) { transformation: [-0.000015392288837506434f,-1.9135106236677393e-21f,0.0000026866464863794162f,-0.1253224514605152f,0.0000026866464863794162f,-3.469446951953614e-21f,0.000015392288837506434f,-0.12164469310529469f,-1.2884563679990378e-21f,0.000015625f,3.746793995814589e-21f,-0.5588775000000001f,0f,0f,0f,1f], start_interpolation: 0, interpolation_duration: 1 }