# This file was generated by Animated Java via MC-Build. It is not recommended to edit this file directly.
$data merge entity $(bone_wing_right_1) { transformation: [0.20377891453463187f,-0.15628599293338793f,-0.7752375680063219f,-0.1132370902068004f,-0.7758274507993583f,0.11570976808598114f,-0.22726077664238875f,0.8463217562045017f,0.15333090041377984f,0.7931773965682316f,-0.11959806434882657f,-0.7489631168027935f,0f,0f,0f,1f], start_interpolation: 0, interpolation_duration: 1 }
$data merge entity $(bone_wing_right_2) { transformation: [0.1258374936387704f,-0.21783403547471603f,-0.7594163931490501f,-0.1132370902068004f,-0.6587665874396306f,0.39555741868527866f,-0.22262280160887063f,0.8463217562045017f,0.43610951430558803f,0.6603655514272677f,-0.11715728752538114f,-0.7489631168027935f,0f,0f,0f,1f], start_interpolation: 0, interpolation_duration: 1 }
$data merge entity $(bone_wing_left_1) { transformation: [-0.6935689137622435f,-0.06992280118838182f,0.42546140621809136f,-0.25126013587597557f,0.4029841700183832f,0.18145209806352894f,0.6867483813358299f,0.7412543492508471f,-0.15333090041377995f,0.7931773965682316f,-0.11959806434882624f,-0.7489631168027934f,0f,0f,0f,1f], start_interpolation: 0, interpolation_duration: 1 }
$data merge entity $(bone_wing_left_2) { transformation: [-0.6014848910220449f,-0.32328252477459346f,0.4167785203769059f,-0.25126013587597557f,0.29668909215598505f,0.3152867705177702f,0.6727331082473437f,0.7412543492508471f,-0.43610951430558814f,0.6603655514272676f,-0.11715728752538081f,-0.7489631168027934f,0f,0f,0f,1f], start_interpolation: 0, interpolation_duration: 1 }
$data merge entity $(bone_staff) { transformation: [1.180887710440979f,0.034617460347893154f,1.0226006536124088f,0.005840587646613542f,1.0225316298538412f,0.01593157865716519f,-1.1813473243504375f,0.5509192184788764f,-0.03659960761963869f,1.562035232074025f,-0.010613787332327474f,0.27357380764070466f,0f,0f,0f,1f], start_interpolation: 0, interpolation_duration: 1 }
$data merge entity $(bone_arm_right_2) { transformation: [0.569089732166852f,0.5902499527909625f,-0.5724874408862849f,-0.2546140876008571f,0.2787597122547773f,0.5165070120764167f,0.8096379001130851f,0.4288660438208428f,0.7735825098629717f,-0.6203430500184226f,0.12940093016646442f,-0.013608706791513547f,0f,0f,0f,1f], start_interpolation: 0, interpolation_duration: 1 }
$data merge entity $(bone_arm_right_1) { transformation: [0.1276175530101382f,0.809920916010432f,-0.5724874408862849f,-0.2964885971823087f,-0.06790966317820585f,0.5829877771853339f,0.8096379001130851f,0.4511489020511916f,0.9894958503251681f,-0.06444657835235798f,0.12940093016646442f,-0.3382870326794593f,0f,0f,0f,1f], start_interpolation: 0, interpolation_duration: 1 }
$data merge entity $(bone_arm_left_2) { transformation: [0.42021555585634784f,-0.655015237922325f,-0.6279919782177961f,0.1887686082154016f,0.4743300402150875f,-0.431427326885306f,0.767386131335557f,0.76638265136763f,-0.7735825098629714f,-0.620343050018423f,0.12940093016646442f,-0.013608706791513436f,0f,0f,0f,1f], start_interpolation: 0, interpolation_duration: 1 }
$data merge entity $(bone_arm_left_1) { transformation: [-0.03148087430135735f,-0.7775828122118708f,-0.6279919782177961f,0.17843894633526872f,0.141091873410537f,-0.6254691109010518f,0.767386131335557f,0.8126784223304624f,-0.9894958503251681f,-0.06444657835235845f,0.12940093016646442f,-0.3382870326794592f,0f,0f,0f,1f], start_interpolation: 0, interpolation_duration: 1 }
$data merge entity $(bone_himo_right_2) { transformation: [0.43811462001996954f,-0.8987360875397236f,0.018139037420655757f,0.13172896393464195f,-0.8888264458105956f,-0.4361227456787046f,-0.14065738490876295f,0.341767357001642f,0.13432471460033585f,0.045501600581278556f,-0.9898921534147442f,-0.5568986639309285f,0f,0f,0f,1f], start_interpolation: 0, interpolation_duration: 1 }
$data merge entity $(bone_himo_right_1) { transformation: [0.0020062834638469584f,-0.944962285422204f,-0.32717312535767296f,-0.047496296615506736f,-0.9495940316545151f,0.10076100128529314f,-0.2968474282625818f,0.35880474831599335f,0.3134759159373911f,0.31127720724400954f,-0.8971283912448559f,-0.504141240017957f,0f,0f,0f,1f], start_interpolation: 0, interpolation_duration: 1 }
$data merge entity $(bone_himo_left_2) { transformation: [0.6141010595295199f,-0.7846766429953698f,0.08463128630854094f,0.3779392331323868f,-0.7799952680383674f,-0.6197718052070629f,-0.08654646906797622f,0.557496609214503f,0.12036307790380253f,-0.012863724495479234f,-0.9926465907208f,-0.5662280429658703f,0f,0f,0f,1f], start_interpolation: 0, interpolation_duration: 1 }
$data merge entity $(bone_himo_left_1) { transformation: [0.17089434317122731f,-0.9322044339603626f,-0.3190454775995342f,0.20115686752982173f,-0.922228163615213f,-0.037355499475757725f,-0.3848373434242429f,0.5480872196663968f,0.3468289747223938f,0.35999924994860294f,-0.8660890267919669f,-0.504141240017957f,0f,0f,0f,1f], start_interpolation: 0, interpolation_duration: 1 }
$data merge entity $(bone_ponpon1) { transformation: [-0.795690125265051f,-0.5595974436601341f,-0.23179285063334135f,-0.1247908677287885f,-0.6057039083212914f,0.7351218209537225f,0.30449742823543813f,1.2032809353511156f,-2.3193722152664867e-16f,0.3826834323650898f,-0.9238795325112866f,-0.19231127601045667f,0f,0f,0f,1f], start_interpolation: 0, interpolation_duration: 1 }
$data merge entity $(bone_ponpon2) { transformation: [-0.795690125265051f,-0.5595974436601341f,-0.23179285063334135f,-0.0467333873207081f,-0.6057039083212914f,0.7351218209537225f,0.30449742823543813f,1.1626512381910212f,-2.3193722152664867e-16f,0.3826834323650898f,-0.9238795325112866f,-0.326760411229026f,0f,0f,0f,1f], start_interpolation: 0, interpolation_duration: 1 }
$data merge entity $(bone_ponpon3) { transformation: [-0.795690125265051f,-0.5595974436601341f,-0.23179285063334135f,-0.592258816322006f,-0.6057039083212914f,0.7351218209537225f,0.30449742823543813f,0.847429889212357f,-2.3193722152664867e-16f,0.3826834323650898f,-0.9238795325112866f,-0.19231127601045678f,0f,0f,0f,1f], start_interpolation: 0, interpolation_duration: 1 }
$data merge entity $(bone_ponpon4) { transformation: [-0.795690125265051f,-0.5595974436601341f,-0.23179285063334135f,-0.5738780953088044f,-0.6057039083212914f,0.7351218209537225f,0.30449742823543813f,0.7613723989281657f,-2.3193722152664867e-16f,0.3826834323650898f,-0.9238795325112866f,-0.32676041122902616f,0f,0f,0f,1f], start_interpolation: 0, interpolation_duration: 1 }
$data merge entity $(bone_ear_edge_a1) { transformation: [-0.860787897157637f,-0.2473841526396304f,-0.44479801835181915f,-0.24151067613648525f,-0.501206000187962f,0.5640171312296358f,0.6562600254891932f,1.1896144065324852f,0.08852537197051358f,0.7878361229991067f,-0.6094895420064387f,-0.13654730863881964f,0f,0f,0f,1f], start_interpolation: 0, interpolation_duration: 1 }
$data merge entity $(bone_ear_edge_a2) { transformation: [-0.8114907621703933f,-0.3789953374151311f,-0.44479801835181915f,-0.3388015303656445f,-0.5832670408194083f,0.47866725189707143f,0.6562600254891932f,1.1272544985655732f,-0.035809244698610916f,0.7919849721925892f,-0.6094895420064387f,-0.13269086121680373f,0f,0f,0f,1f], start_interpolation: 0, interpolation_duration: 1 }
$data merge entity $(bone_ear_edge_b1) { transformation: [-0.855928147151257f,-0.02528749897017915f,-0.5164760878395528f,-0.37108222186345824f,-0.4848329411087248f,0.3865202638229374f,0.784563002486168f,1.1351766769899423f,0.17978883761257283f,0.9219341777209911f,-0.3430937857493776f,-0.16310560454236658f,0f,0f,0f,1f], start_interpolation: 0, interpolation_duration: 1 }
$data merge entity $(bone_ear_edge_b2) { transformation: [-0.8062217749016156f,-0.288546184109995f,-0.5164760878395528f,-0.34940278931420365f,-0.5805448581475731f,0.21778099735354256f,0.784563002486168f,1.1541692654547322f,-0.11390398304231067f,0.9323693135379656f,-0.3430937857493776f,-0.1523097992111536f,0f,0f,0f,1f], start_interpolation: 0, interpolation_duration: 1 }
$data merge entity $(bone_ear_right_2) { transformation: [-0.8414344149548905f,-0.1588728297081404f,-0.5164760878395528f,-0.34216240333414005f,-0.5393289337678866f,0.3059169762054468f,0.784563002486168f,1.2382702737842777f,0.03335305878500239f,0.9387088087633162f,-0.3430937857493776f,-0.06197574284223248f,0f,0f,0f,1f], start_interpolation: 0, interpolation_duration: 1 }
$data merge entity $(bone_ear_right_1) { transformation: [-0.8414344149548905f,-0.30682706562462186f,-0.44479801835181915f,-0.27312631356860023f,-0.5393289337678866f,0.5276808506528528f,0.6562600254891932f,1.119542082387386f,0.03335305878500239f,0.792092211585536f,-0.6094895420064387f,-0.24019649044897778f,0f,0f,0f,1f], start_interpolation: 0, interpolation_duration: 1 }
$data merge entity $(bone_ear_edge_a3) { transformation: [-0.712296036460143f,-0.47779413675878357f,-0.5141469822162719f,-0.5480094479279188f,-0.696274094707431f,0.38862193218688157f,0.6034694514742915f,0.9562980713474706f,-0.08852537197051404f,0.7878361229991067f,-0.6094895420064387f,-0.13654730863881975f,0f,0f,0f,1f], start_interpolation: 0, interpolation_duration: 1 }
$data merge entity $(bone_ear_edge_a4) { transformation: [-0.7782699604470317f,-0.36048404866745004f,-0.5141469822162719f,-0.4619971489559466f,-0.6269079411364086f,0.4927586168474652f,0.6034694514742915f,1.0334741872372801f,0.03580924469861046f,0.7919849721925892f,-0.6094895420064387f,-0.1326908612168038f,0f,0f,0f,1f], start_interpolation: 0, interpolation_duration: 1 }
$data merge entity $(bone_ear_edge_b3) { transformation: [-0.6952200722442452f,-0.36583622255519355f,-0.6187349266166032f,-0.46103878773968554f,-0.6959490103582491f,0.1272840532685341f,0.7067204148493992f,1.0666989595968273f,-0.1797888376125733f,0.9219341777209911f,-0.3430937857493776f,-0.1631056045423666f,0f,0f,0f,1f], start_interpolation: 0, interpolation_duration: 1 }
$data merge entity $(bone_ear_edge_b4) { transformation: [-0.7742431898945672f,-0.1330961062038704f,-0.6187349266166032f,-0.48511789569416514f,-0.6225539057374729f,0.33611439970062407f,0.7067204148493992f,1.0508587331979697f,0.11390398304231021f,0.9323693135379656f,-0.3430937857493776f,-0.15230979921115362f,0f,0f,0f,1f], start_interpolation: 0, interpolation_duration: 1 }
$data merge entity $(bone_ear_left_2) { transformation: [-0.7438901532711109f,-0.25257579149837345f,-0.6187349266166032f,-0.568111018645138f,-0.6674691103983519f,0.23458738648769234f,0.7067204148493992f,1.0662712065241846f,-0.033353058785002845f,0.9387088087633162f,-0.3430937857493776f,-0.061975742842232534f,0f,0f,0f,1f], start_interpolation: 0, interpolation_duration: 1 }
$data merge entity $(bone_ear_left_1) { transformation: [-0.7438901532711109f,-0.4269429944901121f,-0.5141469822162719f,-0.472048844884863f,-0.6674691103983519f,0.43624489429831786f,0.6034694514742915f,0.9681161053070633f,-0.033353058785002845f,0.792092211585536f,-0.6094895420064387f,-0.24019649044897784f,0f,0f,0f,1f], start_interpolation: 0, interpolation_duration: 1 }
$data merge entity $(bone_head) { transformation: [-0.795690125265051f,-0.5595974436601341f,-0.23179285063334135f,-0.07855036276862086f,-0.6057039083212914f,0.7351218209537225f,0.30449742823543813f,0.6575636159760843f,-2.3193722152664867e-16f,0.3826834323650898f,-0.9238795325112866f,-0.4074505141451087f,0f,0f,0f,1f], start_interpolation: 0, interpolation_duration: 1 }
$data merge entity $(bone_body_1) { transformation: [-0.795690125265051f,-0.23179285063334157f,-0.559597443660134f,0.008371956218882232f,-0.6057039083212914f,0.3044974282354377f,0.7351218209537226f,0.5433770803877951f,-2.3193722152664867e-16f,0.9238795325112867f,-0.3826834323650896f,-0.7539053388368412f,0f,0f,0f,1f], start_interpolation: 0, interpolation_duration: 1 }
$data merge entity $(bone_leg_left_2) { transformation: [-0.7880612824246567f,0.011551230564635057f,-0.6154884111140096f,0.2195279771248205f,-0.6094431825375061f,-0.15565526727134846f,0.7773997974203757f,0.542789556179126f,-0.08682408883346542f,0.9877438973960444f,0.1297057082595472f,-1.4036577987899908f,0f,0f,0f,1f], start_interpolation: 0, interpolation_duration: 1 }
$data merge entity $(bone_leg_left_1) { transformation: [-0.7880612824246567f,-0.2447277125774217f,-0.5648608340466069f,0.1275541520415671f,-0.6094431825375061f,0.18074217800769468f,0.7719528951610913f,0.613820581065772f,-0.08682408883346542f,0.9525967729242303f,-0.2915835485972774f,-1.0674419274690374f,0f,0f,0f,1f], start_interpolation: 0, interpolation_duration: 1 }
$data merge entity $(bone_leg_right_2) { transformation: [-0.7961927243240047f,0.3091253694503252f,-0.5201140756562153f,0.05571141551645234f,-0.5927375705464178f,-0.226022878539479f,0.7730302910232288f,0.25981384099076976f,0.1214055937601299f,0.9237722470062235f,0.3631879919061508f,-0.9873397740538357f,0f,0f,0f,1f], start_interpolation: 0, interpolation_duration: 1 }
$data merge entity $(bone_leg_right_1) { transformation: [-0.7961927243240047f,-0.5979607217849854f,0.09230450116813724f,-0.14947899616458007f,-0.5927375705464178f,0.7402574065803361f,-0.3173029222457383f,0.5237312505337748f,0.1214055937601299f,-0.30734662387170303f,-0.9438213467592349f,-1.0444816940362633f,0f,0f,0f,1f], start_interpolation: 0, interpolation_duration: 1 }
$data merge entity $(bone_skirt_forward_right) { transformation: [-0.8983894821783932f,-0.20325232291217002f,-0.38933896740763757f,0.0015028557687418878f,-0.394379676035021f,0.7634615848266514f,0.5114597536703054f,0.5524007556894429f,0.19328996208223118f,0.6130374390889878f,-0.766044443118978f,-0.8609259910169521f,0f,0f,0f,1f], start_interpolation: 0, interpolation_duration: 1 }
$data merge entity $(bone_skirt_forward_left) { transformation: [-0.6193368378381251f,-0.6817895934631347f,-0.38933896740763757f,0.0015028557687418878f,-0.7609604929659103f,0.3991842287974178f,0.5114597536703054f,0.5524007556894429f,-0.19328996208223162f,0.6130374390889876f,-0.766044443118978f,-0.8609259910169521f,0f,0f,0f,1f], start_interpolation: 0, interpolation_duration: 1 }
$data merge entity $(bone_skirt_forward) { transformation: [-0.795690125265051f,-0.46399611314497236f,-0.38933896740763757f,0.0015028557687418878f,-0.6057039083212914f,0.6095339989039357f,0.5114597536703054f,0.5524007556894429f,-2.3193722152664867e-16f,0.6427876096865393f,-0.766044443118978f,-0.8609259910169521f,0f,0f,0f,1f], start_interpolation: 0, interpolation_duration: 1 }
$data merge entity $(bone_skirt_back_right) { transformation: [-0.6417866745357774f,0.6105878080789578f,-0.4639961131449723f,0.005938939576676528f,-0.7314689986421534f,-0.3056491586862661f,0.6095339989039357f,0.546573241565249f,0.23035400672389766f,0.7305895704290553f,0.6427876096865394f,-0.8370719035353212f,0f,0f,0f,1f], start_interpolation: 0, interpolation_duration: 1 }
$data merge entity $(bone_skirt_back_left) { transformation: [-0.8759396454807409f,0.13205053752799314f,-0.4639961131449723f,0.005938939576676528f,-0.42387117035877786f,-0.6699265147154998f,0.6095339989039357f,0.546573241565249f,-0.2303540067238981f,0.730589570429055f,0.6427876096865394f,-0.8370719035353212f,0f,0f,0f,1f], start_interpolation: 0, interpolation_duration: 1 }
$data merge entity $(bone_skirt_back) { transformation: [-0.795690125265051f,0.3893389674076376f,-0.4639961131449723f,0.005938939576676528f,-0.6057039083212914f,-0.5114597536703054f,0.6095339989039357f,0.546573241565249f,-2.3193722152664867e-16f,0.7660444431189779f,0.6427876096865394f,-0.8370719035353212f,0f,0f,0f,1f], start_interpolation: 0, interpolation_duration: 1 }
$data merge entity $(bone_skirt_right) { transformation: [-0.7154831490274073f,0.35212708445525787f,-0.6033990220831192f,-0.14289907085391787f,-0.4898804898455328f,0.36290991859339056f,0.7926622841130007f,0.4428574425201545f,0.4980973490458725f,0.8627299156628211f,-0.08715574274765808f,-0.7499048674522936f,0f,0f,0f,1f], start_interpolation: 0, interpolation_duration: 1 }
$data merge entity $(bone_skirt_left) { transformation: [-0.6626925750125056f,-0.44356304080979303f,-0.6033990220831192f,0.1455385995546631f,-0.5592294537099852f,-0.24279398972790073f,0.7926622841130007f,0.6624251092866227f,-0.49809734904587294f,0.8627299156628209f,-0.08715574274765808f,-0.7499048674522935f,0f,0f,0f,1f], start_interpolation: 0, interpolation_duration: 1 }
$data merge entity $(bone_coat_downer) { transformation: [-0.795690125265051f,0.16695462369770278f,-0.5822399661493927f,0.005579064777821481f,-0.6057039083212914f,-0.21932192217775576f,0.7648664392536562f,0.5341477791027762f,-2.3193722152664867e-16f,0.9612616959383189f,0.27563735581699933f,-0.9475872528548743f,0f,0f,0f,1f], start_interpolation: 0, interpolation_duration: 1 }
$data merge entity $(bone_body_2) { transformation: [-0.795690125265051f,-0.05279057401490173f,-0.6033990220831192f,8.878689293818311e-17f,-0.6057039083212914f,0.06934896386445248f,0.7926622841130007f,0.554375f,-2.3193722152664867e-16f,0.9961946980917455f,-0.08715574274765808f,-0.725f,0f,0f,0f,1f], start_interpolation: 0, interpolation_duration: 1 }
$data merge entity $(bone_book_left) { transformation: [-2.991433794219622e-16f,0.6057039083212916f,0.7956901252650509f,-0.8063126174994547f,-3.5653788994977984e-16f,-0.7956901252650509f,0.6057039083212916f,0.2979790774287196f,1f,-1.0250136425155573e-16f,4.5398182645168e-16f,0.1812499999999998f,0f,0f,0f,1f], start_interpolation: 0, interpolation_duration: 1 }
$data merge entity $(bone_book_right) { transformation: [-2.991433794219622e-16f,0.6057039083212916f,0.7956901252650509f,-0.8063126174994547f,-3.5653788994977984e-16f,-0.7956901252650509f,0.6057039083212916f,0.2979790774287196f,1f,-1.0250136425155573e-16f,4.5398182645168e-16f,0.2749999999999998f,0f,0f,0f,1f], start_interpolation: 0, interpolation_duration: 1 }
$data merge entity $(bone_book_loot_1) { transformation: [-2.991433794219622e-16f,0.6057039083212916f,0.7956901252650509f,-0.9256661362892123f,-3.5653788994977984e-16f,-0.7956901252650509f,0.6057039083212916f,0.20712349118052584f,1f,-1.0250136425155573e-16f,4.5398182645168e-16f,0.22812499999999974f,0f,0f,0f,1f], start_interpolation: 0, interpolation_duration: 1 }
$data merge entity $(bone_book_left2) { transformation: [-2.991433794219622e-16f,-0.6057039083212912f,-0.7956901252650511f,0.4618185196417202f,-3.5653788994977984e-16f,0.7956901252650511f,-0.6057039083212912f,1.2633196813157777f,1f,1.0250136425155583e-16f,-4.5398182645168e-16f,0.27500000000000024f,0f,0f,0f,1f], start_interpolation: 0, interpolation_duration: 1 }
$data merge entity $(bone_book_right2) { transformation: [-2.991433794219622e-16f,-0.6057039083212912f,-0.7956901252650511f,0.46181851964172027f,-3.5653788994977984e-16f,0.7956901252650511f,-0.6057039083212912f,1.2633196813157777f,1f,1.0250136425155583e-16f,-4.5398182645168e-16f,0.18125000000000024f,0f,0f,0f,1f], start_interpolation: 0, interpolation_duration: 1 }
$data merge entity $(bone_book_loot_2) { transformation: [-2.991433794219622e-16f,-0.6057039083212912f,-0.7956901252650511f,0.5811720384314779f,-3.5653788994977984e-16f,0.7956901252650511f,-0.6057039083212912f,1.3541752675639713f,1f,1.0250136425155583e-16f,-4.5398182645168e-16f,0.2281250000000003f,0f,0f,0f,1f], start_interpolation: 0, interpolation_duration: 1 }
$data merge entity $(bone_air_staff_povit_1) { transformation: [-0.000012432658207266422f,-1.9135106236677393e-21f,-0.000009464123567520178f,0.41067854349178745f,-0.000009464123567520178f,-3.469446951953614e-21f,0.000012432658207266422f,0.0029663709219683865f,-3.624019086353886e-21f,0.000015625f,1.6015838164305591e-21f,-0.5588775000000001f,0f,0f,0f,1f], start_interpolation: 0, interpolation_duration: 1 }