# This file was generated by Animated Java via MC-Build. It is not recommended to edit this file directly.
$data merge entity $(bone_wing_right_1) { transformation: [0.23317568507154907f,0.07243167728304033f,0.7793120020003693f,-0.05661599050910365f,0.7675045141979019f,-0.1804652712952054f,-0.212869798202175f,0.24639744127938973f,0.15333090041378017f,0.7931773965682316f,-0.1195980643488264f,-0.7489631168027934f,0f,0f,0f,1f], start_interpolation: 0, interpolation_duration: 1 }
$data merge entity $(bone_wing_right_2) { transformation: [0.23818251016313746f,-0.021858932924079623f,0.7634076754289333f,-0.05661599050910365f,0.6269589965735645f,-0.4510427092189624f,-0.20852551660621227f,0.24639744127938973f,0.43610951430558836f,0.6603655514272676f,-0.11715728752538097f,-0.7489631168027934f,0f,0f,0f,1f], start_interpolation: 0, interpolation_duration: 1 }
$data merge entity $(bone_wing_left_1) { transformation: [0.379373473916952f,-0.03557726645691155f,-0.7223257366618484f,0.11600064249486082f,-0.7067601054890743f,-0.19117614947775394f,-0.36178208579803434f,0.263515243420281f,-0.15333090041378006f,0.7931773965682316f,-0.11959806434882662f,-0.7489631168027934f,0f,0f,0f,1f], start_interpolation: 0, interpolation_duration: 1 }
$data merge entity $(bone_wing_left_2) { transformation: [0.35667939739246507f,0.1100187769905954f,-0.707584395097321f,0.11600064249486082f,-0.5679685722008674f,-0.4379648469884935f,-0.3543987779246051f,0.263515243420281f,-0.43610951430558825f,0.6603655514272676f,-0.1171572875253812f,-0.7489631168027934f,0f,0f,0f,1f], start_interpolation: 0, interpolation_duration: 1 }
$data merge entity $(bone_staff) { transformation: [-1.5416572666054664f,-0.03783125242369357f,-0.25153114849381686f,-0.003162107273322782f,-0.2517133112186405f,0.004580403857981723f,1.542084848137691f,0.5603796621529867f,-0.03659960761963925f,1.5620352320740252f,-0.01061378733232704f,0.27357380764070494f,0f,0f,0f,1f], start_interpolation: 0, interpolation_duration: 1 }
$data merge entity $(bone_arm_right_2) { transformation: [-0.6307580055419758f,-0.773411085683415f,0.06308431648762478f,0.2826190918171011f,0.06094619659022811f,-0.13042159650856217f,-0.9895836338002679f,0.5277802519005079f,0.7735825098629717f,-0.620343050018423f,0.12940093016646415f,-0.013608706791513214f,0f,0f,0f,1f], start_interpolation: 0, interpolation_duration: 1 }
$data merge entity $(bone_arm_right_1) { transformation: [-0.07307633533067001f,-0.9953292009319978f,0.06308431648762478f,0.3065972643474772f,0.12473095607711926f,-0.07187781515004942f,-0.9895836338002679f,0.4868529069377031f,0.9894958503251683f,-0.06444657835235836f,0.12940093016646415f,-0.3382870326794591f,0f,0f,0f,1f], start_interpolation: 0, interpolation_duration: 1 }
$data merge entity $(bone_arm_left_2) { transformation: [-0.6065031127273515f,0.783962781671935f,0.13250030643449817f,-0.27189140831683595f,-0.1836411573861893f,0.024017852673436896f,-0.9826998870798845f,0.47279133883254526f,-0.7735825098629718f,-0.6203430500184228f,0.12940093016646415f,-0.013608706791513325f,0f,0f,0f,1f], start_interpolation: 0, interpolation_duration: 1 }
$data merge entity $(bone_arm_left_1) { transformation: [-0.04715568611500517f,0.9900606092870212f,0.13250030643449817f,-0.28736436782332203f,-0.13665395514325906f,0.1250065137378297f,-0.9826998870798845f,0.4279517598011634f,-0.9894958503251683f,-0.06444657835235808f,0.12940093016646415f,-0.3382870326794592f,0f,0f,0f,1f], start_interpolation: 0, interpolation_duration: 1 }
$data merge entity $(bone_himo_right_2) { transformation: [0.09285747223845725f,0.9939717397108339f,0.05828954027698535f,-0.0007229787553874878f,0.9865770932355069f,-0.0997486090166671f,0.12928980664467582f,0.8044829908806006f,0.13432471460033618f,0.045501600581278945f,-0.9898921534147442f,-0.5568986639309282f,0f,0f,0f,1f], start_interpolation: 0, interpolation_duration: 1 }
$data merge entity $(bone_himo_right_1) { transformation: [0.4960940519939074f,0.7518881837522692f,0.43422903024784054f,0.14296998713721198f,0.8097058365255123f,-0.5811804017549831f,0.08127606604921628f,0.6960196409643489f,0.31347591593739155f,0.31127720724400965f,-0.8971283912448558f,-0.5041412400179568f,0f,0f,0f,1f], start_interpolation: 0, interpolation_duration: 1 }
$data merge entity $(bone_himo_left_2) { transformation: [-0.11406104907846637f,0.9931148849169498f,-0.02670023294867324f,-0.3234814469517149f,0.9861555691475068f,0.11643603372022843f,0.11806711434967426f,0.7498425468276242f,0.12036307790380284f,-0.012863724495478901f,-0.9926465907208002f,-0.5662280429658701f,0f,0f,0f,1f], start_interpolation: 0, interpolation_duration: 1 }
$data merge entity $(bone_himo_left_1) { transformation: [0.33792665176018166f,0.8134282282372022f,0.4734343624379615f,-0.16800468939200225f,0.8749372779366336f,-0.4568753194727521f,0.1604671372384543f,0.6651813440342235f,0.34682897472239427f,0.3599992499486031f,-0.8660890267919668f,-0.5041412400179568f,0f,0f,0f,1f], start_interpolation: 0, interpolation_duration: 1 }
$data merge entity $(bone_ponpon1) { transformation: [0.9951189648934855f,0.09117078832399547f,0.037764177016045675f,-0.2339045772792397f,0.09868255017640161f,-0.919370044078909f,-0.380815541097034f,-0.06363820562770411f,1.4377885337967711e-16f,0.38268343236508956f,-0.923879532511287f,-0.19231127601045678f,0f,0f,0f,1f], start_interpolation: 0, interpolation_duration: 1 }
$data merge entity $(bone_ponpon2) { transformation: [0.9951189648934855f,0.09117078832399547f,0.037764177016045675f,-0.27907749540799054f,0.09868255017640161f,-0.919370044078909f,-0.380815541097034f,0.011880997272697535f,1.4377885337967711e-16f,0.38268343236508956f,-0.923879532511287f,-0.3267604112290261f,0f,0f,0f,1f], start_interpolation: 0, interpolation_duration: 1 }
$data merge entity $(bone_ponpon3) { transformation: [0.9951189648934855f,0.09117078832399547f,0.037764177016045675f,0.3507278145956831f,0.09868255017640161f,-0.919370044078909f,-0.380815541097034f,-0.005662207399068142f,1.4377885337967711e-16f,0.38268343236508956f,-0.923879532511287f,-0.19231127601045667f,0f,0f,0f,1f], start_interpolation: 0, interpolation_duration: 1 }
$data merge entity $(bone_ponpon4) { transformation: [0.9951189648934855f,0.09117078832399547f,0.037764177016045675f,0.3801888188339436f,0.09868255017640161f,-0.919370044078909f,-0.380815541097034f,0.07725818676456364f,1.4377885337967711e-16f,0.38268343236508956f,-0.923879532511287f,-0.326760411229026f,0f,0f,0f,1f], start_interpolation: 0, interpolation_duration: 1 }
$data merge entity $(bone_ear_edge_a1) { transformation: [0.9957742483040546f,-0.08500576319023302f,0.034751498369726276f,-0.12734411036849355f,-0.024431637930707996f,-0.6099903798603569f,-0.7920320899722688f,-0.11318772203749014f,0.08852537197051394f,0.7878361229991067f,-0.6094895420064391f,-0.13654730863881975f,0f,0f,0f,1f], start_interpolation: 0, interpolation_duration: 1 }
$data merge entity $(bone_ear_edge_a2) { transformation: [0.996812446004803f,0.07181421064789832f,0.034751498369726276f,-0.01180255755875595f,0.07129267482733995f,-0.6063023362730205f,-0.7920320899722688f,-0.11108581514234767f,-0.03580924469861056f,0.7919849721925892f,-0.6094895420064391f,-0.1326908612168038f,0f,0f,0f,1f], start_interpolation: 0, interpolation_duration: 1 }
$data merge entity $(bone_ear_edge_b1) { transformation: [0.9830525935312243f,-0.18108995189018484f,0.02853117025192449f,0.011533975462713425f,-0.03582697616955061f,-0.34240882184069205f,-0.9388677364273498f,-0.1347545747444569f,0.17978883761257322f,0.9219341777209912f,-0.34309378574937804f,-0.16310560454236664f,0f,0f,0f,1f], start_interpolation: 0, interpolation_duration: 1 }
$data merge entity $(bone_ear_edge_b2) { transformation: [0.9908984475833306f,0.13155317898477964f,0.02853117025192449f,-0.016884190665905137f,0.0717366658274752f,-0.33672128574199384f,-0.9388677364273498f,-0.13956332158087736f,-0.11390398304231034f,0.9323693135379657f,-0.34309378574937804f,-0.15230979921115365f,0f,0f,0f,1f], start_interpolation: 0, interpolation_duration: 1 }
$data merge entity $(bone_ear_right_2) { transformation: [0.9992782945707035f,-0.025077127505401416f,0.02853117025192449f,-0.06713794480970423f,0.018178654228259386f,-0.343797774900062f,-0.9388677364273498f,-0.20738634853810764f,0.03335305878500274f,0.9387088087633163f,-0.34309378574937804f,-0.06197574284223256f,0f,0f,0f,1f], start_interpolation: 0, interpolation_duration: 1 }
$data merge entity $(bone_ear_right_1) { transformation: [0.9992782945707035f,-0.015336993216578443f,0.034751498369726276f,-0.06368712133597408f,0.018178654228259386f,-0.6102087388628658f,-0.7920320899722688f,-0.07008938229396305f,0.03335305878500274f,0.792092211585536f,-0.6094895420064391f,-0.24019649044897787f,0f,0f,0f,1f], start_interpolation: 0, interpolation_duration: 1 }
$data merge entity $(bone_ear_edge_a3) { transformation: [0.9715816431503581f,0.2031533299258205f,0.12148183087729877f,0.25597438365531633f,0.2195276046667755f,-0.5814146264395034f,-0.7834313390154115f,-0.07517533572537102f,-0.08852537197051363f,0.7878361229991067f,-0.6094895420064391f,-0.13654730863881967f,0f,0f,0f,1f], start_interpolation: 0, interpolation_duration: 1 }
$data merge entity $(bone_ear_edge_a4) { transformation: [0.9914000433639618f,0.048663320731675425f,0.12148183087729877f,0.14227035670564686f,0.12587156951452355f,-0.6085981309833852f,-0.7834313390154115f,-0.09580693027620632f,0.035809244698610854f,0.7919849721925892f,-0.6094895420064391f,-0.13269086121680376f,0f,0f,0f,1f], start_interpolation: 0, interpolation_duration: 1 }
$data merge entity $(bone_ear_edge_b3) { transformation: [0.9568696971558028f,0.24481264831719024f,0.15641978739560364f,0.1240369233789075f,0.22820244638233395f,-0.3001735151105837f,-0.926185458907272f,-0.12359804151134618f,-0.17978883761257292f,0.9219341777209912f,-0.34309378574937804f,-0.1631056045423666f,0f,0f,0f,1f], start_interpolation: 0, interpolation_duration: 1 }
$data merge entity $(bone_ear_edge_b4) { transformation: [0.9856884294933457f,-0.06285833337001483f,0.15641978739560364f,0.15284604965377885f,0.12427470623597864f,-0.3560004116552213f,-0.926185458907272f,-0.12273175314765722f,0.11390398304231063f,0.9323693135379657f,-0.34309378574937804f,-0.15230979921115362f,0f,0f,0f,1f], start_interpolation: 0, interpolation_duration: 1 }
$data merge entity $(bone_ear_left_2) { transformation: [0.9833861790241687f,0.09211119918533094f,0.15641978739560364f,0.2154415984672702f,0.17843541233154847f,-0.3321766086508743f,-0.926185458907272f,-0.17936390002488947f,-0.03335305878500245f,0.9387088087633163f,-0.34309378574937804f,-0.061975742842232506f,0f,0f,0f,1f], start_interpolation: 0, interpolation_duration: 1 }
$data merge entity $(bone_ear_left_1) { transformation: [0.9833861790241687f,0.1348843492438798f,0.12148183087729877f,0.1850926198873973f,0.17843541233154847f,-0.5953118012223423f,-0.7834313390154115f,-0.04541874474986268f,-0.03335305878500245f,0.792092211585536f,-0.6094895420064391f,-0.2401964904489778f,0f,0f,0f,1f], start_interpolation: 0, interpolation_duration: 1 }
$data merge entity $(bone_head) { transformation: [0.9951189648934855f,0.09117078832399547f,0.037764177016045675f,0.012797589727912494f,0.09868255017640161f,-0.919370044078909f,-0.380815541097034f,0.42532356972781044f,1.4377885337967711e-16f,0.38268343236508956f,-0.923879532511287f,-0.4074505141451086f,0f,0f,0f,1f], start_interpolation: 0, interpolation_duration: 1 }
$data merge entity $(bone_body_1) { transformation: [0.9951189648934855f,0.037764177016045446f,0.09117078832399557f,-0.001363976653104547f,0.09868255017640161f,-0.3808155410970344f,-0.9193700440789089f,0.5681293976391983f,1.4377885337967711e-16f,0.9238795325112867f,-0.38268343236508995f,-0.7539053388368411f,0f,0f,0f,1f], start_interpolation: 0, interpolation_duration: 1 }
$data merge entity $(bone_leg_left_2) { transformation: [0.9905826319596036f,0.07176186715124991f,0.11660310323036414f,-0.18087195902603126f,0.1058660798283528f,0.1386081800610573f,-0.984672608313006f,0.6793233480768269f,-0.08682408883346504f,0.9877438973960446f,0.12970570825954686f,-1.4036577987899908f,0f,0f,0f,1f], start_interpolation: 0, interpolation_duration: 1 }
$data merge entity $(bone_leg_left_1) { transformation: [0.9905826319596036f,0.1136550388158049f,0.07634514661563285f,-0.13978536581427387f,0.1058660798283528f,-0.28220900121385273f,-0.9534938137060233f,0.5706197011502229f,-0.08682408883346504f,0.9525967729242303f,-0.29158354859727775f,-1.0674419274690374f,0f,0f,0f,1f], start_interpolation: 0, interpolation_duration: 1 }
$data merge entity $(bone_leg_right_2) { transformation: [0.9887496669022282f,-0.14475736140609252f,0.03767495878536055f,0.1069741718839568f,0.08737721673573107f,0.35452805527887055f,-0.930953854933583f,0.8344224330634894f,0.12140559376013027f,0.9237722470062237f,0.3631879919061506f,-0.9873397740538357f,0f,0f,0f,1f], start_interpolation: 0, interpolation_duration: 1 }
$data merge entity $(bone_leg_right_1) { transformation: [0.9887496669022282f,0.12114792919219573f,0.08773411795405157f,0.1433574073688275f,0.08737721673573107f,-0.9438544549066389f,0.31859690825305975f,0.502109682358112f,0.12140559376013027f,-0.3073466238717033f,-0.9438213467592349f,-1.0444816940362633f,0f,0f,0f,1f], start_interpolation: 0, interpolation_duration: 1 }
$data merge entity $(bone_skirt_forward_right) { transformation: [0.971793745656813f,-0.2271416019979393f,0.06343192054566127f,-0.0002448484115245696f,-0.1351144198838557f,-0.7566979522352533f,-0.6396501407976265f,0.5568440616263635f,0.19328996208223148f,0.6130374390889874f,-0.7660444431189782f,-0.860925991016952f,0f,0f,0f,1f], start_interpolation: 0, interpolation_duration: 1 }
$data merge entity $(bone_skirt_forward_left) { transformation: [0.9263299040030807f,0.37133448588238105f,0.06343192054566127f,-0.0002448484115245696f,0.323344861576449f,-0.6973491219394226f,-0.6396501407976265f,0.5568440616263635f,-0.1932899620822312f,0.6130374390889874f,-0.7660444431189782f,-0.860925991016952f,0f,0f,0f,1f], start_interpolation: 0, interpolation_duration: 1 }
$data merge entity $(bone_skirt_forward) { transformation: [0.9951189648934855f,0.07559521919544211f,0.06343192054566127f,-0.0002448484115245696f,0.09868255017640161f,-0.7623053532989641f,-0.6396501407976265f,0.5568440616263635f,1.4377885337967711e-16f,0.642787609686539f,-0.7660444431189782f,-0.860925991016952f,0f,0f,0f,1f], start_interpolation: 0, interpolation_duration: 1 }
$data merge entity $(bone_skirt_back_right) { transformation: [0.9299874784481722f,-0.35973414178307206f,0.0755952191954421f,-0.0009675844826463462f,0.28646172783786783f,0.5803707666792712f,-0.7623053532989641f,0.5641321624071018f,0.23035400672389808f,0.7305895704290554f,0.6427876096865391f,-0.8370719035353211f,0f,0f,0f,1f], start_interpolation: 0, interpolation_duration: 1 }
$data merge entity $(bone_skirt_back_left) { transformation: [0.9681361712117215f,0.2387419460972483f,0.0755952191954421f,-0.0009675844826463462f,-0.09823128614527454f,0.639719596975102f,-0.7623053532989641f,0.5641321624071018f,-0.2303540067238978f,0.7305895704290554f,0.6427876096865391f,-0.8370719035353211f,0f,0f,0f,1f], start_interpolation: 0, interpolation_duration: 1 }
$data merge entity $(bone_skirt_back) { transformation: [0.9951189648934855f,-0.06343192054566128f,0.0755952191954421f,-0.0009675844826463462f,0.09868255017640161f,0.6396501407976267f,-0.7623053532989641f,0.5641321624071018f,1.4377885337967711e-16f,0.7660444431189781f,0.6427876096865391f,-0.8370719035353211f,0f,0f,0f,1f], start_interpolation: 0, interpolation_duration: 1 }
$data merge entity $(bone_skirt_right) { transformation: [0.8660986788638622f,-0.490111013626481f,0.09830703327990395f,0.18015029361302293f,0.04209642910920998f,-0.12445194631843011f,-0.9913322367974361f,0.574429470532162f,0.49809734904587283f,0.8627299156628209f,-0.08715574274765839f,-0.7499048674522933f,0f,0f,0f,1f], start_interpolation: 0, interpolation_duration: 1 }
$data merge entity $(bone_skirt_left) { transformation: [0.8574979279070049f,0.5050079512670044f,0.09830703327990395f,-0.18058033116086558f,0.1288267616167827f,-0.025769396142028514f,-0.9913322367974361f,0.5386570460932164f,-0.4980973490458726f,0.8627299156628211f,-0.08715574274765839f,-0.7499048674522935f,0f,0f,0f,1f], start_interpolation: 0, interpolation_duration: 1 }
$data merge entity $(bone_coat_downer) { transformation: [0.9951189648934855f,-0.027200597195901816f,0.09485975554208603f,0.005852636621307662f,0.09868255017640161f,0.2742919602065894f,-0.9565697438538963f,0.5745247660929139f,1.4377885337967711e-16f,0.961261695938319f,0.27563735581699905f,-0.9475872528548742f,0f,0f,0f,1f], start_interpolation: 0, interpolation_duration: 1 }
$data merge entity $(bone_body_2) { transformation: [0.9951189648934855f,0.008600750956857207f,0.09830703327990395f,8.87868929381831e-17f,0.09868255017640161f,-0.08673033250757274f,-0.9913322367974361f,0.554375f,1.4377885337967711e-16f,0.9961946980917455f,-0.08715574274765839f,-0.7249999999999999f,0f,0f,0f,1f], start_interpolation: 0, interpolation_duration: 1 }
$data merge entity $(bone_book_left) { transformation: [9.849611749844477e-17f,-0.09868255017640183f,-0.9951189648934855f,0.8210482753559104f,-2.0013267705811764e-16f,0.9951189648934855f,-0.09868255017640183f,0.35002570153023477f,1f,2.0887567049265724e-16f,7.826575154535415e-17f,0.18125000000000013f,0f,0f,0f,1f], start_interpolation: 0, interpolation_duration: 1 }
$data merge entity $(bone_book_right) { transformation: [9.849611749844477e-17f,-0.09868255017640183f,-0.9951189648934855f,0.8210482753559104f,-2.0013267705811764e-16f,0.9951189648934855f,-0.09868255017640183f,0.35002570153023477f,1f,2.0887567049265724e-16f,7.826575154535415e-17f,0.27500000000000013f,0f,0f,0f,1f], start_interpolation: 0, interpolation_duration: 1 }
$data merge entity $(bone_book_loot_1) { transformation: [9.849611749844477e-17f,-0.09868255017640183f,-0.9951189648934855f,0.9703161200899333f,-2.0013267705811764e-16f,0.9951189648934855f,-0.09868255017640183f,0.36482808405669503f,1f,2.0887567049265724e-16f,7.826575154535415e-17f,0.22812500000000013f,0f,0f,0f,1f], start_interpolation: 0, interpolation_duration: 1 }
$data merge entity $(bone_book_left2) { transformation: [9.849611749844477e-17f,0.09868255017640139f,0.9951189648934855f,-0.764922574943082f,-2.0013267705811764e-16f,-0.9951189648934855f,0.09868255017640139f,0.1927503871865947f,1f,-2.0887567049265729e-16f,-7.826575154535424e-17f,0.2749999999999999f,0f,0f,0f,1f], start_interpolation: 0, interpolation_duration: 1 }
$data merge entity $(bone_book_right2) { transformation: [9.849611749844477e-17f,0.09868255017640139f,0.9951189648934855f,-0.764922574943082f,-2.0013267705811764e-16f,-0.9951189648934855f,0.09868255017640139f,0.1927503871865947f,1f,-2.0887567049265729e-16f,-7.826575154535424e-17f,0.1812499999999999f,0f,0f,0f,1f], start_interpolation: 0, interpolation_duration: 1 }
$data merge entity $(bone_book_loot_2) { transformation: [9.849611749844477e-17f,0.09868255017640139f,0.9951189648934855f,-0.9141904196771049f,-2.0013267705811764e-16f,-0.9951189648934855f,0.09868255017640139f,0.1779480046601345f,1f,-2.0887567049265729e-16f,-7.826575154535424e-17f,0.2281249999999999f,0f,0f,0f,1f], start_interpolation: 0, interpolation_duration: 1 }
$data merge entity $(bone_air_staff_povit_1) { transformation: [0.000015548733826460712f,-1.9135106236677393e-21f,0.0000015419148465062753f,-0.0606619821171573f,0.0000015419148465062753f,-3.469446951953614e-21f,-0.000015548733826460712f,1.2392315296701693f,2.246544584057455e-21f,0.000015625f,-3.2636823514477702e-21f,-0.5588774999999998f,0f,0f,0f,1f], start_interpolation: 0, interpolation_duration: 1 }