# This file was generated by Animated Java via MC-Build. It is not recommended to edit this file directly.
$data merge entity $(bone_wing_right_1) { transformation: [-0.7617616126573142f,0.10583703485331229f,-0.2747038623311127f,0.28439621792645325f,-0.2513032528728422f,0.1631336386866462f,0.7597226701032603f,0.6854258995999768f,0.15333090041377972f,0.7931773965682317f,-0.1195980643488263f,-0.7489631168027935f,0f,0f,0f,1f], start_interpolation: 0, interpolation_duration: 1 }
$data merge entity $(bone_wing_right_2) { transformation: [-0.6497376811277136f,0.3813494388816254f,-0.2690976610590492f,0.28439621792645325f,-0.16628119934293717f,0.24184694323648187f,0.7442181258154388f,0.6854258995999768f,0.436109514305588f,0.6603655514272678f,-0.11715728752538088f,-0.7489631168027935f,0f,0f,0f,1f], start_interpolation: 0, interpolation_duration: 1 }
$data merge entity $(bone_wing_left_1) { transformation: [0.35938172292909537f,0.1767874659068942f,0.711713013487303f,0.17100538107005073f,0.7171323843247205f,0.08099539441168985f,-0.3822372743222203f,0.8166967617772505f,-0.15333090041377972f,0.7931773965682317f,-0.11959806434882644f,-0.7489631168027935f,0f,0f,0f,1f], start_interpolation: 0, interpolation_duration: 1 }
$data merge entity $(bone_wing_left_2) { transformation: [0.25897644139146797f,0.29471975766436154f,0.6971882581100112f,0.17100538107005073f,0.61865959487941f,0.34213681902189463f,-0.3744365136217669f,0.8166967617772505f,-0.436109514305588f,0.6603655514272678f,-0.11715728752538102f,-0.7489631168027935f,0f,0f,0f,1f], start_interpolation: 0, interpolation_duration: 1 }
$data merge entity $(bone_staff) { transformation: [1.0935086988699372f,0.018039062664831833f,-1.1159388727497361f,-0.003088483779671509f,-1.115484398912807f,-0.03356748393343924f,-1.0936059755709608f,0.5483321399220051f,-0.03659960761963935f,1.562035232074025f,-0.010613787332327778f,0.27357380764070455f,0f,0f,0f,1f], start_interpolation: 0, interpolation_duration: 1 }
$data merge entity $(bone_arm_right_2) { transformation: [0.31337327954317196f,0.5519735670706346f,0.7727369338420914f,-0.14099376101633676f,-0.5507878794077288f,-0.5572249828831801f,0.6213960334186057f,0.8007519287909612f,0.7735825098629715f,-0.6203430500184229f,0.1294009301664646f,-0.013608706791513547f,0f,0f,0f,1f], start_interpolation: 0, interpolation_duration: 1 }
$data merge entity $(bone_arm_right_1) { transformation: [-0.05989866899701468f,0.6318938047874101f,0.7727369338420914f,-0.1213395102516913f,-0.13156789745853262f,-0.7723709329136903f,0.6213960334186057f,0.8439226451445423f,0.9894958503251681f,-0.06444657835235831f,0.1294009301664646f,-0.3382870326794593f,0f,0f,0f,1f], start_interpolation: 0, interpolation_duration: 1 }
$data merge entity $(bone_arm_left_2) { transformation: [0.4993761708949283f,-0.47105603931532297f,0.727137983994015f,0.22326087981196235f,-0.39011990512716094f,0.6271209676915626f,0.6741852501391389f,0.3790598231567299f,-0.7735825098629716f,-0.6203430500184228f,0.1294009301664646f,-0.013608706791513547f,0f,0f,0f,1f], start_interpolation: 0, interpolation_duration: 1 }
$data merge entity $(bone_arm_left_1) { transformation: [0.13887836690566827f,-0.6722969220803665f,0.727137983994015f,0.26883034395288474f,0.04013429200680452f,0.7374710076334794f,0.6741852501391389f,0.39222888772146264f,-0.9894958503251681f,-0.06444657835235815f,0.1294009301664646f,-0.3382870326794593f,0f,0f,0f,1f], start_interpolation: 0, interpolation_duration: 1 }
$data merge entity $(bone_himo_right_2) { transformation: [-0.8600728782680253f,-0.4907941339612347f,-0.13926866889934778f,-0.20406653392461555f,-0.4921702094959555f,0.8700866177650264f,-0.026791089394119227f,0.4097673254712768f,0.13432471460033574f,0.04550160058127889f,-0.9898921534147443f,-0.5568986639309287f,0f,0f,0f,1f], start_interpolation: 0, interpolation_duration: 1 }
$data merge entity $(bone_himo_right_1) { transformation: [-0.9476575161146088f,0.04220997047517111f,-0.31648625648513556f,-0.19813020356355304f,-0.06064719514292116f,0.949381282016269f,0.30821599419634516f,0.5897026658130544f,0.31347591593739116f,0.31127720724400987f,-0.8971283912448559f,-0.5041412400179571f,0f,0f,0f,1f], start_interpolation: 0, interpolation_duration: 1 }
$data merge entity $(bone_himo_left_2) { transformation: [-0.7405809231779499f,-0.6670485902239511f,-0.0811546332943156f,0.02645630758059652f,-0.6610995580866915f,0.7449031499949129f,-0.08981465039311548f,0.17734997142233963f,0.12036307790380245f,-0.012863724495479067f,-0.9926465907208002f,-0.5662280429658705f,0f,0f,0f,1f], start_interpolation: 0, interpolation_duration: 1 }
$data merge entity $(bone_himo_left_1) { transformation: [-0.9099137470529264f,-0.09485499404514466f,-0.4038062691796632f,0.0061472070147590065f,-0.22752282350813974f,0.9281180259757584f,0.2946698061250004f,0.3532137875810756f,0.3468289747223939f,0.3599992499486032f,-0.8660890267919669f,-0.5041412400179571f,0f,0f,0f,1f], start_interpolation: 0, interpolation_duration: 1 }
$data merge entity $(bone_ponpon1) { transformation: [-0.6536877138505985f,0.6991591496482535f,0.2896012020415471f,0.6399604885390772f,0.7567644103423323f,0.6039286994806626f,0.25015545803123584f,0.7190026000895233f,8.798179787487882e-17f,0.38268343236508995f,-0.9238795325112867f,-0.19231127601045672f,0f,0f,0f,1f], start_interpolation: 0, interpolation_duration: 1 }
$data merge entity $(bone_ponpon2) { transformation: [-0.6536877138505985f,0.6991591496482535f,0.2896012020415471f,0.6042289967938381f,0.7567644103423323f,0.6039286994806626f,0.25015545803123584f,0.6385849214570314f,8.798179787487882e-17f,0.38268343236508995f,-0.9238795325112867f,-0.3267604112290261f,0f,0f,0f,1f], start_interpolation: 0, interpolation_duration: 1 }
$data merge entity $(bone_ponpon3) { transformation: [-0.6536877138505985f,0.6991591496482535f,0.2896012020415471f,0.2559189566518506f,0.7567644103423323f,0.6039286994806626f,0.25015545803123584f,1.1636016911656437f,8.798179787487882e-17f,0.38268343236508995f,-0.9238795325112867f,-0.19231127601045667f,0f,0f,0f,1f], start_interpolation: 0, interpolation_duration: 1 }
$data merge entity $(bone_ponpon4) { transformation: [-0.6536877138505985f,0.6991591496482535f,0.2896012020415471f,0.1711608863678166f,0.7567644103423323f,0.6039286994806626f,0.25015545803123584f,1.1399413433088266f,8.798179787487882e-17f,0.38268343236508995f,-0.9238795325112867f,-0.32676041122902605f,0f,0f,0f,1f], start_interpolation: 0, interpolation_duration: 1 }
$data merge entity $(bone_ear_edge_a1) { transformation: [-0.5534095628261827f,0.5476626435274394f,0.6275376360482852f,0.6191117001132717f,0.8281914719978799f,0.2817443383322421f,0.48447808364023204f,0.8346555970496361f,0.08852537197051392f,0.7878361229991069f,-0.6094895420064388f,-0.13654730863881964f,0f,0f,0f,1f], start_interpolation: 0, interpolation_duration: 1 }
$data merge entity $(bone_ear_edge_a2) { transformation: [-0.6322694854400067f,0.4543476786827012f,0.6275376360482852f,0.5508623673286066f,0.7739205358275124f,0.407833287872317f,0.48447808364023204f,0.9279095353725255f,-0.0358092446986106f,0.7919849721925895f,-0.6094895420064388f,-0.1326908612168037f,0f,0f,0f,1f], start_interpolation: 0, interpolation_duration: 1 }
$data merge entity $(bone_ear_edge_b1) { transformation: [-0.5367676301349872f,0.38422076522969517f,0.7511690321129972f,0.556775842480141f,0.8243521608567478f,0.049109831156576966f,0.5639430284830047f,0.960617864070225f,0.1797888376125732f,0.9219341777209913f,-0.34309378574937766f,-0.16310560454236653f,0f,0f,0f,1f], start_interpolation: 0, interpolation_duration: 1 }
$data merge entity $(bone_ear_edge_b2) { transformation: [-0.6292270984239091f,0.19954534272553473f,0.7511690321129972f,0.5770710491978807f,0.768829721886534f,0.3014450519900626f,0.5639430284830047f,0.9401527523789891f,-0.11390398304231036f,0.9323693135379658f,-0.34309378574937766f,-0.15230979921115356f,0f,0f,0f,1f], start_interpolation: 0, interpolation_duration: 1 }
$data merge entity $(bone_ear_right_2) { transformation: [-0.5902644997592656f,0.29552141296083234f,0.7511690321129972f,0.6614586727010923f,0.806520547657422f,0.17746229693033055f,0.5639430284830047f,0.9381200717186815f,0.03335305878500272f,0.9387088087633164f,-0.34309378574937766f,-0.06197574284223242f,0f,0f,0f,1f], start_interpolation: 0, interpolation_duration: 1 }
$data merge entity $(bone_ear_right_1) { transformation: [-0.5902644997592656f,0.5077246652142023f,0.6275376360482852f,0.547220623027897f,0.806520547657422f,0.3388297399560143f,0.48447808364023204f,0.8618833802285785f,0.03335305878500272f,0.7920922115855362f,-0.6094895420064388f,-0.24019649044897778f,0f,0f,0f,1f], start_interpolation: 0, interpolation_duration: 1 }
$data merge entity $(bone_ear_edge_a3) { transformation: [-0.7389347903467012f,0.35837265363717846f,0.5705649978226176f,0.3673120672302838f,0.6679361003365208f,0.5008825056066372f,0.5504344479086116f,1.1261602355269953f,-0.08852537197051374f,0.7878361229991069f,-0.6094895420064388f,-0.13654730863881964f,0f,0f,0f,1f], start_interpolation: 0, interpolation_duration: 1 }
$data merge entity $(bone_ear_edge_a4) { transformation: [-0.6737754425287694f,0.46955536021308225f,0.5705649978226176f,0.4496527887305573f,0.7380679853775505f,0.3902275842585526f,0.5504344479086116f,1.045078338527137f,0.03580924469861078f,0.7919849721925895f,-0.6094895420064388f,-0.13269086121680373f,0f,0f,0f,1f], start_interpolation: 0, interpolation_duration: 1 }
$data merge entity $(bone_ear_edge_b3) { transformation: [-0.737555754288455f,0.10444788693630996f,0.6671597621488635f,0.4828733268822582f,0.6509128076677461f,0.3729986740786885f,0.6611992936699433f,1.0461736921120368f,-0.17978883761257303f,0.9219341777209913f,-0.34309378574937766f,-0.16310560454236656f,0f,0f,0f,1f], start_interpolation: 0, interpolation_duration: 1 }
$data merge entity $(bone_ear_edge_b4) { transformation: [-0.6691810341571494f,0.3272531058582026f,0.6671597621488635f,0.46557626648337114f,0.7343177964420208f,0.15359970012634372f,0.6611992936699433f,1.0692285812639672f,0.11390398304231053f,0.9323693135379658f,-0.34309378574937766f,-0.15230979921115356f,0f,0f,0f,1f], start_interpolation: 0, interpolation_duration: 1 }
$data merge entity $(bone_ear_left_2) { transformation: [-0.712135969732095f,0.21854109998625096f,0.6671597621488635f,0.47583385582762094f,0.7012488389176932f,0.26658124458962784f,0.6611992936699433f,1.1530151234532193f,-0.03335305878500254f,0.9387088087633164f,-0.34309378574937766f,-0.06197574284223242f,0f,0f,0f,1f], start_interpolation: 0, interpolation_duration: 1 }
$data merge entity $(bone_ear_left_1) { transformation: [-0.712135969732095f,0.40904516116610534f,0.5705649978226176f,0.3837986945652474f,0.7012488389176932f,0.45306951395136813f,0.5504344479086116f,1.0510744828141616f,-0.03335305878500254f,0.7920922115855362f,-0.6094895420064388f,-0.24019649044897778f,0f,0f,0f,1f], start_interpolation: 0, interpolation_duration: 1 }
$data merge entity $(bone_head) { transformation: [-0.6536877138505985f,0.6991591496482535f,0.2896012020415471f,0.09814055703804374f,0.7567644103423323f,0.6039286994806626f,0.25015545803123584f,0.6391481149740542f,8.798179787487882e-17f,0.38268343236508995f,-0.9238795325112867f,-0.40745051414510874f,0f,0f,0f,1f], start_interpolation: 0, interpolation_duration: 1 }
$data merge entity $(bone_body_1) { transformation: [-0.6536877138505985f,0.2896012020415468f,0.6991591496482537f,-0.010459893727536316f,0.7567644103423323f,0.25015545803123546f,0.6039286994806629f,0.5453398182123409f,8.798179787487882e-17f,0.9238795325112868f,-0.3826834323650895f,-0.7539053388368413f,0f,0f,0f,1f], start_interpolation: 0, interpolation_duration: 1 }
$data merge entity $(bone_leg_left_2) { transformation: [-0.6569487106624261f,-0.15464477066318075f,0.7379047272280537f,0.001994213294573166f,0.7489192006867059f,-0.021142092219184117f,0.662323971164702f,0.33455057378130604f,-0.0868240888334651f,0.9877438973960444f,0.1297057082595473f,-1.403657798789991f,0f,0f,0f,1f], start_interpolation: 0, interpolation_duration: 1 }
$data merge entity $(bone_leg_left_1) { transformation: [-0.6569487106624261f,0.16528335205848957f,0.7355948647803935f,0.06720956043720197f,0.7489192006867059f,0.2554227901864898f,0.6114566453119419f,0.430735549187856f,-0.0868240888334651f,0.9525967729242303f,-0.2915835485972773f,-1.0674419274690377f,0f,0f,0f,1f], start_interpolation: 0, interpolation_duration: 1 }
$data merge entity $(bone_leg_right_2) { transformation: [-0.6407771659508472f,-0.20650056846310602f,0.739433660865134f,-0.2905582835235044f,0.7580668211970173f,-0.3224939548045611f,0.566861838294626f,0.480578508948036f,0.12140559376013021f,0.9237722470062235f,0.363187991906151f,-0.987339774053836f,0f,0f,0f,1f], start_interpolation: 0, interpolation_duration: 1 }
$data merge entity $(bone_leg_right_1) { transformation: [-0.6407771659508472f,0.7019157045822749f,-0.31099673190689436f,-0.03981673449261725f,0.7580668211970173f,0.6425359106349109f,-0.11172420572469942f,0.7016761789839571f,0.12140559376013021f,-0.30734662387170286f,-0.9438213467592349f,-1.0444816940362636f,0f,0f,0f,1f], start_interpolation: 0, interpolation_duration: 1 }
$data merge entity $(bone_skirt_forward_right) { transformation: [-0.44910933912676815f,0.7494518720875666f,0.4864387864197912f,-0.0018776629043280113f,0.8723186298981394f,0.2500139790084891f,0.4201823630674848f,0.5527530881413845f,0.1932899620822315f,0.6130374390889878f,-0.7660444431189779f,-0.8609259910169522f,0f,0f,0f,1f], start_interpolation: 0, interpolation_duration: 1 }
$data merge entity $(bone_skirt_forward_left) { transformation: [-0.7977567672635766f,0.3563164988484372f,0.4864387864197912f,-0.0018776629043280113f,0.571159461834799f,0.7051408731052308f,0.4201823630674848f,0.5527530881413845f,-0.19328996208223134f,0.6130374390889878f,-0.7660444431189779f,-0.8609259910169522f,0f,0f,0f,1f], start_interpolation: 0, interpolation_duration: 1 }
$data merge entity $(bone_skirt_forward) { transformation: [-0.6536877138505985f,0.5797151712929537f,0.4864387864197912f,-0.0018776629043280113f,0.7567644103423323f,0.5007538407303995f,0.4201823630674848f,0.5527530881413845f,8.798179787487882e-17f,0.6427876096865394f,-0.7660444431189779f,-0.8609259910169522f,0f,0f,0f,1f], start_interpolation: 0, interpolation_duration: 1 }
$data merge entity $(bone_skirt_back_right) { transformation: [-0.769708017375424f,-0.2673572294903867f,0.5797151712929536f,-0.00742009098019259f,0.5953877724426664f,-0.628298489111277f,0.5007538407303994f,0.5479655781996122f,0.23035400672389794f,0.730589570429055f,0.6427876096865395f,-0.8370719035353213f,0f,0f,0f,1f], start_interpolation: 0, interpolation_duration: 1 }
$data merge entity $(bone_skirt_back_left) { transformation: [-0.47715808901492074f,-0.6604926027295162f,0.5797151712929536f,-0.00742009098019259f,0.848090319290272f,-0.1731715950145353f,0.5007538407303994f,0.5479655781996122f,-0.23035400672389778f,0.730589570429055f,0.6427876096865395f,-0.8370719035353213f,0f,0f,0f,1f], start_interpolation: 0, interpolation_duration: 1 }
$data merge entity $(bone_skirt_back) { transformation: [-0.6536877138505985f,-0.4864387864197913f,0.5797151712929536f,-0.00742009098019259f,0.7567644103423323f,-0.4201823630674849f,0.5007538407303994f,0.5479655781996122f,8.798179787487882e-17f,0.7660444431189778f,0.6427876096865395f,-0.8370719035353213f,0f,0f,0f,1f], start_interpolation: 0, interpolation_duration: 1 }
$data merge entity $(bone_skirt_right) { transformation: [-0.5331319842022015f,0.38396374392297605f,0.7538846932875576f,-0.12012980724213036f,0.6838635231492446f,-0.3290424531471178f,0.6512002347456803f,0.6901142334189059f,0.4980973490458728f,0.862729915662821f,-0.08715574274765794f,-0.7499048674522936f,0f,0f,0f,1f], start_interpolation: 0, interpolation_duration: 1 }
$data merge entity $(bone_skirt_left) { transformation: [-0.5990883484705809f,-0.2697239699276224f,0.7538846932875576f,0.1168319890287116f,0.6268908849235774f,0.42772195719521444f,0.6512002347456803f,0.41578713466981043f,-0.49809734904587266f,0.862729915662821f,-0.08715574274765794f,-0.7499048674522937f,0f,0f,0f,1f], start_interpolation: 0, interpolation_duration: 1 }
$data merge entity $(bone_coat_downer) { transformation: [-0.6536877138505985f,-0.20859254104317118f,0.7274486405114322f,-0.019844060405673734f,0.7567644103423323f,-0.1801807529758384f,0.6283649604300687f,0.5475573981022518f,8.798179787487882e-17f,0.9612616959383188f,0.27563735581699944f,-0.9475872528548744f,0f,0f,0f,1f], start_interpolation: 0, interpolation_duration: 1 }
$data merge entity $(bone_body_2) { transformation: [-0.6536877138505985f,0.06595636426837942f,0.7538846932875576f,8.878689293818312e-17f,0.7567644103423323f,0.05697263822566734f,0.6512002347456803f,0.5543749999999998f,8.798179787487882e-17f,0.9961946980917455f,-0.08715574274765794f,-0.7250000000000001f,0f,0f,0f,1f], start_interpolation: 0, interpolation_duration: 1 }
$data merge entity $(bone_book_left) { transformation: [-2.6761251008103836e-16f,-0.7567644103423322f,0.6536877138505988f,-0.3057025177835949f,-5.400915040924385e-17f,-0.6536877138505988f,-0.7567644103423322f,1.3433140831178096f,1f,-2.378247414497402e-16f,1.3406280705015255e-16f,0.18125000000000013f,0f,0f,0f,1f], start_interpolation: 0, interpolation_duration: 1 }
$data merge entity $(bone_book_right) { transformation: [-2.6761251008103836e-16f,-0.7567644103423322f,0.6536877138505988f,-0.3057025177835949f,-5.400915040924385e-17f,-0.6536877138505988f,-0.7567644103423322f,1.3433140831178096f,1f,-2.378247414497402e-16f,1.3406280705015255e-16f,0.27500000000000013f,0f,0f,0f,1f], start_interpolation: 0, interpolation_duration: 1 }
$data merge entity $(bone_book_loot_1) { transformation: [-2.6761251008103836e-16f,-0.7567644103423322f,0.6536877138505988f,-0.40375567486118474f,-5.400915040924385e-17f,-0.6536877138505988f,-0.7567644103423322f,1.4568287446691595f,1f,-2.378247414497402e-16f,1.3406280705015255e-16f,0.2281250000000001f,0f,0f,0f,1f], start_interpolation: 0, interpolation_duration: 1 }
$data merge entity $(bone_book_left2) { transformation: [-2.6761251008103836e-16f,0.7567644103423324f,-0.6536877138505983f,0.7361122761657964f,-5.400915040924385e-17f,0.6536877138505983f,0.7567644103423324f,0.1372208041347176f,1f,2.378247414497402e-16f,-1.3406280705015245e-16f,0.2749999999999999f,0f,0f,0f,1f], start_interpolation: 0, interpolation_duration: 1 }
$data merge entity $(bone_book_right2) { transformation: [-2.6761251008103836e-16f,0.7567644103423324f,-0.6536877138505983f,0.7361122761657964f,-5.400915040924385e-17f,0.6536877138505983f,0.7567644103423324f,0.1372208041347176f,1f,2.378247414497402e-16f,-1.3406280705015245e-16f,0.1812499999999999f,0f,0f,0f,1f], start_interpolation: 0, interpolation_duration: 1 }
$data merge entity $(bone_book_loot_2) { transformation: [-2.6761251008103836e-16f,0.7567644103423324f,-0.6536877138505983f,0.8341654332433862f,-5.400915040924385e-17f,0.6536877138505983f,0.7567644103423324f,0.023706142583367715f,1f,2.378247414497402e-16f,-1.3406280705015245e-16f,0.22812499999999994f,0f,0f,0f,1f], start_interpolation: 0, interpolation_duration: 1 }
$data merge entity $(bone_air_staff_povit_1) { transformation: [-0.000010213870528915604f,-1.9135106236677393e-21f,0.000011824443911598944f,-0.5249935231850701f,0.000011824443911598944f,-3.469446951953614e-21f,0.000010213870528915604f,0.11042664385935913f,1.3747155917949817e-21f,0.000015625f,3.716011585152191e-21f,-0.5588775000000004f,0f,0f,0f,1f], start_interpolation: 0, interpolation_duration: 1 }