# This file was generated by Animated Java via MC-Build. It is not recommended to edit this file directly.
$data merge entity $(bone_wing_right_1) { transformation: [-0.682979061997841f,-0.12042763588917925f,-0.4312554113644684f,0.04007978184734133f,-0.32993258952526383f,0.6671155521440832f,0.3362227994962464f,1.7078146864422823f,0.302702051010804f,0.4554102206210161f,-0.606561986702278f,-0.5164001925789152f,0f,0f,0f,1f], start_interpolation: 0, interpolation_duration: 1 }
$data merge entity $(bone_wing_right_2) { transformation: [-0.663258159249548f,0.1470407938600054f,-0.4224542805202956f,0.04007978184734133f,-0.048513205510735485f,0.7274391578003412f,0.3293611097106087f,1.7078146864422823f,0.44467413133661643f,0.29868256835602225f,-0.5941831706471296f,-0.5164001925789152f,0f,0f,0f,1f], start_interpolation: 0, interpolation_duration: 1 }
$data merge entity $(bone_wing_left_1) { transformation: [-0.6829790619978432f,0.12042763588917872f,0.4312554113644652f,-0.04007978184734279f,0.3299325895252616f,0.6671155521440837f,0.3362227994962477f,1.707814686442282f,-0.3027020510108017f,0.45541022062101566f,-0.6065619867022797f,-0.5164001925789151f,0f,0f,0f,1f], start_interpolation: 0, interpolation_duration: 1 }
$data merge entity $(bone_wing_left_2) { transformation: [-0.6632581592495498f,-0.14704079386000668f,0.4224542805202925f,-0.04007978184734279f,0.048513205510733376f,0.7274391578003407f,0.32936110971061006f,1.707814686442282f,-0.44467413133661415f,0.29868256835602275f,-0.5941831706471311f,-0.5164001925789151f,0f,0f,0f,1f], start_interpolation: 0, interpolation_duration: 1 }
$data merge entity $(bone_staff) { transformation: [0.7859429217562269f,-0.05839967521979309f,1.3491810299865277f,-0.823703579635094f,1.225606757582743f,-0.6246752808584374f,-0.7409960318732806f,1.5535342617791459f,0.5670873385192098f,1.431005423266682f,-0.26840581042992373f,0.25443667799113884f,0f,0f,0f,1f], start_interpolation: 0, interpolation_duration: 1 }
$data merge entity $(bone_arm_right_2) { transformation: [-0.7393070546333983f,0.09646234358589229f,-0.6664233603642706f,-0.5974203344280601f,-0.2243413446850243f,0.897859885088177f,0.3788384719301363f,1.6260712027571413f,0.6348984485996201f,0.42958426765811947f,-0.6421536552464939f,0.04192089790240368f,0f,0f,0f,1f], start_interpolation: 0, interpolation_duration: 1 }
$data merge entity $(bone_arm_right_1) { transformation: [-0.8586599514355852f,-0.14194187400993458f,-0.49249933218552316f,-0.29843750000000013f,-0.3764769698923303f,0.826707338565229f,0.4181148974900144f,1.7609784498961232f,0.34780480005504216f,0.5444331738284724f,-0.7632983298119607f,-0.08246300158283176f,0f,0f,0f,1f], start_interpolation: 0, interpolation_duration: 1 }
$data merge entity $(bone_arm_left_2) { transformation: [-0.4596177465530412f,0.269419304872374f,0.8462651861063358f,0.526544736579216f,0.6972231351198098f,0.6996931227873496f,0.1559148286013574f,1.6088603757469624f,-0.5501194660318866f,0.6616968883757682f,-0.5094367487790984f,0.10269007677328873f,0f,0f,0f,1f], start_interpolation: 0, interpolation_duration: 1 }
$data merge entity $(bone_arm_left_1) { transformation: [-0.6713009639996517f,0.13864168628382173f,0.7281026703408776f,0.2984374999999999f,0.49546792326541067f,0.8145430927275887f,0.30171358455468367f,1.760978449896124f,-0.5512409207852766f,0.5632921381611441f,-0.6154960717483476f,-0.08246300158283282f,0f,0f,0f,1f], start_interpolation: 0, interpolation_duration: 1 }
$data merge entity $(bone_himo_right_2) { transformation: [-1f,-2.2161570450610506e-15f,-8.040610460774056e-16f,-0.15624999999999922f,-1.5906889472001094e-15f,0.8860013438466965f,-0.4636826702625926f,1.3200919600281198f,1.7399927837345257e-15f,-0.4636826702625926f,-0.8860013438466965f,-0.0009385602903294876f,0f,0f,0f,1f], start_interpolation: 0, interpolation_duration: 1 }
$data merge entity $(bone_himo_right_1) { transformation: [-1f,-1.7397612938186317e-15f,-1.5909421280245674e-15f,-0.15624999999999956f,-1.5906889472001094e-15f,0.9960021831417569f,-0.08932889329245325f,1.5062840637841215f,1.7399927837345257e-15f,-0.08932889329245325f,-0.9960021831417569f,-0.023912741427300432f,0f,0f,0f,1f], start_interpolation: 0, interpolation_duration: 1 }
$data merge entity $(bone_himo_left_2) { transformation: [-1f,-2.205442347602793e-15f,-8.33000759659377e-16f,0.15625000000000072f,-1.5906889472001094e-15f,0.8919948565893145f,-0.4520455461767191f,1.3187221645976788f,1.7399927837345257e-15f,-0.4520455461767191f,-0.8919948565893145f,-0.027893504366053787f,0f,0f,0f,1f], start_interpolation: 0, interpolation_duration: 1 }
$data merge entity $(bone_himo_left_1) { transformation: [-1f,-1.4934687197763209e-15f,-1.8241209930381526e-15f,0.15625000000000044f,-1.5906889472001094e-15f,0.9985129789397631f,0.05451450163800692f,1.506284063784122f,1.7399927837345257e-15f,0.05451450163800692f,-0.9985129789397631f,-0.023912741427300988f,0f,0f,0f,1f], start_interpolation: 0, interpolation_duration: 1 }
$data merge entity $(bone_ponpon1) { transformation: [-1f,-1.1152529217668421e-15f,-2.0770356604264984e-15f,0.2937499999999994f,-1.5906889472001094e-15f,0.9694453498951389f,0.245307385878803f,2.2556823089587636f,1.7399927837345257e-15f,0.245307385878803f,-0.9694453498951389f,0.03822518765197916f,0f,0f,0f,1f], start_interpolation: 0, interpolation_duration: 1 }
$data merge entity $(bone_ponpon2) { transformation: [-1f,-1.1152529217668421e-15f,-2.0770356604264984e-15f,0.33124999999999927f,-1.5906889472001094e-15f,0.9694453498951389f,0.245307385878803f,2.157499207648009f,1.7399927837345257e-15f,0.245307385878803f,-0.9694453498951389f,-0.08332373713554055f,0f,0f,0f,1f], start_interpolation: 0, interpolation_duration: 1 }
$data merge entity $(bone_ponpon3) { transformation: [-1f,-1.1152529217668421e-15f,-2.0770356604264984e-15f,-0.2937500000000006f,-1.5906889472001094e-15f,0.9694453498951389f,0.245307385878803f,2.2556823089587628f,1.7399927837345257e-15f,0.245307385878803f,-0.9694453498951389f,0.038225187651980186f,0f,0f,0f,1f], start_interpolation: 0, interpolation_duration: 1 }
$data merge entity $(bone_ponpon4) { transformation: [-1f,-1.1152529217668421e-15f,-2.0770356604264984e-15f,-0.3312500000000007f,-1.5906889472001094e-15f,0.9694453498951389f,0.245307385878803f,2.157499207648008f,1.7399927837345257e-15f,0.245307385878803f,-0.9694453498951389f,-0.08332373713553938f,0f,0f,0f,1f], start_interpolation: 0, interpolation_duration: 1 }
$data merge entity $(bone_ear_edge_a1) { transformation: [-0.987856322562358f,0.15403221098986894f,0.02034610407785644f,0.19433906988853478f,0.14579862296401802f,0.8737645705328008f,0.4639808582510991f,2.3485431913447994f,0.05369029256178987f,0.46131285832849156f,-0.8856115396862366f,0.06460533068474622f,0f,0f,0f,1f], start_interpolation: 0, interpolation_duration: 1 }
$data merge entity $(bone_ear_edge_a2) { transformation: [-0.9997901185031947f,-0.0023989564858684365f,0.02034610407785644f,0.0791540579216767f,0.007316706813981333f,0.8858150083273437f,0.4639808582510991f,2.3583126631959392f,-0.01913595424237569f,0.4640323437324248f,-0.8856115396862366f,0.06707738710492415f,0f,0f,0f,1f], start_interpolation: 0, interpolation_duration: 1 }
$data merge entity $(bone_ear_edge_b1) { transformation: [-0.9712335529981195f,0.23600069071236168f,0.03176569712657516f,0.05691291660261101f,0.21015179200247525f,0.7867303740323199f,0.5804235891942319f,2.3597720584214064f,0.11198932917379895f,0.5704024829523924f,-0.8136949044899743f,0.04814303990071184f,0f,0f,0f,1f], start_interpolation: 0, interpolation_duration: 1 }
$data merge entity $(bone_ear_edge_b2) { transformation: [-0.9966262235377015f,-0.07567767863143136f,0.03176569712657516f,0.08594540160264905f,-0.04324682437188787f,0.8131655239178754f,0.5804235891942319f,2.3675196929133477f,-0.06975587959969107f,0.577091604226162f,-0.8136949044899743f,0.05480296478781371f,0f,0f,0f,1f], start_interpolation: 0, interpolation_duration: 1 }
$data merge entity $(bone_ear_right_2) { transformation: [-0.9961946980917457f,0.08116072929661532f,0.03176569712657516f,0.14406821509349074f,0.0844927295233726f,0.8099194007829272f,0.5804235891942319f,2.470150247950012f,0.021379947417755202f,0.5808988726581124f,-0.8136949044899743f,0.09187522201643554f,0f,0f,0f,1f], start_interpolation: 0, interpolation_duration: 1 }
$data merge entity $(bone_ear_right_1) { transformation: [-0.9961946980917457f,0.08474762263774017f,0.02034610407785644f,0.12499999999999922f,0.0844927295233726f,0.8818065217689558f,0.4639808582510991f,2.271743780551997f,0.021379947417755202f,0.46393436887450745f,-0.8856115396862366f,-0.012510010980328473f,0f,0f,0f,1f], start_interpolation: 0, interpolation_duration: 1 }
$data merge entity $(bone_ear_edge_a3) { transformation: [-0.9878563225623577f,-0.15403221098987013f,-0.020346104077861f,-0.19433906988853633f,-0.14579862296402116f,0.8737645705328003f,0.463980858251099f,2.348543191344799f,-0.053690292561786424f,0.461312858328492f,-0.8856115396862365f,0.06460533068474689f,0f,0f,0f,1f], start_interpolation: 0, interpolation_duration: 1 }
$data merge entity $(bone_ear_edge_a4) { transformation: [-0.9997901185031945f,0.002398956485867229f,-0.020346104077861f,-0.07915405792167826f,-0.007316706813984497f,0.8858150083273437f,0.463980858251099f,2.3583126631959392f,0.019135954242379166f,0.46403234373242475f,-0.8856115396862365f,0.06707738710492443f,0f,0f,0f,1f], start_interpolation: 0, interpolation_duration: 1 }
$data merge entity $(bone_ear_edge_b3) { transformation: [-0.9712335529981192f,-0.2360006907123622f,-0.03176569712657984f,-0.056912916602612634f,-0.21015179200247835f,0.7867303740323193f,0.5804235891942318f,2.359772058421407f,-0.11198932917379555f,0.5704024829523932f,-0.8136949044899742f,0.04814303990071204f,0f,0f,0f,1f], start_interpolation: 0, interpolation_duration: 1 }
$data merge entity $(bone_ear_edge_b4) { transformation: [-0.9966262235377014f,0.0756776786314308f,-0.03176569712657984f,-0.08594540160265066f,0.04324682437188472f,0.8131655239178757f,0.5804235891942318f,2.367519692913348f,0.06975587959969452f,0.5770916042261617f,-0.8136949044899742f,0.05480296478781401f,0f,0f,0f,1f], start_interpolation: 0, interpolation_duration: 1 }
$data merge entity $(bone_ear_left_2) { transformation: [-0.9961946980917454f,-0.08116072929661587f,-0.03176569712657984f,-0.14406821509349255f,-0.08449272952337576f,0.809919400782927f,0.5804235891942318f,2.470150247950012f,-0.021379947417751732f,0.5808988726581126f,-0.8136949044899742f,0.09187522201643604f,0f,0f,0f,1f], start_interpolation: 0, interpolation_duration: 1 }
$data merge entity $(bone_ear_left_1) { transformation: [-0.9961946980917454f,-0.08474762263774137f,-0.020346104077861f,-0.12500000000000078f,-0.08449272952337576f,0.8818065217689556f,0.463980858251099f,2.271743780551997f,-0.021379947417751732f,0.4639343688745077f,-0.8856115396862365f,-0.012510010980328029f,0f,0f,0f,1f], start_interpolation: 0, interpolation_duration: 1 }
$data merge entity $(bone_head) { transformation: [-1f,-1.1152529217668421e-15f,-2.0770356604264984e-15f,-1.3287122784937568e-16f,-1.5906889472001094e-15f,0.9694453498951389f,0.245307385878803f,1.7672371829220257f,1.7399927837345257e-15f,0.245307385878803f,-0.9694453498951389f,-0.10793487905899174f,0f,0f,0f,1f], start_interpolation: 0, interpolation_duration: 1 }
$data merge entity $(bone_body_1) { transformation: [-1f,-5.476826604363314e-16f,-2.293013283356684e-15f,7.250976981424859e-17f,-1.5906889472001094e-15f,0.874619707139396f,0.48480962024633695f,1.4392547927447523f,1.7399927837345257e-15f,0.48480962024633695f,-0.874619707139396f,-0.2897384866513681f,0f,0f,0f,1f], start_interpolation: 0, interpolation_duration: 1 }
$data merge entity $(bone_leg_left_2) { transformation: [-0.993816462056378f,-0.1099207454223104f,0.015692975229300493f,0.15582826048799436f,-0.09990382834092194f,0.9468880192177672f,0.30565062431586976f,0.8654958691468277f,-0.0484568346941008f,0.3021928337794543f,-0.9520144045043497f,-0.3242228781659278f,0f,0f,0f,1f], start_interpolation: 0, interpolation_duration: 1 }
$data merge entity $(bone_leg_left_1) { transformation: [-0.993816462056378f,-0.08000661501455532f,0.07699208595470408f,0.1306250000000002f,-0.09990382834092194f,0.9469127135744819f,-0.3055741120478611f,1.1765818763225593f,-0.0484568346941008f,-0.31137638707025295f,-0.9490504100133483f,-0.44868969337904996f,0f,0f,0f,1f], start_interpolation: 0, interpolation_duration: 1 }
$data merge entity $(bone_leg_right_2) { transformation: [-0.988625510368511f,0.14847393515873528f,0.023981051417332908f,-0.14084045783781549f,0.13532046759141192f,0.8085479518071608f,0.5726592186276988f,1.011195857024631f,0.06563513768891419f,0.5693906393741686f,-0.8194426938435857f,-0.21606891703699216f,0f,0f,0f,1f], start_interpolation: 0, interpolation_duration: 1 }
$data merge entity $(bone_leg_right_1) { transformation: [-0.988625510368511f,0.03133371795561724f,-0.14709792101752805f,-0.13062499999999994f,0.13532046759141192f,0.6121530272272666f,-0.7790744780233367f,1.2165462013132955f,0.06563513768891419f,-0.7901182629047192f,-0.609430192331317f,-0.48557154952143244f,0f,0f,0f,1f], start_interpolation: 0, interpolation_duration: 1 }
$data merge entity $(bone_skirt_forward_right) { transformation: [-0.978147600733806f,0.20791169081775754f,-1.65801827716083e-15f,1.0209992979420123e-16f,0.20765000015819784f,0.9769164429774718f,-0.05015716174729362f,1.3515000685296443f,-0.010428260305497948f,-0.049061107422733036f,-0.9987413374470167f,-0.3529573177418749f,0f,0f,0f,1f], start_interpolation: 0, interpolation_duration: 1 }
$data merge entity $(bone_skirt_forward_left) { transformation: [-0.9781476007338054f,-0.20729892355000107f,0.01595078285574058f,1.087056332590767e-16f,-0.20765000015820095f,0.9701892194635687f,-0.12495741623037021f,1.3345280561599016f,0.01042826030550135f,-0.12553897694215005f,-0.9920338787840457f,-0.36467661291024445f,0f,0f,0f,1f], start_interpolation: 0, interpolation_duration: 1 }
$data merge entity $(bone_skirt_forward) { transformation: [-1f,-1.675959906081721e-15f,-1.65801827716083e-15f,1.0209992979420123e-16f,-1.5906889472001094e-15f,0.9987413374470167f,-0.05015716174729362f,1.3515000685296443f,1.7399927837345257e-15f,-0.05015716174729362f,-0.9987413374470167f,-0.3529573177418749f,0f,0f,0f,1f], start_interpolation: 0, interpolation_duration: 1 }
$data merge entity $(bone_skirt_back_right) { transformation: [-0.9828549916653013f,0.18438021954266282f,-2.3185342840961577e-15f,1.0222555791004371e-16f,0.1563632941520579f,0.8335083044795992f,0.5299192642332045f,1.369899856949843f,0.09770663027920651f,0.5208337940312083f,-0.8480480961564263f,-0.3360641625164922f,0f,0f,0f,1f], start_interpolation: 0, interpolation_duration: 1 }
$data merge entity $(bone_skirt_back_left) { transformation: [-0.9828549916653011f,-0.18438021954266365f,-2.3185342840961577e-15f,1.0222555791004371e-16f,-0.15636329415206102f,0.8335083044795986f,0.5299192642332045f,1.369899856949843f,-0.0977066302792031f,0.520833794031209f,-0.8480480961564263f,-0.3360641625164922f,0f,0f,0f,1f], start_interpolation: 0, interpolation_duration: 1 }
$data merge entity $(bone_skirt_back) { transformation: [-1f,-4.269250375224377e-16f,-2.3185342840961577e-15f,1.0222555791004371e-16f,-1.5906889472001094e-15f,0.8480480961564263f,0.5299192642332045f,1.369899856949843f,1.7399927837345257e-15f,0.5299192642332045f,-0.8480480961564263f,-0.3360641625164922f,0f,0f,0f,1f], start_interpolation: 0, interpolation_duration: 1 }
$data merge entity $(bone_skirt_right) { transformation: [-0.973876979277334f,0.22707626303437214f,-2.183010731397974e-15f,-0.18812499999999993f,0.21304098257250229f,0.9136829442123556f,0.34611705707749263f,1.4118897006472078f,0.0785949678936135f,0.3370754340229886f,-0.9381913359224843f,-0.31776889270268704f,0f,0f,0f,1f], start_interpolation: 0, interpolation_duration: 1 }
$data merge entity $(bone_skirt_left) { transformation: [-0.9738769792773335f,-0.22681475894091674f,0.010894694132007528f,0.18812500000000007f,-0.21304098257250542f,0.9292367832332231f,0.30188166627159274f,1.4165562888353151f,-0.07859496789361013f,0.291674588905077f,-0.9532831505952766f,-0.3228175715258432f,0f,0f,0f,1f], start_interpolation: 0, interpolation_duration: 1 }
$data merge entity $(bone_coat_downer) { transformation: [-1f,-4.036359467574612e-16f,-2.3227019259211944e-15f,-0.007812499999999814f,-1.5906889472001094e-15f,0.8426873999069645f,0.5384031445283728f,1.2577124927820815f,1.7399927837345257e-15f,0.5384031445283728f,-0.8426873999069645f,-0.39047893971294945f,0f,0f,0f,1f], start_interpolation: 0, interpolation_duration: 1 }
$data merge entity $(bone_body_2) { transformation: [-1f,-6.718707211774552e-16f,-2.259746877023465e-15f,3.587832419377008e-17f,-1.5906889472001094e-15f,0.8997482840522217f,0.4364092406733416f,1.4587499999999998f,1.7399927837345257e-15f,0.4364092406733416f,-0.8997482840522217f,-0.2929687499999997f,0f,0f,0f,1f], start_interpolation: 0, interpolation_duration: 1 }
$data merge entity $(bone_book_left) { transformation: [-0.275600046471296f,0.9274312085623421f,-0.2528160749826111f,-0.275987497821656f,-0.4263027794335951f,0.11780475308268007f,0.8968767922063323f,0.9684543854556382f,0.8615744626160942f,0.3549554810616713f,0.36289950651945835f,0.18446944430744214f,0f,0f,0f,1f], start_interpolation: 0, interpolation_duration: 1 }
$data merge entity $(bone_book_right) { transformation: [-0.275600046471296f,0.9274312085623421f,-0.2528160749826111f,-0.30182500217834f,-0.4263027794335951f,0.11780475308268007f,0.8968767922063323f,0.9284884998837387f,0.8615744626160942f,0.3549554810616713f,0.36289950651945835f,0.26524205017770097f,0f,0f,0f,1f], start_interpolation: 0, interpolation_duration: 1 }
$data merge entity $(bone_book_loot_1) { transformation: [-0.275600046471296f,0.9274312085623421f,-0.2528160749826111f,-0.2509838387526063f,-0.4263027794335951f,0.11780475308268007f,0.8968767922063323f,0.8139399238387386f,0.8615744626160942f,0.3549554810616713f,0.36289950651945835f,0.1704208212646528f,0f,0f,0f,1f], start_interpolation: 0, interpolation_duration: 1 }
$data merge entity $(bone_book_left2) { transformation: [-0.911793300046976f,-0.11819327107580012f,-0.3932725882410923f,0.6264660643518548f,-0.21741790081938728f,0.9513884430404784f,0.21815014749549286f,2.406533963071665f,0.3483711158990315f,0.2844123434758355f,-0.8931669409947095f,0.07407466992857664f,0f,0f,0f,1f], start_interpolation: 0, interpolation_duration: 1 }
$data merge entity $(bone_book_right2) { transformation: [-0.5505026018417385f,-0.11819327107580012f,-0.8264243680082761f,0.6979551231481428f,-0.3011550801820285f,0.9513884430404784f,0.06454183240015884f,2.4318860783864205f,0.7786221824775046f,0.2844123434758355f,-0.5593363172837528f,0.0189779620279385f,0f,0f,0f,1f], start_interpolation: 0, interpolation_duration: 1 }
$data merge entity $(bone_book_loot_2) { transformation: [-0.7625499604937384f,-0.11819327107580012f,-0.6360408071998215f,0.7576167148299721f,-0.270422563357388f,0.9513884430404784f,0.14741664653706404f,2.3970975237484833f,0.5876982176068067f,0.2844123434758355f,-0.7574433469906285f,0.16014281802685187f,0f,0f,0f,1f], start_interpolation: 0, interpolation_duration: 1 }
$data merge entity $(bone_air_staff_povit_1) { transformation: [-0.000015625f,-1.2427257400000856e-21f,-3.681516757987881e-20f,-0.007217499999998357f,-2.4854514800001714e-20f,0.000011881343212500489f,0.000010147625755159116f,1.1385750067933897f,2.7187387245851966e-20f,0.000010147625755159116f,-0.000011881343212500489f,0.33769828475875246f,0f,0f,0f,1f], start_interpolation: 0, interpolation_duration: 1 }