# This file was generated by Animated Java via MC-Build. It is not recommended to edit this file directly.
$data merge entity $(bone_wing_right_1) { transformation: [-0.658810948691139f,-0.11616614544038785f,-0.4684207563533543f,0.043084795571100926f,0.4810635178630669f,-0.09466133318441744f,-0.6531168105518367f,1.9071977520731258f,0.038606607081385975f,-0.8028007866822975f,0.14479251098172208f,-0.7460675212722079f,0f,0f,0f,1f], start_interpolation: 0, interpolation_duration: 1 }
$data merge entity $(bone_wing_right_2) { transformation: [-0.6397878960507788f,0.1418375617780138f,-0.45886114908083686f,0.043084795571100926f,0.3998884056453522f,-0.2660088552987212f,-0.6397878960507788f,1.9071977520731258f,-0.2660088552987213f,-0.7410272565645153f,0.1418375617780135f,-0.7460675212722079f,0f,0f,0f,1f], start_interpolation: 0, interpolation_duration: 1 }
$data merge entity $(bone_wing_left_1) { transformation: [-0.658810948691139f,0.11616614544038806f,0.4684207563533543f,-0.04308479557110073f,-0.4810635178630669f,-0.09466133318441744f,-0.6531168105518367f,1.9071977520731258f,-0.038606607081386135f,-0.8028007866822974f,0.14479251098172222f,-0.7460675212722078f,0f,0f,0f,1f], start_interpolation: 0, interpolation_duration: 1 }
$data merge entity $(bone_wing_left_2) { transformation: [-0.6397878960507788f,-0.14183756177801363f,0.45886114908083686f,-0.04308479557110073f,-0.3998884056453522f,-0.2660088552987212f,-0.6397878960507788f,1.9071977520731258f,0.2660088552987212f,-0.7410272565645154f,0.1418375617780136f,-0.7460675212722078f,0f,0f,0f,1f], start_interpolation: 0, interpolation_duration: 1 }
$data merge entity $(bone_staff) { transformation: [1.467349107095965f,-0.5284363650391286f,-0.09512021871771587f,-0.7141802771530301f,0.28057741100678474f,0.5186431634691963f,1.4469595140913218f,2.2423369284747943f,-0.45778724789732095f,-1.3759253348532026f,0.5819506496015787f,-1.4958624128581706f,0f,0f,0f,1f], start_interpolation: 0, interpolation_duration: 1 }
$data merge entity $(bone_arm_right_2) { transformation: [-0.5154175776574486f,0.8327100129990415f,-0.20233327678081972f,-0.5572066202615259f,0.03642439258999667f,-0.21460969977898472f,-0.9760204610484473f,2.21851775730775f,-0.856164694592213f,-0.510427968485182f,0.08028265517477828f,-1.2263384298774964f,0f,0f,0f,1f], start_interpolation: 0, interpolation_duration: 1 }
$data merge entity $(bone_arm_right_1) { transformation: [-0.7912401152362237f,0.5735764363510462f,-0.21201214989665462f,-0.29843749999999986f,0.1327694646459036f,-0.17729695222251693f,-0.9751605303693575f,2.1757282138831013f,-0.5969182098902724f,-0.7997348700634734f,0.06413102451974198f,-1.0312608719099385f,0f,0f,0f,1f], start_interpolation: 0, interpolation_duration: 1 }
$data merge entity $(bone_arm_left_2) { transformation: [-0.5372041583506089f,-0.8433914458128856f,0.010127259277037509f,0.5617414539159407f,0.1641092341098382f,-0.11629291979968032f,-0.9795632272009537f,2.125643827314423f,0.8273329750050437f,-0.5245634622561084f,0.20088136433026388f,-1.2254128843879744f,0f,0f,0f,1f], start_interpolation: 0, interpolation_duration: 1 }
$data merge entity $(bone_arm_left_1) { transformation: [-0.8191520442889919f,-0.5735764363510459f,-2.6506208041798622e-17f,0.2984375000000002f,0.1241446624478131f,-0.17729695222251693f,-0.9762960071199334f,2.1757282138831013f,0.5599803845876068f,-0.7997348700634737f,0.21643961393810263f,-1.0312608719099383f,0f,0f,0f,1f], start_interpolation: 0, interpolation_duration: 1 }
$data merge entity $(bone_himo_right_2) { transformation: [-1f,-5.341834311772682e-18f,-1.223481206754078e-16f,-0.1562499999999999f,0f,-0.9990482215818575f,0.043619387365335716f,2.583474284174838f,-1.2246467991473532e-16f,0.043619387365335716f,0.9990482215818575f,-0.8622213830802934f,0f,0f,0f,1f], start_interpolation: 0, interpolation_duration: 1 }
$data merge entity $(bone_himo_right_1) { transformation: [-1f,4.188538737676996e-17f,-1.1507915602278503e-16f,-0.1562499999999999f,0f,-0.9396926207859081f,-0.3420201433256689f,2.4051442918816948f,-1.2246467991473532e-16f,-0.3420201433256689f,0.9396926207859081f,-0.9204770810739444f,0f,0f,0f,1f], start_interpolation: 0, interpolation_duration: 1 }
$data merge entity $(bone_himo_left_2) { transformation: [-1f,-2.1265768495757664e-17f,-1.2060416625018979e-16f,0.1562500000000001f,0f,-0.9848077530122079f,0.17364817766693003f,2.583474284174838f,-1.2246467991473532e-16f,0.17364817766693003f,0.9848077530122079f,-0.8622213830802934f,0f,0f,0f,1f], start_interpolation: 0, interpolation_duration: 1 }
$data merge entity $(bone_himo_left_1) { transformation: [-1f,4.188538737676996e-17f,-1.1507915602278503e-16f,0.1562500000000001f,0f,-0.9396926207859081f,-0.3420201433256689f,2.4051442918816948f,-1.2246467991473532e-16f,-0.3420201433256689f,0.9396926207859081f,-0.9204770810739444f,0f,0f,0f,1f], start_interpolation: 0, interpolation_duration: 1 }
$data merge entity $(bone_ponpon1) { transformation: [-1f,1.1099069304367547e-16f,-5.175581015019656e-17f,0.2937500000000002f,0f,-0.42261826174069916f,-0.90630778703665f,1.9738569686115723f,-1.2246467991473532e-16f,-0.90630778703665f,0.42261826174069916f,-1.5311399631186826f,0f,0f,0f,1f], start_interpolation: 0, interpolation_duration: 1 }
$data merge entity $(bone_ponpon2) { transformation: [-1f,1.1099069304367547e-16f,-5.175581015019656e-17f,0.33125000000000016f,0f,-0.42261826174069916f,-0.90630778703665f,1.9417178962944737f,-1.2246467991473532e-16f,-0.90630778703665f,0.42261826174069916f,-1.3782310277009109f,0f,0f,0f,1f], start_interpolation: 0, interpolation_duration: 1 }
$data merge entity $(bone_ponpon3) { transformation: [-1f,1.1099069304367547e-16f,-5.175581015019656e-17f,-0.29374999999999984f,0f,-0.42261826174069916f,-0.90630778703665f,1.9738569686115723f,-1.2246467991473532e-16f,-0.90630778703665f,0.42261826174069916f,-1.5311399631186826f,0f,0f,0f,1f], start_interpolation: 0, interpolation_duration: 1 }
$data merge entity $(bone_ponpon4) { transformation: [-1f,1.1099069304367547e-16f,-5.175581015019656e-17f,-0.3312499999999998f,0f,-0.42261826174069916f,-0.90630778703665f,1.9417178962944737f,-1.2246467991473532e-16f,-0.90630778703665f,0.42261826174069916f,-1.3782310277009109f,0f,0f,0f,1f], start_interpolation: 0, interpolation_duration: 1 }
$data merge entity $(bone_ear_edge_a1) { transformation: [-0.9876883405951377f,0.15643446504023098f,-5.175581015019656e-17f,0.19523827377799108f,-0.06611206169163855f,-0.41741512964387273f,-0.90630778703665f,1.9089073751320969f,-0.14177777382687395f,-0.8951496342466803f,0.42261826174069916f,-1.6186641561882396f,0f,0f,0f,1f], start_interpolation: 0, interpolation_duration: 1 }
$data merge entity $(bone_ear_edge_a2) { transformation: [-1f,1.1102230246251565e-16f,-5.175581015019656e-17f,0.08005326181113298f,6.938893903907228e-18f,-0.42261826174069916f,-0.90630778703665f,1.9046484891491993f,-1.1102230246251565e-16f,-0.9063077870366502f,0.42261826174069916f,-1.6277973666522243f,0f,0f,0f,1f], start_interpolation: 0, interpolation_duration: 1 }
$data merge entity $(bone_ear_edge_b1) { transformation: [-0.9711179668535092f,0.23673047290796967f,-0.029809019626209243f,0.059288902645004055f,-0.146759592255558f,-0.6911464785766412f,-0.7076568145874741f,1.9349500824652708f,-0.1881263313183167f,-0.6828434874463383f,0.7059272307517493f,-1.65698808201457f,0f,0f,0f,1f], start_interpolation: 0, interpolation_duration: 1 }
$data merge entity $(bone_ear_edge_b2) { transformation: [-0.9967418096823116f,-0.07494789643582332f,-0.029809019626209243f,0.088330623632823f,0.07399934093911448f,-0.7026705702592688f,-0.7076568145874741f,1.9271660829938848f,0.03209146883218848f,-0.7075569818123197f,0.7059272307517493f,-1.6635648151926097f,0f,0f,0f,1f], start_interpolation: 0, interpolation_duration: 1 }
$data merge entity $(bone_ear_right_2) { transformation: [-0.9961946980917455f,0.08189960831908943f,-0.029809019626209243f,0.1446100421182233f,-0.036833608500734846f,-0.7055955768375564f,-0.7076568145874741f,1.8296614192331728f,-0.07898992833716577f,-0.7038659930018327f,0.7059272307517493f,-1.7146638575623616f,0f,0f,0f,1f], start_interpolation: 0, interpolation_duration: 1 }
$data merge entity $(bone_ear_right_1) { transformation: [-0.9961946980917455f,0.08715574274765829f,-5.175581015019656e-17f,0.1250000000000002f,-0.036833608500734846f,-0.4210100716628341f,-0.90630778703665f,1.9243886853573104f,-0.07898992833716577f,-0.9028590122851736f,0.42261826174069916f,-1.5115205797981979f,0f,0f,0f,1f], start_interpolation: 0, interpolation_duration: 1 }
$data merge entity $(bone_ear_edge_a3) { transformation: [-0.9876883405951377f,-0.15643446504023076f,-5.175581015019656e-17f,-0.1952382737779907f,0.06611206169163855f,-0.41741512964387273f,-0.90630778703665f,1.9089073751320969f,0.14177777382687373f,-0.8951496342466803f,0.42261826174069916f,-1.6186641561882396f,0f,0f,0f,1f], start_interpolation: 0, interpolation_duration: 1 }
$data merge entity $(bone_ear_edge_a4) { transformation: [-1f,1.1102230246251565e-16f,-5.175581015019656e-17f,-0.08005326181113259f,-6.938893903907228e-18f,-0.42261826174069916f,-0.90630778703665f,1.9046484891491993f,-1.3877787807814457e-16f,-0.9063077870366502f,0.42261826174069916f,-1.6277973666522243f,0f,0f,0f,1f], start_interpolation: 0, interpolation_duration: 1 }
$data merge entity $(bone_ear_edge_b3) { transformation: [-0.9711179668535093f,-0.2367304729079695f,0.02980901962620907f,-0.059288902645003624f,0.146759592255558f,-0.6911464785766412f,-0.7076568145874741f,1.9349500824652708f,0.18812633131831646f,-0.6828434874463384f,0.7059272307517493f,-1.65698808201457f,0f,0f,0f,1f], start_interpolation: 0, interpolation_duration: 1 }
$data merge entity $(bone_ear_edge_b4) { transformation: [-0.9967418096823115f,0.0749478964358235f,0.02980901962620907f,-0.08833062363282257f,-0.07399934093911448f,-0.7026705702592688f,-0.7076568145874741f,1.9271660829938848f,-0.03209146883218873f,-0.7075569818123196f,0.7059272307517493f,-1.6635648151926097f,0f,0f,0f,1f], start_interpolation: 0, interpolation_duration: 1 }
$data merge entity $(bone_ear_left_2) { transformation: [-0.9961946980917455f,-0.08189960831908925f,0.02980901962620907f,-0.14461004211822284f,0.036833608500734846f,-0.7055955768375564f,-0.7076568145874741f,1.8296614192331728f,0.07898992833716552f,-0.7038659930018327f,0.7059272307517493f,-1.7146638575623616f,0f,0f,0f,1f], start_interpolation: 0, interpolation_duration: 1 }
$data merge entity $(bone_ear_left_1) { transformation: [-0.9961946980917455f,-0.08715574274765807f,-5.175581015019656e-17f,-0.12499999999999982f,0.036833608500734846f,-0.4210100716628341f,-0.90630778703665f,1.9243886853573104f,0.07898992833716552f,-0.9028590122851736f,0.42261826174069916f,-1.5115205797981979f,0f,0f,0f,1f], start_interpolation: 0, interpolation_duration: 1 }
$data merge entity $(bone_head) { transformation: [-1f,1.1099069304367547e-16f,-5.175581015019656e-17f,1.298425228718314e-16f,0f,-0.42261826174069916f,-0.90630778703665f,2.169302662844314f,-1.2246467991473532e-16f,-0.90630778703665f,0.42261826174069916f,-1.0602446596213113f,0f,0f,0f,1f], start_interpolation: 0, interpolation_duration: 1 }
$data merge entity $(bone_body_1) { transformation: [-1f,1.1956177801397682e-16f,-2.6506208041798622e-17f,8.500685611659011e-17f,0f,-0.21643961393810263f,-0.9762960071199334f,2.2504675180711025f,-1.2246467991473532e-16f,-0.9762960071199334f,0.21643961393810263f,-0.6941336569513364f,0f,0f,0f,1f], start_interpolation: 0, interpolation_duration: 1 }
$data merge entity $(bone_leg_left_2) { transformation: [-0.9961946980917455f,-0.08508980364211065f,-0.018863955312791707f,0.15519119872772197f,-0.007596123493895991f,0.30038200711210106f,-0.9537887337933759f,2.263782577629367f,0.08682408883346505f,-0.950015986770461f,-0.29988531554376885f,-0.031615109411676445f,0f,0f,0f,1f], start_interpolation: 0, interpolation_duration: 1 }
$data merge entity $(bone_leg_left_1) { transformation: [-0.9961946980917455f,-0.0852511806587945f,0.01812069783914326f,0.12500000000000006f,-0.007596123493895991f,-0.12219374988558909f,-0.9924771969152559f,2.2119152134304927f,0.08682408883346505f,-0.9888381686025168f,0.12108118727968804f,-0.38255807253096247f,0f,0f,0f,1f], start_interpolation: 0, interpolation_duration: 1 }
$data merge entity $(bone_leg_right_2) { transformation: [-0.9961946980917455f,0.0850898036421109f,0.018863955312791787f,-0.1577390813077541f,0.007596123493895991f,0.30038200711210106f,-0.9537887337933759f,2.2692033741678515f,-0.0868240888334653f,-0.950015986770461f,-0.29988531554376885f,-0.03327654698358162f,0f,0f,0f,1f], start_interpolation: 0, interpolation_duration: 1 }
$data merge entity $(bone_leg_right_1) { transformation: [-0.9961946980917455f,0.08525118065879475f,-0.018120697839143288f,-0.12499999999999994f,0.007596123493895991f,-0.12219374988558909f,-0.9924771969152559f,2.214638830391357f,-0.0868240888334653f,-0.9888381686025168f,0.12108118727968804f,-0.4136891568463295f,0f,0f,0f,1f], start_interpolation: 0, interpolation_duration: 1 }
$data merge entity $(bone_skirt_forward_right) { transformation: [-0.9537169507482269f,0.3007057995042732f,-5.175581015019656e-17f,7.234088808379243e-17f,-0.12708376228184307f,-0.4030581999178557f,-0.9063077870366502f,2.220715177095239f,-0.27253200769780445f,-0.8643610990919675f,0.42261826174069916f,-0.5907081791595664f,0f,0f,0f,1f], start_interpolation: 0, interpolation_duration: 1 }
$data merge entity $(bone_skirt_forward_left) { transformation: [-0.9537169507482269f,-0.30070579950427295f,-5.175581015019656e-17f,7.234088808379243e-17f,0.12708376228184307f,-0.4030581999178557f,-0.9063077870366502f,2.220715177095239f,0.2725320076978042f,-0.8643610990919675f,0.42261826174069916f,-0.5907081791595664f,0f,0f,0f,1f], start_interpolation: 0, interpolation_duration: 1 }
$data merge entity $(bone_skirt_forward) { transformation: [-1f,1.1099069304367548e-16f,-5.175581015019656e-17f,7.234088808379243e-17f,0f,-0.42261826174069916f,-0.9063077870366502f,2.220715177095239f,-1.2246467991473532e-16f,-0.9063077870366502f,0.42261826174069916f,-0.5907081791595664f,0f,0f,0f,1f], start_interpolation: 0, interpolation_duration: 1 }
$data merge entity $(bone_skirt_back_right) { transformation: [-0.9537169507482269f,0.3007057995042732f,5.1755810150196606e-17f,7.506204314429489e-17f,0.1270837622818432f,0.403058199917856f,-0.90630778703665f,2.232069978940889f,-0.2725320076978044f,-0.8643610990919673f,-0.42261826174069955f,-0.6129280964646787f,0f,0f,0f,1f], start_interpolation: 0, interpolation_duration: 1 }
$data merge entity $(bone_skirt_back_left) { transformation: [-0.9537169507482269f,-0.30070579950427295f,5.1755810150196606e-17f,7.506204314429489e-17f,-0.1270837622818432f,0.403058199917856f,-0.90630778703665f,2.232069978940889f,0.27253200769780417f,-0.8643610990919673f,-0.42261826174069955f,-0.6129280964646787f,0f,0f,0f,1f], start_interpolation: 0, interpolation_duration: 1 }
$data merge entity $(bone_skirt_back) { transformation: [-1f,1.1099069304367546e-16f,5.1755810150196606e-17f,7.506204314429489e-17f,0f,0.42261826174069955f,-0.90630778703665f,2.232069978940889f,-1.2246467991473532e-16f,-0.90630778703665f,-0.42261826174069955f,-0.6129280964646787f,0f,0f,0f,1f], start_interpolation: 0, interpolation_duration: 1 }
$data merge entity $(bone_skirt_right) { transformation: [-0.9396926207859084f,0.34202014332566877f,1.0673500138323001e-17f,-0.1812499999999999f,0.029809019626209233f,0.08189960831908956f,-0.9961946980917455f,2.239696106431309f,-0.3407186534216101f,-0.9361168066628592f,-0.0871557427476584f,-0.7000951325477065f,0f,0f,0f,1f], start_interpolation: 0, interpolation_duration: 1 }
$data merge entity $(bone_skirt_left) { transformation: [-0.9396926207859084f,-0.34202014332566855f,1.0673500138323001e-17f,0.18125000000000008f,-0.029809019626209233f,0.08189960831908956f,-0.9961946980917455f,2.239696106431309f,0.3407186534216099f,-0.9361168066628592f,-0.0871557427476584f,-0.7000951325477064f,0f,0f,0f,1f], start_interpolation: 0, interpolation_duration: 1 }
$data merge entity $(bone_coat_downer) { transformation: [-1f,1.1829179713786696e-16f,3.169619151431768e-17f,-0.007812499999999939f,0f,0.25881904510252096f,-0.9659258262890682f,2.22240113872982f,-1.2246467991473532e-16f,-0.9659258262890682f,-0.25881904510252096f,-0.5024127471451256f,0f,0f,0f,1f], start_interpolation: 0, interpolation_duration: 1 }
$data merge entity $(bone_body_2) { transformation: [-1f,1.2199866483456202e-16f,1.0673500138323001e-17f,8.878689293818311e-17f,0f,0.0871557427476584f,-0.9961946980917455f,2.2418750000000003f,-1.2246467991473532e-16f,-0.9961946980917455f,-0.0871557427476584f,-0.725f,0f,0f,0f,1f], start_interpolation: 0, interpolation_duration: 1 }
$data merge entity $(bone_book_left) { transformation: [0.7094290141876689f,0.23621937062122667f,-0.6640112068120713f,-0.7763794850400467f,0.6331107128543856f,0.20034179466546737f,0.7476857565710548f,2.177822935334951f,0.3096470556903836f,-0.9508225776944569f,-0.007424732233908201f,-2.1301397057354867f,0f,0f,0f,1f], start_interpolation: 0, interpolation_duration: 1 }
$data merge entity $(bone_book_right) { transformation: [0.7094290141876689f,0.23621937062122667f,-0.6640112068120713f,-0.7098705149599528f,0.6331107128543856f,0.20034179466546737f,0.7476857565710548f,2.2371770646650497f,0.3096470556903836f,-0.9508225776944569f,-0.007424732233908201f,-2.101110294264513f,0f,0f,0f,1f], start_interpolation: 0, interpolation_duration: 1 }
$data merge entity $(bone_book_loot_1) { transformation: [0.7094290141876689f,0.23621937062122667f,-0.6640112068120713f,-0.643523318978189f,0.6331107128543856f,0.20034179466546737f,0.7476857565710548f,2.0953471365143423f,0.3096470556903836f,-0.9508225776944569f,-0.007424732233908201f,-2.1145112901649137f,0f,0f,0f,1f], start_interpolation: 0, interpolation_duration: 1 }
$data merge entity $(bone_book_left2) { transformation: [-0.8860480865196083f,-0.027596889630439658f,-0.46277121783627195f,0.5241860377944363f,0.289604305252252f,-0.8124337527835553f,-0.5060442112280203f,1.8326533453660876f,-0.3620057109415561f,-0.582400042085124f,0.7278475501263602f,-1.7040388253437408f,0f,0f,0f,1f], start_interpolation: 0, interpolation_duration: 1 }
$data merge entity $(bone_book_right2) { transformation: [-0.17396911183936387f,-0.027596889630439658f,-0.9843643430196709f,0.5795639622055642f,0.577634253930455f,-0.8124337527835553f,-0.0793099364785737f,1.7873466546339136f,-0.7975421097421939f,-0.582400042085124f,0.1572792871525565f,-1.6434611746562593f,0f,0f,0f,1f], start_interpolation: 0, interpolation_duration: 1 }
$data merge entity $(bone_book_loot_2) { transformation: [-0.5906978603853643f,-0.027596889630439658f,-0.8064207645013105f,0.6728381146751968f,0.4832713678098553f,-0.8124337527835553f,-0.3261904081870286f,1.8589285612280548f,-0.646161607333138f,-0.582400042085124f,0.49323966607309827f,-1.7477359499109648f,0f,0f,0f,1f], start_interpolation: 0, interpolation_duration: 1 }
$data merge entity $(bone_air_staff_povit_1) { transformation: [-0.000015625f,1.9135106236677393e-21f,4.248847104521534e-37f,-0.0072174999999998915f,0f,3.469446951953614e-21f,-0.000015625f,2.9293750000000003f,-1.9135106236677393e-21f,-0.000015625f,-3.469446951953614e-21f,-0.8911224999999998f,0f,0f,0f,1f], start_interpolation: 0, interpolation_duration: 1 }