# This file was generated by Animated Java via MC-Build. It is not recommended to edit this file directly.
$data merge entity $(bone_wing_right_1) { transformation: [-0.38375954465910717f,-0.06766716182779578f,-0.7177006420072718f,0.07728412397403925f,-0.7078543470825907f,0.18925503114206652f,0.36065107922774753f,0.9238244135722894f,0.13643782336199287f,0.7915479346457993f,-0.14758398273069917f,-0.7493836535276436f,0f,0f,0f,1f], start_interpolation: 0, interpolation_duration: 1 }
$data merge entity $(bone_wing_right_2) { transformation: [-0.37267855392300253f,0.08262084628621864f,-0.7030536901295724f,0.07728412397403925f,-0.5696790645148782f,0.43663638940707605f,0.35329085312105885f,0.9238244135722894f,0.4202100176094248f,0.6652236159401598f,-0.14457206471578696f,-0.7493836535276436f,0f,0f,0f,1f], start_interpolation: 0, interpolation_duration: 1 }
$data merge entity $(bone_wing_left_1) { transformation: [-0.38375954465910705f,0.06766716182779559f,0.7177006420072718f,-0.07728412397403908f,0.7078543470825907f,0.18925503114206652f,0.36065107922774753f,0.9238244135722894f,-0.13643782336199298f,0.7915479346457993f,-0.147583982730699f,-0.7493836535276437f,0f,0f,0f,1f], start_interpolation: 0, interpolation_duration: 1 }
$data merge entity $(bone_wing_left_2) { transformation: [-0.3726785539230024f,-0.0826208462862188f,0.7030536901295724f,-0.07728412397403908f,0.5696790645148782f,0.43663638940707605f,0.35329085312105885f,0.9238244135722894f,-0.42021001760942484f,0.6652236159401598f,-0.1445720647157868f,-0.7493836535276437f,0f,0f,0f,1f], start_interpolation: 0, interpolation_duration: 1 }
$data merge entity $(bone_staff) { transformation: [1.5589720948293535f,0.03719459081894625f,0.09812655072502029f,0.0025541175425066627f,0.09850553653667632f,-0.01496691734865186f,-1.55932001226711f,0.6081119543663778f,-0.03617895541610215f,1.5619855325190724f,-0.017278002954910672f,0.2735378179695962f,0f,0f,0f,1f], start_interpolation: 0, interpolation_duration: 1 }
$data merge entity $(bone_arm_right_2) { transformation: [0.6216649274701341f,0.7825063747639694f,0.034878236872062554f,-0.27861518054441364f,-0.12619845785193667f,0.05611349448009214f,0.9904166925961141f,0.6699806398929613f,0.77305023587691f,-0.6201089010738221f,0.13363488923058486f,-0.013382908821798933f,0f,0f,0f,1f], start_interpolation: 0, interpolation_duration: 1 }
$data merge entity $(bone_arm_right_1) { transformation: [0.060410878340834466f,0.9975640502598245f,0.034878236872062554f,-0.29843749999999997f,-0.13556110293062745f,-0.026418978012144993f,0.9904166925961141f,0.7144616267920735f,0.9889255346841445f,-0.06456007458180799f,0.13363488923058486f,-0.3378740998900338f,0f,0f,0f,1f], start_interpolation: 0, interpolation_duration: 1 }
$data merge entity $(bone_arm_left_2) { transformation: [0.6216649274701344f,-0.7825063747639693f,-0.03487823687206258f,0.2786151805444137f,0.12619845785193667f,0.05611349448009214f,0.9904166925961141f,0.6699806398929613f,-0.7730502358769098f,-0.6201089010738223f,0.13363488923058486f,-0.013382908821798822f,0f,0f,0f,1f], start_interpolation: 0, interpolation_duration: 1 }
$data merge entity $(bone_arm_left_1) { transformation: [0.0604108783408347f,-0.9975640502598245f,-0.03487823687206258f,0.2984375000000001f,0.13556110293062745f,-0.026418978012144993f,0.9904166925961141f,0.7144616267920735f,-0.9889255346841445f,-0.06456007458180824f,0.13363488923058486f,-0.3378740998900337f,0f,0f,0f,1f], start_interpolation: 0, interpolation_duration: 1 }
$data merge entity $(bone_himo_right_2) { transformation: [-1f,2.5994995430283927e-17f,1.196739655864971e-16f,-0.15624999999999994f,0f,0.9772120881695747f,-0.21226524617859338f,0.3052573284847884f,-1.2246467991473532e-16f,-0.21226524617859338f,-0.9772120881695747f,-0.5318828781100233f,0f,0f,0f,1f], start_interpolation: 0, interpolation_duration: 1 }
$data merge entity $(bone_himo_right_1) { transformation: [-1f,-2.1780999689618595e-17f,1.2051218145540066e-16f,-0.15624999999999994f,0f,0.98405664016193f,0.17785535964151755f,0.49087954451290977f,-1.2246467991473532e-16f,0.17785535964151755f,-0.98405664016193f,-0.5046853521782508f,0f,0f,0f,1f], start_interpolation: 0, interpolation_duration: 1 }
$data merge entity $(bone_himo_left_2) { transformation: [-1f,4.1393191676669636e-17f,1.152571104506662e-16f,0.15625000000000006f,0f,0.9411457289637523f,-0.33800106043219313f,0.3052573284847884f,-1.2246467991473532e-16f,-0.33800106043219313f,-0.9411457289637523f,-0.5318828781100233f,0f,0f,0f,1f], start_interpolation: 0, interpolation_duration: 1 }
$data merge entity $(bone_himo_left_1) { transformation: [-1f,-2.1780999689618595e-17f,1.2051218145540066e-16f,0.15625000000000006f,0f,0.98405664016193f,0.17785535964151755f,0.49087954451290977f,-1.2246467991473532e-16f,0.17785535964151755f,-0.98405664016193f,-0.5046853521782508f,0f,0f,0f,1f], start_interpolation: 0, interpolation_duration: 1 }
$data merge entity $(bone_ponpon1) { transformation: [-1f,-5.203627091054546e-17f,1.1085948013743749e-16f,0.29375000000000007f,0f,0.9052363523476497f,0.4249083976439176f,1.198802921015513f,-1.2246467991473532e-16f,0.4249083976439176f,-0.9052363523476497f,-0.1706594221857478f,0f,0f,0f,1f], start_interpolation: 0, interpolation_duration: 1 }
$data merge entity $(bone_ponpon2) { transformation: [-1f,-5.203627091054546e-17f,1.1085948013743749e-16f,0.33125000000000004f,0f,0.9052363523476497f,0.4249083976439176f,1.125483539251174f,-1.2246467991473532e-16f,0.4249083976439176f,-0.9052363523476497f,-0.30863887992382966f,0f,0f,0f,1f], start_interpolation: 0, interpolation_duration: 1 }
$data merge entity $(bone_ponpon3) { transformation: [-1f,-5.203627091054546e-17f,1.1085948013743749e-16f,-0.29374999999999996f,0f,0.9052363523476497f,0.4249083976439176f,1.198802921015513f,-1.2246467991473532e-16f,0.4249083976439176f,-0.9052363523476497f,-0.17065942218574787f,0f,0f,0f,1f], start_interpolation: 0, interpolation_duration: 1 }
$data merge entity $(bone_ponpon4) { transformation: [-1f,-5.203627091054546e-17f,1.1085948013743749e-16f,-0.33124999999999993f,0f,0.9052363523476497f,0.4249083976439176f,1.125483539251174f,-1.2246467991473532e-16f,0.4249083976439176f,-0.9052363523476497f,-0.3086388799238297f,0f,0f,0f,1f], start_interpolation: 0, interpolation_duration: 1 }
$data merge entity $(bone_ear_edge_a1) { transformation: [-0.9885028629039305f,0.14478625334353717f,0.04357787137382915f,0.19259933110853694f,0.11836232882936357f,0.5616318513729961f,0.8188772940052925f,1.2559892754556092f,0.09408745476854248f,0.8146205278324881f,-0.5723119311084608f,-0.11219429762104541f,0f,0f,0f,1f], start_interpolation: 0, interpolation_duration: 1 }
$data merge entity $(bone_ear_edge_a2) { transformation: [-0.9989823124221018f,-0.011632222243247614f,0.04357787137382915f,0.07741431914167886f,0.02904651393136104f,0.5732331788993069f,0.8188772940052925f,1.2651116886621356f,-0.034505644411103986f,0.8193097180033193f,-0.5723119311084608f,-0.1079123330620898f,0f,0f,0f,1f], start_interpolation: 0, interpolation_duration: 1 }
$data merge entity $(bone_ear_edge_b1) { transformation: [-0.9747187819371278f,0.21399582121970823f,0.06425795390070174f,0.05652738611419997f,0.1242245258347573f,0.27998030434434756f,0.9519345021378184f,1.2923437802918367f,0.185719044042693f,0.9358508522621267f,-0.29948559063854663f,-0.13710153963406796f,0f,0f,0f,1f], start_interpolation: 0, interpolation_duration: 1 }
$data merge entity $(bone_ear_edge_b2) { transformation: [-0.993140994598693f,-0.09768254812408478f,0.06425795390070174f,0.08528138157725264f,0.03162587264614825f,0.30466458248210176f,0.9519345021378184f,1.293824393410289f,-0.11256451051236557f,0.9474373921125301f,-0.29948559063854663f,-0.12622582564811713f,0f,0f,0f,1f], start_interpolation: 0, interpolation_duration: 1 }
$data merge entity $(bone_ear_right_2) { transformation: [-0.9961946980917455f,0.058881566337787364f,0.06425795390070174f,0.14198279464366398f,0.0788965466510402f,0.2959662794410269f,0.9519345021378184f,1.3521221069375484f,0.0370332069963728f,0.953381834617927f,-0.29948559063854663f,-0.03310240815812274f,0f,0f,0f,1f], start_interpolation: 0, interpolation_duration: 1 }
$data merge entity $(bone_ear_right_1) { transformation: [-0.9961946980917455f,0.07547908730517325f,0.04357787137382915f,0.12500000000000003f,0.0788965466510402f,0.5685202830938486f,0.8188772940052925f,1.2242050432414326f,0.0370332069963728f,0.8191993622375862f,-0.5723119311084608f,-0.21742226466157932f,0f,0f,0f,1f], start_interpolation: 0, interpolation_duration: 1 }
$data merge entity $(bone_ear_edge_a3) { transformation: [-0.9885028629039305f,-0.14478625334353737f,-0.043577871373829014f,-0.19259933110853691f,-0.11836232882936357f,0.5616318513729961f,0.8188772940052925f,1.2559892754556092f,-0.09408745476854273f,0.8146205278324881f,-0.5723119311084608f,-0.11219429762104546f,0f,0f,0f,1f], start_interpolation: 0, interpolation_duration: 1 }
$data merge entity $(bone_ear_edge_a4) { transformation: [-0.9989823124221018f,0.01163222224324742f,-0.043577871373829014f,-0.07741431914167882f,-0.02904651393136104f,0.5732331788993069f,0.8188772940052925f,1.2651116886621356f,0.034505644411103736f,0.8193097180033193f,-0.5723119311084608f,-0.10791233306208983f,0f,0f,0f,1f], start_interpolation: 0, interpolation_duration: 1 }
$data merge entity $(bone_ear_edge_b3) { transformation: [-0.9747187819371277f,-0.21399582121970845f,-0.06425795390070166f,-0.05652738611419994f,-0.1242245258347573f,0.27998030434434756f,0.9519345021378184f,1.2923437802918367f,-0.18571904404269324f,0.9358508522621266f,-0.29948559063854663f,-0.13710153963406801f,0f,0f,0f,1f], start_interpolation: 0, interpolation_duration: 1 }
$data merge entity $(bone_ear_edge_b4) { transformation: [-0.9931409945986931f,0.09768254812408456f,-0.06425795390070166f,-0.08528138157725261f,-0.03162587264614825f,0.30466458248210176f,0.9519345021378184f,1.293824393410289f,0.11256451051236534f,0.9474373921125302f,-0.29948559063854663f,-0.12622582564811716f,0f,0f,0f,1f], start_interpolation: 0, interpolation_duration: 1 }
$data merge entity $(bone_ear_left_2) { transformation: [-0.9961946980917455f,-0.058881566337787586f,-0.06425795390070166f,-0.14198279464366398f,-0.0788965466510402f,0.2959662794410269f,0.9519345021378184f,1.3521221069375484f,-0.03703320699637305f,0.953381834617927f,-0.29948559063854663f,-0.03310240815812279f,0f,0f,0f,1f], start_interpolation: 0, interpolation_duration: 1 }
$data merge entity $(bone_ear_left_1) { transformation: [-0.9961946980917455f,-0.07547908730517344f,-0.043577871373829014f,-0.12499999999999997f,-0.0788965466510402f,0.5685202830938486f,0.8188772940052925f,1.2242050432414326f,-0.03703320699637305f,0.8191993622375862f,-0.5723119311084608f,-0.21742226466157938f,0f,0f,0f,1f], start_interpolation: 0, interpolation_duration: 1 }
$data merge entity $(bone_head) { transformation: [-1f,-5.203627091054546e-17f,1.1085948013743749e-16f,4.9830778135476815e-17f,0f,0.9052363523476497f,0.4249083976439176f,0.7469930252368895f,-1.2246467991473532e-16f,0.4249083976439176f,-0.9052363523476497f,-0.40689918244322315f,0f,0f,0f,1f], start_interpolation: 0, interpolation_duration: 1 }
$data merge entity $(bone_body_1) { transformation: [-1f,-1.1334186555836955e-16f,4.6381239077530697e-17f,9.23339777198654e-17f,0f,0.37873155843646616f,0.9255065675857117f,0.6049686908232147f,-1.2246467991473532e-16f,0.9255065675857117f,-0.37873155843646616f,-0.753964145287865f,0f,0f,0f,1f], start_interpolation: 0, interpolation_duration: 1 }
$data merge entity $(bone_leg_left_2) { transformation: [-0.9961946980917455f,-0.0850898036421109f,-0.018863955312791766f,0.16765889501569153f,-0.007224994466644765f,-0.1350701056166928f,0.9908097022252318f,0.47938119246530914f,-0.08685575944549069f,0.9871756641473909f,0.13394134972555927f,-1.404259266554367f,0f,0f,0f,1f], start_interpolation: 0, interpolation_duration: 1 }
$data merge entity $(bone_leg_left_1) { transformation: [-0.9961946980917455f,-0.08525118065879475f,0.01812069783914331f,0.13750000000000015f,-0.007224994466644765f,0.28797352330664927f,0.9576111159177882f,0.5901708739555169f,-0.08685575944549069f,0.9538361945694009f,-0.28749363641741843f,-1.067566839179276f,0f,0f,0f,1f], start_interpolation: 0, interpolation_duration: 1 }
$data merge entity $(bone_leg_right_2) { transformation: [-0.992546151641322f,0.10906506303914348f,0.054377834512505f,-0.1340878220605609f,0.010102665687849694f,-0.3710271853282849f,0.9285670486795068f,0.35166647572286425f,0.12144987858372387f,0.9221950117906936f,0.3671597570817918f,-0.9884832585586374f,0f,0f,0f,1f], start_interpolation: 0, interpolation_duration: 1 }
$data merge entity $(bone_leg_right_1) { transformation: [-0.992546151641322f,-0.027414637291182428f,-0.11874584002900748f,-0.1374999999999999f,0.010102665687849694f,0.9525074738031729f,-0.30434757842817994f,0.6861887410664279f,0.12144987858372387f,-0.30327866725388153f,-0.9451306666174301f,-1.0441960412581217f,0f,0f,0f,1f], start_interpolation: 0, interpolation_duration: 1 }
$data merge entity $(bone_skirt_forward_right) { transformation: [-0.9537169507482269f,0.300705799504273f,8.993602035310081e-17f,1.0556184577119408e-16f,0.22083332862455562f,0.700393837254208f,0.6787349362637267f,0.611434484005117f,0.20409953166066566f,0.6473210137797336f,-0.73438333743017f,-0.8619778849272324f,0f,0f,0f,1f], start_interpolation: 0, interpolation_duration: 1 }
$data merge entity $(bone_skirt_forward_left) { transformation: [-0.9537169507482269f,-0.3007057995042731f,8.993602035310081e-17f,1.0556184577119408e-16f,-0.22083332862455562f,0.700393837254208f,0.6787349362637267f,0.611434484005117f,-0.20409953166066588f,0.6473210137797336f,-0.73438333743017f,-0.8619778849272324f,0f,0f,0f,1f], start_interpolation: 0, interpolation_duration: 1 }
$data merge entity $(bone_skirt_forward) { transformation: [-1f,-8.312105671648556e-17f,8.993602035310081e-17f,1.0556184577119408e-16f,0f,0.73438333743017f,0.6787349362637267f,0.611434484005117f,-1.2246467991473532e-16f,0.6787349362637267f,-0.73438333743017f,-0.8619778849272324f,0f,0f,0f,1f], start_interpolation: 0, interpolation_duration: 1 }
$data merge entity $(bone_skirt_back_right) { transformation: [-0.9537169507482269f,0.30070579950427295f,-5.864664056351522e-18f,1.0251674911219888e-16f,-0.01440038462613874f,-0.045672185032292756f,0.9988526820492577f,0.6093409242326284f,0.30036079434260937f,0.9526227341707063f,0.04788861621517915f,-0.8371127837313993f,0f,0f,0f,1f], start_interpolation: 0, interpolation_duration: 1 }
$data merge entity $(bone_skirt_back_left) { transformation: [-0.9537169507482269f,-0.3007057995042732f,-5.864664056351522e-18f,1.0251674911219888e-16f,0.01440038462613874f,-0.045672185032292756f,0.9988526820492577f,0.6093409242326284f,-0.3003607943426096f,0.9526227341707063f,0.04788861621517915f,-0.8371127837313993f,0f,0f,0f,1f], start_interpolation: 0, interpolation_duration: 1 }
$data merge entity $(bone_skirt_back) { transformation: [-1f,-1.2232417398913721e-16f,-5.864664056351522e-18f,1.0251674911219888e-16f,0f,-0.04788861621517915f,0.9988526820492577f,0.6093409242326284f,-1.2246467991473532e-16f,0.9988526820492577f,0.04788861621517915f,-0.8371127837313993f,0f,0f,0f,1f], start_interpolation: 0, interpolation_duration: 1 }
$data merge entity $(bone_skirt_right) { transformation: [-0.9396926207859084f,0.34202014332566855f,3.632634998281686e-17f,-0.18124999999999988f,0.10145246316139263f,0.27873835168397826f,0.9549933659554841f,0.6352958005750114f,0.3266269678991573f,0.897400218887865f,-0.29662715819866337f,-0.7535508642102945f,0f,0f,0f,1f], start_interpolation: 0, interpolation_duration: 1 }
$data merge entity $(bone_skirt_left) { transformation: [-0.9396926207859084f,-0.34202014332566877f,3.632634998281686e-17f,0.1812500000000001f,-0.10145246316139263f,0.27873835168397826f,0.9549933659554841f,0.6352958005750114f,-0.3266269678991575f,0.897400218887865f,-0.29662715819866337f,-0.7535508642102944f,0f,0f,0f,1f], start_interpolation: 0, interpolation_duration: 1 }
$data merge entity $(bone_coat_downer) { transformation: [-1f,-1.1757526869000125e-16f,-3.425863422690088e-17f,-0.007812499999999885f,0f,-0.2797429777365447f,0.9600749274963339f,0.6001444811942843f,-1.2246467991473532e-16f,0.9600749274963339f,0.2797429777365447f,-0.9476684454665294f,0f,0f,0f,1f], start_interpolation: 0, interpolation_duration: 1 }
$data merge entity $(bone_body_2) { transformation: [-1f,-1.2204316599125138e-16f,1.0152017604911744e-17f,8.878689293818311e-17f,0f,0.08289751471183344f,0.9965580776124396f,0.6186668946377096f,-1.2246467991473532e-16f,0.9965580776124396f,-0.08289751471183344f,-0.725f,0f,0f,0f,1f], start_interpolation: 0, interpolation_duration: 1 }
$data merge entity $(bone_book_left) { transformation: [-3.4450816645859014e-16f,2.225679815913274e-16f,1f,-0.796875f,-0.00427369480457962f,-0.9999908677246594f,2.210936262781082e-16f,0.8991662617302595f,0.9999908677246594f,-0.00427369480457962f,3.4545620794174957e-16f,0.18245705583552477f,0f,0f,0f,1f], start_interpolation: 0, interpolation_duration: 1 }
$data merge entity $(bone_book_right) { transformation: [-3.4450816645859014e-16f,2.225679815913274e-16f,1f,-0.796875f,-0.00427369480457962f,-0.9999908677246594f,2.210936262781082e-16f,0.8987656028423301f,0.9999908677246594f,-0.00427369480457962f,3.4545620794174957e-16f,0.27620619968471155f,0f,0f,0f,1f], start_interpolation: 0, interpolation_duration: 1 }
$data merge entity $(bone_book_loot_1) { transformation: [-3.4450816645859014e-16f,2.225679815913274e-16f,1f,-0.946875f,-0.00427369480457962f,-0.9999908677246594f,2.210936262781082e-16f,0.8989659322862947f,0.9999908677246594f,-0.00427369480457962f,3.4545620794174957e-16f,0.22933162776011812f,0f,0f,0f,1f], start_interpolation: 0, interpolation_duration: 1 }
$data merge entity $(bone_book_left2) { transformation: [-3.4450816645859014e-16f,2.215212282587352e-16f,-1f,0.796875f,-0.00427369480457962f,0.9999908677246594f,2.229915280270143e-16f,0.8987656028423301f,0.9999908677246594f,0.00427369480457962f,-3.435583061928435e-16f,0.27620619968471183f,0f,0f,0f,1f], start_interpolation: 0, interpolation_duration: 1 }
$data merge entity $(bone_book_right2) { transformation: [-3.4450816645859014e-16f,2.215212282587352e-16f,-1f,0.796875f,-0.00427369480457962f,0.9999908677246594f,2.229915280270143e-16f,0.8991662617302595f,0.9999908677246594f,0.00427369480457962f,-3.435583061928435e-16f,0.182457055835525f,0f,0f,0f,1f], start_interpolation: 0, interpolation_duration: 1 }
$data merge entity $(bone_book_loot_2) { transformation: [-3.4450816645859014e-16f,2.215212282587352e-16f,-1f,0.946875f,-0.00427369480457962f,0.9999908677246594f,2.229915280270143e-16f,0.8989659322862947f,0.9999908677246594f,0.00427369480457962f,-3.435583061928435e-16f,0.22933162776011845f,0f,0f,0f,1f], start_interpolation: 0, interpolation_duration: 1 }
$data merge entity $(bone_air_staff_povit_1) { transformation: [-0.000015625f,-1.913493148961857e-21f,-8.177760410876726e-24f,-0.0072174999999999314f,0f,-6.677648132155656e-8f,0.000015624857308197806f,-0.06953678378816752f,-1.9135106236677393e-21f,0.000015624857308197806f,6.677648132155656e-8f,-0.5618171822545588f,0f,0f,0f,1f], start_interpolation: 0, interpolation_duration: 1 }