# This file was generated by Animated Java via MC-Build. It is not recommended to edit this file directly.
$data merge entity $(bone_wing_right_1) { transformation: [-0.42022452060051435f,-0.07409692093715091f,-0.6963228008891752f,0.07275014352840517f,-0.6884492543371467f,0.1921999266971341f,0.39502057772309446f,0.9747536576457356f,0.12803679523144493f,0.790261525654447f,-0.16136215349830677f,-0.7501840153771083f,0f,0f,0f,1f], start_interpolation: 0, interpolation_duration: 1 }
$data merge entity $(bone_wing_right_2) { transformation: [-0.4080906099664618f,0.09047151010426623f,-0.6821121314832738f,0.07275014352840517f,-0.5510130098997248f,0.43202713673591286f,0.38695893327976605f,0.9747536576457356f,0.41212463767463214f,0.6672087072147833f,-0.15806904832487195f,-0.7501840153771083f,0f,0f,0f,1f], start_interpolation: 0, interpolation_duration: 1 }
$data merge entity $(bone_wing_left_1) { transformation: [-0.42022452060051424f,0.07409692093715073f,0.6963228008891752f,-0.072750143528405f,0.6884492543371467f,0.1921999266971341f,0.39502057772309446f,0.9747536576457356f,-0.12803679523144507f,0.790261525654447f,-0.1613621534983066f,-0.7501840153771083f,0f,0f,0f,1f], start_interpolation: 0, interpolation_duration: 1 }
$data merge entity $(bone_wing_left_2) { transformation: [-0.4080906099664617f,-0.09047151010426638f,0.6821121314832738f,-0.072750143528405f,0.5510130098997248f,0.43202713673591286f,0.38695893327976605f,0.9747536576457356f,-0.41212463767463225f,0.6672087072147832f,-0.15806904832487179f,-0.7501840153771083f,0f,0f,0f,1f], start_interpolation: 0, interpolation_duration: 1 }
$data merge entity $(bone_staff) { transformation: [1.5589720948293535f,0.03719459081894625f,0.09812655072502029f,0.0025541175425066627f,0.09852798814835706f,-0.015937057728669917f,-1.5593089802032147f,0.655982617655881f,-0.03611776702422213f,1.5619759353475213f,-0.01824648734468655f,0.27353106973814983f,0f,0f,0f,1f], start_interpolation: 0, interpolation_duration: 1 }
$data merge entity $(bone_arm_right_2) { transformation: [0.6216649274701341f,0.7825063747639694f,0.034878236872062554f,-0.27861518054441364f,-0.12667857206878722f,0.056498630934240845f,0.9903335014434123f,0.7180294966201489f,0.7729717053891211f,-0.6200739295892926f,0.13425000749171961f,-0.013351175306891394f,0f,0f,0f,1f], start_interpolation: 0, interpolation_duration: 1 }
$data merge entity $(bone_arm_right_1) { transformation: [0.060410878340834466f,0.9975640502598245f,0.034878236872062554f,-0.29843749999999997f,-0.13617529466773226f,-0.026378874899941465f,0.9903335014434123f,0.7627120151829986f,0.9888411474550628f,-0.06457647085609469f,0.13425000749171961f,-0.33781467681558386f,0f,0f,0f,1f], start_interpolation: 0, interpolation_duration: 1 }
$data merge entity $(bone_arm_left_2) { transformation: [0.6216649274701344f,-0.7825063747639693f,-0.03487823687206258f,0.2786151805444137f,0.12667857206878722f,0.056498630934240845f,0.9903335014434123f,0.7180294966201489f,-0.772971705389121f,-0.6200739295892929f,0.13425000749171961f,-0.013351175306891283f,0f,0f,0f,1f], start_interpolation: 0, interpolation_duration: 1 }
$data merge entity $(bone_arm_left_1) { transformation: [0.0604108783408347f,-0.9975640502598245f,-0.03487823687206258f,0.2984375000000001f,0.13617529466773226f,-0.026378874899941465f,0.9903335014434123f,0.7627120151829986f,-0.9888411474550628f,-0.06457647085609494f,0.13425000749171961f,-0.33781467681558375f,0f,0f,0f,1f], start_interpolation: 0, interpolation_duration: 1 }
$data merge entity $(bone_himo_right_2) { transformation: [-1f,2.5920661372006585e-17f,1.1969008789643499e-16f,-0.15624999999999994f,0f,0.9773437368208359f,-0.2116582625296825f,0.35362829391659034f,-1.2246467991473532e-16f,-0.2116582625296825f,-0.9773437368208359f,-0.5320775728467049f,0f,0f,0f,1f], start_interpolation: 0, interpolation_duration: 1 }
$data merge entity $(bone_himo_right_1) { transformation: [-1f,-2.1855845145534214e-17f,1.2049863011500587e-16f,-0.15624999999999994f,0f,0.9839459850701582f,0.17846651916904616f,0.5392335818620515f,-1.2246467991473532e-16f,0.17846651916904616f,-0.9839459850701582f,-0.5047647629091971f,0f,0f,0f,1f], start_interpolation: 0, interpolation_duration: 1 }
$data merge entity $(bone_himo_left_2) { transformation: [-1f,4.132159794029149e-17f,1.152827973735868e-16f,0.15625000000000006f,0f,0.9413554786069841f,-0.3374164532097026f,0.35362829391659034f,-1.2246467991473532e-16f,-0.3374164532097026f,-0.9413554786069841f,-0.5320775728467049f,0f,0f,0f,1f], start_interpolation: 0, interpolation_duration: 1 }
$data merge entity $(bone_himo_left_1) { transformation: [-1f,-2.1855845145534214e-17f,1.2049863011500587e-16f,0.15625000000000006f,0f,0.9839459850701582f,0.17846651916904616f,0.5392335818620515f,-1.2246467991473532e-16f,0.17846651916904616f,-0.9839459850701582f,-0.5047647629091971f,0f,0f,0f,1f], start_interpolation: 0, interpolation_duration: 1 }
$data merge entity $(bone_ponpon1) { transformation: [-1f,-5.441467624608003e-17f,1.0971162579987988e-16f,0.29375000000000007f,0f,0.8958634103830212f,0.44432955105068367f,1.2418969943037221f,-1.2246467991473532e-16f,0.44432955105068367f,-0.8958634103830212f,-0.16089216375891913f,0f,0f,0f,1f], start_interpolation: 0, interpolation_duration: 1 }
$data merge entity $(bone_ponpon2) { transformation: [-1f,-5.441467624608003e-17f,1.0971162579987988e-16f,0.33125000000000004f,0f,0.8958634103830212f,0.44432955105068367f,1.171569963416846f,-1.2246467991473532e-16f,0.44432955105068367f,-0.8958634103830212f,-0.3004205523636628f,0f,0f,0f,1f], start_interpolation: 0, interpolation_duration: 1 }
$data merge entity $(bone_ponpon3) { transformation: [-1f,-5.441467624608003e-17f,1.0971162579987988e-16f,-0.29374999999999996f,0f,0.8958634103830212f,0.44432955105068367f,1.2418969943037221f,-1.2246467991473532e-16f,0.44432955105068367f,-0.8958634103830212f,-0.16089216375891918f,0f,0f,0f,1f], start_interpolation: 0, interpolation_duration: 1 }
$data merge entity $(bone_ponpon4) { transformation: [-1f,-5.441467624608003e-17f,1.0971162579987988e-16f,-0.33124999999999993f,0f,0.8958634103830212f,0.44432955105068367f,1.171569963416846f,-1.2246467991473532e-16f,0.44432955105068367f,-0.8958634103830212f,-0.30042055236366283f,0f,0f,0f,1f], start_interpolation: 0, interpolation_duration: 1 }
$data merge entity $(bone_ear_edge_a1) { transformation: [-0.9885028629039305f,0.14478625334353717f,0.04357787137382915f,0.19259933110853694f,0.1163059644735907f,0.5439352940409132f,0.8310278686810044f,1.2978093465126177f,0.09661786925098677f,0.8265417937039637f,-0.554521100231572f,-0.10120750245483767f,0f,0f,0f,1f], start_interpolation: 0, interpolation_duration: 1 }
$data merge entity $(bone_ear_edge_a2) { transformation: [-0.9989823124221018f,-0.011632222243247614f,0.04357787137382915f,0.07741431914167886f,0.029783818312446905f,0.5554328092958122f,0.8310278686810044f,1.3068373049954243f,-0.03387128037912733f,0.8314800573456017f,-0.554521100231572f,-0.09672982349945466f,0f,0f,0f,1f], start_interpolation: 0, interpolation_duration: 1 }
$data merge entity $(bone_ear_edge_b1) { transformation: [-0.9747187819371278f,0.21399582121970823f,0.06425795390070174f,0.05652738611419997f,0.12019091202427168f,0.2597351006316758f,0.9581710818881077f,1.3346924825424054f,0.18835456141483753f,0.9416705719094951f,-0.2788890338358042f,-0.12532502726960126f,0f,0f,0f,1f], start_interpolation: 0, interpolation_duration: 1 }
$data merge entity $(bone_ear_edge_b2) { transformation: [-0.993140994598693f,-0.09768254812408478f,0.06425795390070174f,0.08528138157725264f,0.03404578994926613f,0.28416379435125694f,0.9581710818881077f,1.3359382342857125f,-0.11185637681531303f,0.9537866940631339f,-0.2788890338358042f,-0.11441991505079366f,0f,0f,0f,1f], start_interpolation: 0, interpolation_duration: 1 }
$data merge entity $(bone_ear_right_2) { transformation: [-0.9961946980917455f,0.058881566337787364f,0.06425795390070174f,0.14198279464366398f,0.07807964093238233f,0.2753393315624254f,0.9581710818881077f,1.3922143373766938f,0.03872587204655571f,0.9595421896093809f,-0.2788890338358042f,-0.020061054796891548f,0f,0f,0f,1f], start_interpolation: 0, interpolation_duration: 1 }
$data merge entity $(bone_ear_right_1) { transformation: [-0.9961946980917455f,0.07547908730517325f,0.04357787137382915f,0.12500000000000003f,0.07807964093238233f,0.5507233889598091f,0.8310278686810044f,1.268301574860737f,0.03872587204655571f,0.831268101295966f,-0.554521100231572f,-0.2070963775884836f,0f,0f,0f,1f], start_interpolation: 0, interpolation_duration: 1 }
$data merge entity $(bone_ear_edge_a3) { transformation: [-0.9885028629039305f,-0.14478625334353737f,-0.043577871373829014f,-0.19259933110853691f,-0.1163059644735907f,0.5439352940409132f,0.8310278686810044f,1.2978093465126177f,-0.09661786925098702f,0.8265417937039637f,-0.554521100231572f,-0.10120750245483776f,0f,0f,0f,1f], start_interpolation: 0, interpolation_duration: 1 }
$data merge entity $(bone_ear_edge_a4) { transformation: [-0.9989823124221018f,0.01163222224324742f,-0.043577871373829014f,-0.07741431914167882f,-0.029783818312446905f,0.5554328092958122f,0.8310278686810044f,1.3068373049954243f,0.03387128037912709f,0.8314800573456017f,-0.554521100231572f,-0.09672982349945472f,0f,0f,0f,1f], start_interpolation: 0, interpolation_duration: 1 }
$data merge entity $(bone_ear_edge_b3) { transformation: [-0.9747187819371277f,-0.21399582121970845f,-0.06425795390070166f,-0.05652738611419994f,-0.12019091202427168f,0.2597351006316758f,0.9581710818881077f,1.3346924825424054f,-0.18835456141483775f,0.9416705719094951f,-0.2788890338358042f,-0.12532502726960132f,0f,0f,0f,1f], start_interpolation: 0, interpolation_duration: 1 }
$data merge entity $(bone_ear_edge_b4) { transformation: [-0.9931409945986931f,0.09768254812408456f,-0.06425795390070166f,-0.08528138157725261f,-0.03404578994926613f,0.28416379435125694f,0.9581710818881077f,1.3359382342857125f,0.11185637681531278f,0.9537866940631339f,-0.2788890338358042f,-0.1144199150507937f,0f,0f,0f,1f], start_interpolation: 0, interpolation_duration: 1 }
$data merge entity $(bone_ear_left_2) { transformation: [-0.9961946980917455f,-0.058881566337787586f,-0.06425795390070166f,-0.14198279464366398f,-0.07807964093238233f,0.2753393315624254f,0.9581710818881077f,1.3922143373766938f,-0.03872587204655596f,0.9595421896093809f,-0.2788890338358042f,-0.020061054796891603f,0f,0f,0f,1f], start_interpolation: 0, interpolation_duration: 1 }
$data merge entity $(bone_ear_left_1) { transformation: [-0.9961946980917455f,-0.07547908730517344f,-0.043577871373829014f,-0.12499999999999997f,-0.07807964093238233f,0.5507233889598091f,0.8310278686810044f,1.268301574860737f,-0.03872587204655596f,0.831268101295966f,-0.554521100231572f,-0.20709637758848365f,0f,0f,0f,1f], start_interpolation: 0, interpolation_duration: 1 }
$data merge entity $(bone_head) { transformation: [-1f,-5.441467624608003e-17f,1.0971162579987988e-16f,4.982102486274459e-17f,0f,0.8958634103830212f,0.44432955105068367f,0.7952862785691044f,-1.2246467991473532e-16f,0.44432955105068367f,-0.8958634103830212f,-0.4068195409274897f,0f,0f,0f,1f], start_interpolation: 0, interpolation_duration: 1 }
$data merge entity $(bone_body_1) { transformation: [-1f,-1.133706509079513e-16f,4.631083393036681e-17f,9.233501895322633e-17f,0f,0.3781566567814509f,0.9257416178026543f,0.6534775322760603f,-1.2246467991473532e-16f,0.9257416178026543f,-0.3781566567814509f,-0.753972647603485f,0f,0f,0f,1f], start_interpolation: 0, interpolation_duration: 1 }
$data merge entity $(bone_leg_left_2) { transformation: [-0.9961946980917455f,-0.0850898036421109f,-0.018863955312791766f,0.16765889501569153f,-0.007171047291605836f,-0.1356832106105737f,0.9907263206552797f,0.5282939539652628f,-0.08686023010928272f,0.9870915822123869f,0.13455671202436814f,-1.4043456453579395f,0f,0f,0f,1f], start_interpolation: 0, interpolation_duration: 1 }
$data merge entity $(bone_leg_left_1) { transformation: [-0.9961946980917455f,-0.08525118065879475f,0.01812069783914331f,0.13750000000000015f,-0.007171047291605836f,0.28738104373361545f,0.9577894924164282f,0.6388744957016735f,-0.08686023010928272f,0.9540148698520684f,-0.2868988123476692f,-1.0675844718748397f,0f,0f,0f,1f], start_interpolation: 0, interpolation_duration: 1 }
$data merge entity $(bone_leg_right_2) { transformation: [-0.992546151641322f,0.10906506303914348f,0.054377834512505f,-0.1340878220605609f,0.010027231682088397f,-0.3715998855749443f,0.9283388280501259f,0.4003210249610056f,0.12145612988563174f,0.9219643903453946f,0.3677364157222513f,-0.9886490406814771f,0f,0f,0f,1f], start_interpolation: 0, interpolation_duration: 1 }
$data merge entity $(bone_leg_right_1) { transformation: [-0.992546151641322f,-0.027414637291182428f,-0.11874584002900748f,-0.1374999999999999f,0.010027231682088397f,0.9526956553087542f,-0.303760502667178f,0.7348778287790312f,0.12145612988563174f,-0.3026870099921963f,-0.9453195134425122f,-1.0441540421297855f,0f,0f,0f,1f], start_interpolation: 0, interpolation_duration: 1 }
$data merge entity $(bone_skirt_forward_right) { transformation: [-0.9537169507482269f,0.300705799504273f,8.988437683438256e-17f,1.0556239264975966e-16f,0.22070652058817972f,0.6999916535451403f,0.6791909280438009f,0.6600104111332562f,0.20423665103346023f,0.6477559008697922f,-0.7339616360975554f,-0.8619823505296083f,0f,0f,0f,1f], start_interpolation: 0, interpolation_duration: 1 }
$data merge entity $(bone_skirt_forward_left) { transformation: [-0.9537169507482269f,-0.3007057995042731f,8.988437683438256e-17f,1.0556239264975966e-16f,-0.22070652058817972f,0.6999916535451403f,0.6791909280438009f,0.6600104111332562f,-0.20423665103346045f,0.6477559008697922f,-0.7339616360975554f,-0.8619823505296083f,0f,0f,0f,1f], start_interpolation: 0, interpolation_duration: 1 }
$data merge entity $(bone_skirt_forward) { transformation: [-1f,-8.317689960387609e-17f,8.988437683438256e-17f,1.0556239264975966e-16f,0f,0.7339616360975554f,0.6791909280438009f,0.6600104111332562f,-1.2246467991473532e-16f,0.6791909280438009f,-0.7339616360975554f,-0.8619823505296083f,0f,0f,0f,1f], start_interpolation: 0, interpolation_duration: 1 }
$data merge entity $(bone_skirt_back_right) { transformation: [-0.9537169507482269f,0.30070579950427295f,-5.940638003877471e-18f,1.0251745581917211e-16f,-0.01458693479430308f,-0.046263846576022755f,0.9988227459531029f,0.6579014081448975f,0.30035179238488113f,0.9525941836083642f,0.04850899057600583f,-0.8371185544317656f,0f,0f,0f,1f], start_interpolation: 0, interpolation_duration: 1 }
$data merge entity $(bone_skirt_back_left) { transformation: [-0.9537169507482269f,-0.3007057995042732f,-5.940638003877471e-18f,1.0251745581917211e-16f,0.01458693479430308f,-0.046263846576022755f,0.9988227459531029f,0.6579014081448975f,-0.30035179238488136f,0.9525941836083642f,0.04850899057600583f,-0.8371185544317656f,0f,0f,0f,1f], start_interpolation: 0, interpolation_duration: 1 }
$data merge entity $(bone_skirt_back) { transformation: [-1f,-1.2232050787470374e-16f,-5.940638003877471e-18f,1.0251745581917211e-16f,0f,-0.04850899057600583f,0.9988227459531029f,0.6579014081448975f,-1.2246467991473532e-16f,0.9988227459531029f,0.04850899057600583f,-0.8371185544317656f,0f,0f,0f,1f], start_interpolation: 0, interpolation_duration: 1 }
$data merge entity $(bone_skirt_right) { transformation: [-0.9396926207859084f,0.34202014332566855f,3.625370393997077e-17f,-0.18124999999999988f,0.10124957682711598f,0.2781809260618372f,0.9551774157546379f,0.6838043794910525f,0.3266899166378429f,0.897573169125987f,-0.2960339582417723f,-0.7535405305532349f,0f,0f,0f,1f], start_interpolation: 0, interpolation_duration: 1 }
$data merge entity $(bone_skirt_left) { transformation: [-0.9396926207859084f,-0.34202014332566877f,3.625370393997077e-17f,0.1812500000000001f,-0.10124957682711598f,0.2781809260618372f,0.9551774157546379f,0.6838043794910525f,-0.32668991663784314f,0.897573169125987f,-0.2960339582417723f,-0.7535405305532348f,0f,0f,0f,1f], start_interpolation: 0, interpolation_duration: 1 }
$data merge entity $(bone_coat_downer) { transformation: [-1f,-1.1755396810477763e-16f,-3.433165317079112e-17f,-0.007812499999999885f,0f,-0.28033922266153927f,0.959900995018509f,0.6487736325809185f,-1.2246467991473532e-16f,0.959900995018509f,0.28033922266153927f,-0.9476799067186458f,0f,0f,0f,1f], start_interpolation: 0, interpolation_duration: 1 }
$data merge entity $(bone_body_2) { transformation: [-1f,-1.2204944783101359e-16f,1.0076215101081619e-17f,8.87868929381831e-17f,0f,0.08227854029502281f,0.9966093727268072f,0.6671577439280876f,-1.2246467991473532e-16f,0.9966093727268072f,-0.08227854029502281f,-0.7249999999999999f,0f,0f,0f,1f], start_interpolation: 0, interpolation_duration: 1 }
$data merge entity $(bone_book_left) { transformation: [-3.445078177705321e-16f,2.2264404314215537e-16f,1f,-0.796875f,-0.004894784500652838f,-0.9999880204705914f,2.2095508444451597e-16f,0.9470934387956955f,0.9999880204705914f,-0.004894784500652838f,3.4559348534053254e-16f,0.18263109789384668f,0f,0f,0f,1f], start_interpolation: 0, interpolation_duration: 1 }
$data merge entity $(bone_book_right) { transformation: [-3.445078177705321e-16f,2.2264404314215537e-16f,1f,-0.796875f,-0.004894784500652838f,-0.9999880204705914f,2.2095508444451597e-16f,0.9466345527487593f,0.9999880204705914f,-0.004894784500652838f,3.4559348534053254e-16f,0.2763799748129646f,0f,0f,0f,1f], start_interpolation: 0, interpolation_duration: 1 }
$data merge entity $(bone_book_loot_1) { transformation: [-3.445078177705321e-16f,2.2264404314215537e-16f,1f,-0.946875f,-0.004894784500652838f,-0.9999880204705914f,2.2095508444451597e-16f,0.9468639957722274f,0.9999880204705914f,-0.004894784500652838f,3.4559348534053254e-16f,0.2295055363534056f,0f,0f,0f,1f], start_interpolation: 0, interpolation_duration: 1 }
$data merge entity $(bone_book_left2) { transformation: [-3.445078177705321e-16f,2.2144516670790724e-16f,-1f,0.796875f,-0.004894784500652838f,0.9999880204705914f,2.231288054257972e-16f,0.9466345527487593f,0.9999880204705914f,0.004894784500652838f,-3.434197643592513e-16f,0.27637997481296483f,0f,0f,0f,1f], start_interpolation: 0, interpolation_duration: 1 }
$data merge entity $(bone_book_right2) { transformation: [-3.445078177705321e-16f,2.2144516670790724e-16f,-1f,0.796875f,-0.004894784500652838f,0.9999880204705914f,2.231288054257972e-16f,0.9470934387956955f,0.9999880204705914f,0.004894784500652838f,-3.434197643592513e-16f,0.1826310978938469f,0f,0f,0f,1f], start_interpolation: 0, interpolation_duration: 1 }
$data merge entity $(bone_book_loot_2) { transformation: [-3.445078177705321e-16f,2.2144516670790724e-16f,-1f,0.946875f,-0.004894784500652838f,0.9999880204705914f,2.231288054257972e-16f,0.9468639957722274f,0.9999880204705914f,0.004894784500652838f,-3.434197643592513e-16f,0.22950553635340593f,0f,0f,0f,1f], start_interpolation: 0, interpolation_duration: 1 }
$data merge entity $(bone_air_staff_povit_1) { transformation: [-0.000015625f,-1.9134877007109496e-21f,-9.366222142563396e-24f,-0.0072174999999999314f,0f,-7.64810078227006e-8f,0.000015624812819852994f,-0.021147153983653744f,-1.9135106236677393e-21f,0.000015624812819852994f,7.64810078227006e-8f,-0.5622446544135729f,0f,0f,0f,1f], start_interpolation: 0, interpolation_duration: 1 }