# This file was generated by Animated Java via MC-Build. It is not recommended to edit this file directly.
$data merge entity $(bone_wing_right_1) { transformation: [0.26290785403592787f,-0.19837350412439195f,-0.7473097467530297f,-0.19080037355488744f,-0.76236440949482f,0.06511870004040597f,-0.28548994112771603f,0.9209661493695216f,0.12893568887737192f,0.7895264100781569f,-0.1642196101787484f,-0.7508732177885161f,0f,0f,0f,1f], start_interpolation: 0, interpolation_duration: 1 }
$data merge entity $(bone_wing_right_2) { transformation: [0.1635731577126329f,-0.2780901553285988f,-0.7320585274315394f,-0.19080037355488744f,-0.6655474546331777f,0.3447243066999532f,-0.279663615798579f,0.9209661493695216f,0.41266258336226314f,0.6662064378850993f,-0.1608681895628556f,-0.7508732177885161f,0f,0f,0f,1f], start_interpolation: 0, interpolation_duration: 1 }
$data merge entity $(bone_wing_left_1) { transformation: [-0.7979509724231618f,-0.10403096651032921f,0.13927041344198532f,-0.2834281516791445f,0.1142293599438172f,0.1794023964190656f,0.7884864475248555f,0.8087596607685141f,-0.13103565690376284f,0.7898966910998347f,-0.16073990933733967f,-0.7512367686234523f,0f,0f,0f,1f], start_interpolation: 0, interpolation_duration: 1 }
$data merge entity $(bone_wing_left_2) { transformation: [-0.6831669982362191f,-0.3932813365148248f,0.1364281601064346f,-0.2834281516791445f,0.036127192974158506f,0.20518519413082598f,0.7723948873712871f,0.8087596607685141f,-0.4147019151736845f,0.6657543289071491f,-0.15745950302433276f,-0.7512367686234523f,0f,0f,0f,1f], start_interpolation: 0, interpolation_duration: 1 }
$data merge entity $(bone_staff) { transformation: [0.9166205495125677f,0.030072781563453516f,1.2650330612360754f,0.006474714288390519f,1.2649729980788722f,0.018344259116549497f,-0.9170131145675151f,0.6637695324134694f,-0.0325012667849776f,1.5621028666405112f,-0.013584980341171284f,0.2735619794961906f,0f,0f,0f,1f], start_interpolation: 0, interpolation_duration: 1 }
$data merge entity $(bone_arm_right_2) { transformation: [0.49053486875116986f,0.45692637974204386f,-0.7420200981342098f,-0.21928799311663008f,0.3986717999079393f,0.6394960030667775f,0.6573474408710971f,0.4864740744422168f,0.7748782733419727f,-0.6182743287226521f,0.13153142569408022f,-0.01419648245740679f,0f,0f,0f,1f], start_interpolation: 0, interpolation_duration: 1 }
$data merge entity $(bone_arm_right_1) { transformation: [0.13974043596532676f,0.6556514199794875f,-0.7420200981342098f,-0.2651403236677529f,-0.040227018604819476f,0.7525132084916433f,0.6573474408710971f,0.49967356492192316f,0.989370707839275f,-0.06200876167522413f,0.13153142569408022f,-0.3388337459671689f,0f,0f,0f,1f], start_interpolation: 0, interpolation_duration: 1 }
$data merge entity $(bone_arm_left_2) { transformation: [0.300988531430888f,-0.5393854259405573f,-0.7864281697841203f,0.13545364550902156f,0.5601557049558564f,-0.5674059817504312f,0.6035528461363076f,0.9161973651958362f,-0.7717716567434213f,-0.6221847106420677f,0.13135713033848423f,-0.01280417205635187f,0f,0f,0f,1f], start_interpolation: 0, interpolation_duration: 1 }
$data merge entity $(bone_arm_left_1) { transformation: [-0.06282339960152256f,-0.6144786035595596f,-0.7864281697841203f,0.11483971751477198f,0.13340198985805216f,-0.7860838829429562f,0.6035528461363076f,0.9599698931180095f,-0.9890688194278596f,-0.06699384109617028f,0.13135713033848423f,-0.3373423784311183f,0f,0f,0f,1f], start_interpolation: 0, interpolation_duration: 1 }
$data merge entity $(bone_himo_right_2) { transformation: [-0.636615775803183f,-0.7529010698413688f,0.1669141486819908f,0.14158565095741346f,-0.7711770943599351f,0.6222234418799683f,-0.1346249512891774f,0.3489182217106006f,-0.002498626238409324f,-0.21442473599556527f,-0.9767373185560961f,-0.5315813970404455f,0f,0f,0f,1f], start_interpolation: 0, interpolation_duration: 1 }
$data merge entity $(bone_himo_right_1) { transformation: [-0.636615775803183f,-0.7594651677602127f,-0.1339141999844061f,-0.0016510317475289579f,-0.7711770943599351f,0.6263782410429544f,0.11373736537524623f,0.4670750004397498f,-0.002498626238409324f,0.17567856473368199f,-0.984444411208695f,-0.5047944437229345f,0f,0f,0f,1f], start_interpolation: 0, interpolation_duration: 1 }
$data merge entity $(bone_himo_left_2) { transformation: [-0.636615775803183f,-0.7246732285619577f,0.2637594847661409f,0.34052808089590814f,-0.7711770943599351f,0.5993281518086342f,-0.2146896727470013f,0.5899110636980803f,-0.002498626238409324f,-0.34008010564458985f,-0.9403931510871851f,-0.5308005763409426f,0f,0f,0f,1f], start_interpolation: 0, interpolation_duration: 1 }
$data merge entity $(bone_himo_left_1) { transformation: [-0.636615775803183f,-0.7594651677602127f,-0.1339141999844061f,0.1972913981909657f,-0.7711770943599351f,0.6263782410429544f,0.11373736537524623f,0.7080678424272295f,-0.002498626238409324f,0.17567856473368199f,-0.984444411208695f,-0.5040136230234316f,0f,0f,0f,1f], start_interpolation: 0, interpolation_duration: 1 }
$data merge entity $(bone_ponpon1) { transformation: [-0.636615775803183f,-0.6925419315518717f,-0.3392727914833642f,-0.2583462525332773f,-0.7711770943599351f,0.5702701185654091f,0.2829803544523224f,1.261392144464708f,-0.002498626238409324f,0.44178916341824975f,-0.8971154284444804f,-0.1617899627546366f,0f,0f,0f,1f], start_interpolation: 0, interpolation_duration: 1 }
$data merge entity $(bone_ponpon2) { transformation: [-0.636615775803183f,-0.6925419315518717f,-0.3392727914833642f,-0.1797122436982394f,-0.7711770943599351f,0.5702701185654091f,0.2829803544523224f,1.2455569289124344f,-0.002498626238409324f,0.44178916341824975f,-0.8971154284444804f,-0.3010244811146475f,0f,0f,0f,1f], start_interpolation: 0, interpolation_duration: 1 }
$data merge entity $(bone_ponpon3) { transformation: [-0.636615775803183f,-0.6925419315518717f,-0.3392727914833642f,-0.6323580208176474f,-0.7711770943599351f,0.5702701185654091f,0.2829803544523224f,0.808325601528246f,-0.002498626238409324f,0.44178916341824975f,-0.8971154284444804f,-0.16325790566970208f,0f,0f,0f,1f], start_interpolation: 0, interpolation_duration: 1 }
$data merge entity $(bone_ponpon4) { transformation: [-0.636615775803183f,-0.6925419315518717f,-0.3392727914833642f,-0.6014701951678482f,-0.7711770943599351f,0.5702701185654091f,0.2829803544523224f,0.7346521038989775f,-0.002498626238409324f,0.44178916341824975f,-0.8971154284444804f,-0.3026798209975937f,0f,0f,0f,1f], start_interpolation: 0, interpolation_duration: 1 }
$data merge entity $(bone_ear_edge_a1) { transformation: [-0.7193531187923277f,-0.3304144046767632f,-0.6110297960540483f,-0.36608369477955777f,-0.6882799538769205f,0.4578339002032113f,0.5627244662496024f,1.2189746307841738f,0.09381788515488587f,0.8253571596629037f,-0.5567618552112281f,-0.10251681695406359f,0f,0f,0f,1f], start_interpolation: 0, interpolation_duration: 1 }
$data merge entity $(bone_ear_edge_a2) { transformation: [-0.6588084875647353f,-0.438878075377222f,-0.6110297960540483f,-0.4463913006520104f,-0.7514270867651655f,0.3445264987772589f,0.5627244662496024f,1.1358934182003935f,-0.036451474432216344f,0.82987199410118f,-0.5567618552112281f,-0.09835254275037109f,0f,0f,0f,1f], start_interpolation: 0, interpolation_duration: 1 }
$data merge entity $(bone_ear_edge_b1) { transformation: [-0.7139202022933926f,-0.06762188187104362f,-0.6969542494666208f,-0.4810614418351302f,-0.6751881127765609f,0.33026475482669937f,0.6595803242096343f,1.1375226179543996f,0.18557736155735105f,0.9414629428774555f,-0.28144017137916433f,-0.12707862122670543f,0f,0f,0f,1f], start_interpolation: 0, interpolation_duration: 1 }
$data merge entity $(bone_ear_edge_b2) { transformation: [-0.6580821498161176f,-0.28492570653385574f,-0.6969542494666208f,-0.46375804769086854f,-0.7441994762657007f,0.10545584593264785f,0.6595803242096343f,1.1604887610112111f,-0.11443348993740364f,0.9527310251665015f,-0.28144017137916433f,-0.1161052694515004f,0f,0f,0f,1f], start_interpolation: 0, interpolation_duration: 1 }
$data merge entity $(bone_ear_right_2) { transformation: [-0.6945522670049955f,-0.17847106922031175f,-0.6969542494666208f,-0.4714157657496176f,-0.7185402169408017f,0.22057595642811834f,0.6595803242096343f,1.2400304331351577f,0.0360153444643678f,0.9589026670612506f,-0.28144017137916433f,-0.02176478884476782f,0f,0f,0f,1f], start_interpolation: 0, interpolation_duration: 1 }
$data merge entity $(bone_ear_right_1) { transformation: [-0.6945522670049955f,-0.3797890687373322f,-0.6110297960540483f,-0.38596322528371796f,-0.7185402169408017f,0.4087066573017445f,0.5627244662496024f,1.1480714352422654f,0.0360153444643678f,0.8298910359468069f,-0.5567618552112281f,-0.20849027193279907f,0f,0f,0f,1f], start_interpolation: 0, interpolation_duration: 1 }
$data merge entity $(bone_ear_edge_a3) { transformation: [-0.5392399151101787f,-0.5147608306726276f,-0.6665145168390513f,-0.6113072399652284f,-0.8363415772845402f,0.23452221588975036f,0.49551195380068136f,0.9219182457042767f,-0.09875768353487485f,0.8246336261997735f,-0.5569796248368855f,-0.10347928443847931f,0f,0f,0f,1f], start_interpolation: 0, interpolation_duration: 1 }
$data merge entity $(bone_ear_edge_a4) { transformation: [-0.6131273121077727f,-0.4240675630018219f,-0.6665145168390513f,-0.5449576543293205f,-0.7893574672561251f,0.3624675054782521f,0.49551195380068136f,1.0164931188053283f,0.03145930759716698f,0.829930123252596f,-0.5569796248368855f,-0.09873940164844303f,0f,0f,0f,1f], start_interpolation: 0, interpolation_duration: 1 }
$data merge entity $(bone_ear_edge_b3) { transformation: [-0.5271225048122836f,-0.3400881133598913f,-0.7787695038146614f,-0.5530338933655652f,-0.8281734833680978f,0.00020740359993376423f,0.5604717998523188f,1.0503373672037781f,-0.19044827740458803f,0.9403935517298364f,-0.28176128459844985f,-0.12736110284697266f,0f,0f,0f,1f], start_interpolation: 0, interpolation_duration: 1 }
$data merge entity $(bone_ear_edge_b4) { transformation: [-0.6064162997006659f,-0.16055320422096386f,-0.7787695038146614f,-0.5723409934796084f,-0.7875756967430114f,0.2561169331966602f,0.5604717998523188f,1.0289546649157182f,0.10947051364231519f,0.9532191695220565f,-0.28176128459844985f,-0.11653144204681379f,0f,0f,0f,1f], start_interpolation: 0, interpolation_duration: 1 }
$data merge entity $(bone_ear_left_2) { transformation: [-0.573834254148393f,-0.253440937289586f,-0.7787695038146614f,-0.6521927396751779f,-0.8179448484415284f,0.12975972594864496f,0.5604717998523188f,1.0210426750903496f,-0.040993580886800385f,0.9586084210080301f,-0.28176128459844985f,-0.022474312716966455f,0f,0f,0f,1f], start_interpolation: 0, interpolation_duration: 1 }
$data merge entity $(bone_ear_left_1) { transformation: [-0.573834254148393f,-0.4758914241807304f,-0.6665145168390513f,-0.5451171692345137f,-0.8179448484415284f,0.29229117083585765f,0.49551195380068136f,0.9552771616522817f,-0.040993580886800385f,0.8295138478908232f,-0.5569796248368855f,-0.20911492849240138f,0f,0f,0f,1f], start_interpolation: 0, interpolation_duration: 1 }
$data merge entity $(bone_head) { transformation: [-0.636615775803183f,-0.6925419315518717f,-0.3392727914833642f,-0.10001018260492633f,-0.7711770943599351f,0.5702701185654091f,0.2829803544523224f,0.7505677266058662f,-0.002498626238409324f,0.44178916341824975f,-0.8971154284444804f,-0.4071846893255633f,0f,0f,0f,1f], start_interpolation: 0, interpolation_duration: 1 }
$data merge entity $(bone_body_1) { transformation: [-0.636615775803183f,-0.295118246450893f,-0.7124784730855113f,0.010659159814158542f,-0.7711770943599351f,0.24062766256257445f,0.589393092209469f,0.6603323531449008f,-0.002498626238409324f,0.9246640193180558f,-0.38077579787257876f,-0.7539336965698342f,0f,0f,0f,1f], start_interpolation: 0, interpolation_duration: 1 }
$data merge entity $(bone_leg_left_2) { transformation: [-0.6283352733848047f,0.0467395292242157f,-0.7765373143824718f,0.21638652129510727f,-0.7727970093867919f,-0.1521203241475429f,0.6161527320917091f,0.7100131674917293f,-0.08932841934834326f,0.9872562095976631f,0.13170273386525178f,-1.403528600328028f,0f,0f,0f,1f], start_interpolation: 0, interpolation_duration: 1 }
$data merge entity $(bone_leg_left_1) { transformation: [-0.6283352733848047f,-0.27949361553179586f,-0.7260014484127478f,0.11063909159800081f,-0.7727970093867919f,0.11709077095516188f,0.6237583936428885f,0.757111458857034f,-0.08932841934834326f,0.9529811489395215f,-0.28956409180462284f,-1.0671583650397012f,0f,0f,0f,1f], start_interpolation: 0, interpolation_duration: 1 }
$data merge entity $(bone_leg_right_2) { transformation: [-0.6400617261023606f,0.35251973153980476f,-0.6826791527899255f,0.12140977099456227f,-0.7590603602612118f,-0.15257390126823728f,0.6328890693730688f,0.3957913031994049f,0.11894686317421711f,0.9232827538337828f,0.36524046902570884f,-0.9882264743200243f,0f,0f,0f,1f], start_interpolation: 0, interpolation_duration: 1 }
$data merge entity $(bone_leg_right_1) { transformation: [-0.6400617261023606f,-0.7510021403096423f,0.1622244495419945f,-0.1385537642620336f,-0.7590603602612118f,0.5854017000651719f,-0.28483717987812895f,0.606152561302837f,0.11894686317421711f,-0.305451526123447f,-0.9447491777873485f,-1.044687120358073f,0f,0f,0f,1f], start_interpolation: 0, interpolation_duration: 1 }
$data merge entity $(bone_skirt_forward_right) { transformation: [-0.7781248696152756f,-0.3508249668665275f,-0.5210024279303413f,0.006028898489303181f,-0.5950036353131181f,0.6774463343933719f,0.4324779046161293f,0.6645046990454332f,0.20122713845399778f,0.646520151766427f,-0.7358799712653767f,-0.861961131243171f,0f,0f,0f,1f], start_interpolation: 0, interpolation_duration: 1 }
$data merge entity $(bone_skirt_forward_left) { transformation: [-0.4361776433791816f,-0.7336930785463858f,-0.5210024279303413f,0.006028898489303181f,-0.8759656985265518f,0.21365148495559885f,0.4324779046161293f,0.6645046990454332f,-0.20599310284830827f,0.6450174489650604f,-0.7358799712653767f,-0.861961131243171f,0f,0f,0f,1f], start_interpolation: 0, interpolation_duration: 1 }
$data merge entity $(bone_skirt_forward) { transformation: [-0.636615775803183f,-0.568574378678112f,-0.5210024279303413f,0.006028898489303181f,-0.7711770943599351f,0.4671710084684302f,0.4324779046161293f,0.6645046990454332f,-0.002498626238409324f,0.6771073952907241f,-0.7358799712653767f,-0.861961131243171f,0f,0f,0f,1f], start_interpolation: 0, interpolation_duration: 1 }
$data merge entity $(bone_skirt_back_right) { transformation: [-0.5970359798062161f,0.22351561481760984f,-0.7704471485764208f,0.007561447339111629f,-0.7448082185549354f,0.202326896813437f,0.635865193573975f,0.6631589840376628f,0.29800798041303367f,0.9534697670920409f,0.045679829811353545f,-0.8370915394664487f,0f,0f,0f,1f], start_interpolation: 0, interpolation_duration: 1 }
$data merge entity $(bone_skirt_back_left) { transformation: [-0.617266533188241f,-0.1593524968622485f,-0.7704471485764208f,0.007561447339111629f,-0.7261611152847345f,-0.26146795262433603f,0.635865193573975f,0.6631589840376628f,-0.3027739448073442f,0.9519670642906743f,0.045679829811353545f,-0.8370915394664487f,0f,0f,0f,1f], start_interpolation: 0, interpolation_duration: 1 }
$data merge entity $(bone_skirt_back) { transformation: [-0.636615775803183f,0.03363844896802082f,-0.7704471485764208f,0.007561447339111629f,-0.7711770943599351f,-0.03100555975465291f,0.635865193573975f,0.6631589840376628f,-0.002498626238409324f,0.9989530069103983f,0.045679829811353545f,-0.8370915394664487f,0f,0f,0f,1f], start_interpolation: 0, interpolation_duration: 1 }
$data merge entity $(bone_skirt_right) { transformation: [-0.6775371535415848f,-0.00017802369048008915f,-0.7354885273601027f,-0.1281162931924302f,-0.6602523219780634f,0.44074263601735053f,0.6081223562072464f,0.5398631489669288f,0.3240528921230954f,0.8976334982073936f,-0.298737051606617f,-0.7540403487557432f,0f,0f,0f,1f], start_interpolation: 0, interpolation_duration: 1 }
$data merge entity $(bone_skirt_left) { transformation: [-0.5189091400547097f,-0.43564886145765286f,-0.7354885273601027f,0.1026569255362236f,-0.789086527800235f,-0.08677356466756489f,0.6081223562072464f,0.8194148456724053f,-0.32874877339976594f,0.8959243371990374f,-0.298737051606617f,-0.7531345967443198f,0f,0f,0f,1f], start_interpolation: 0, interpolation_duration: 1 }
$data merge entity $(bone_coat_downer) { transformation: [-0.636615775803183f,0.21256633087650317f,-0.7413068925729833f,0.010044313827828708f,-0.7711770943599351f,-0.17858865514769964f,0.6110580834806982f,0.6513369287209926f,-0.002498626238409324f,0.9606881113192964f,0.2776186406505941f,-0.947645772513351f,0f,0f,0f,1f], start_interpolation: 0, interpolation_duration: 1 }
$data merge entity $(bone_body_2) { transformation: [-0.636615775803183f,-0.06721286523654708f,-0.7682465650721814f,8.878689293818311e-17f,-0.7711770943599351f,0.05225675958970765f,0.6344723163478068f,0.6690378694915049f,-0.002498626238409324f,0.9963692397017669f,-0.08510049966388843f,-0.725f,0f,0f,0f,1f], start_interpolation: 0, interpolation_duration: 1 }
$data merge entity $(bone_book_left) { transformation: [-2.6382113554803716e-16f,0.7711811421439918f,0.6366157758031827f,-0.7266078336403591f,-0.0032399991413986687f,-0.6366124343273003f,0.7711770943599352f,0.23260653421336547f,0.9999947511890068f,-0.002062634567002956f,0.0024986262384095463f,0.17984071218629652f,0f,0f,0f,1f], start_interpolation: 0, interpolation_duration: 1 }
$data merge entity $(bone_book_right) { transformation: [-2.6382113554803716e-16f,0.7711811421439918f,0.6366157758031827f,-0.7266078336403591f,-0.0032399991413986687f,-0.6366124343273003f,0.7711770943599352f,0.23230278429385937f,0.9999947511890068f,-0.002062634567002956f,0.0024986262384095463f,0.2735902201102659f,0f,0f,0f,1f], start_interpolation: 0, interpolation_duration: 1 }
$data merge entity $(bone_book_loot_1) { transformation: [-2.6382113554803716e-16f,0.7711811421439918f,0.6366157758031827f,-0.8221002000108365f,-0.0032399991413986687f,-0.6366124343273003f,0.7711770943599352f,0.11677809509962211f,0.9999947511890068f,-0.002062634567002956f,0.0024986262384095463f,0.22634067221251977f,0f,0f,0f,1f], start_interpolation: 0, interpolation_duration: 1 }
$data merge entity $(bone_book_left2) { transformation: [-2.6382113554803716e-16f,-0.7711811421439916f,-0.6366157758031832f,0.2879985590459637f,-0.0032399991413986687f,0.6366124343273007f,-0.771177094359935f,1.4613662784300059f,0.9999947511890068f,0.002062634567002957f,-0.0024986262384095455f,0.2775724056777308f,0f,0f,0f,1f], start_interpolation: 0, interpolation_duration: 1 }
$data merge entity $(bone_book_right2) { transformation: [-2.6382113554803716e-16f,-0.7711811421439916f,-0.6366157758031832f,0.2879985590459638f,-0.0032399991413986687f,0.6366124343273007f,-0.771177094359935f,1.461670028349512f,0.9999947511890068f,0.002062634567002957f,-0.0024986262384095455f,0.18382289775376137f,0f,0f,0f,1f], start_interpolation: 0, interpolation_duration: 1 }
$data merge entity $(bone_book_loot_2) { transformation: [-2.6382113554803716e-16f,-0.7711811421439916f,-0.6366157758031832f,0.38349092541644125f,-0.0032399991413986687f,0.6366124343273007f,-0.771177094359935f,1.5771947175437493f,0.9999947511890068f,0.002062634567002957f,-0.0024986262384095455f,0.2310724456515075f,0f,0f,0f,1f], start_interpolation: 0, interpolation_duration: 1 }
$data merge entity $(bone_air_staff_povit_1) { transformation: [-0.000009947121496924736f,-1.9135005800121427e-21f,-0.000012049705345999872f,0.5255922608621348f,-0.000012049642099373986f,-5.062498658435153e-8f,0.000009947069286364072f,0.22526261345557602f,-3.904103497514569e-8f,0.000015624917987328234f,3.22286651094212e-8f,-0.5603144670452945f,0f,0f,0f,1f], start_interpolation: 0, interpolation_duration: 1 }