# This file was generated by Animated Java via MC-Build. It is not recommended to edit this file directly.
$data merge entity $(bone_wing_right_1) { transformation: [0.5515021980810996f,-0.20065964279953494f,-0.5679132660078675f,-0.2572624903136447f,-0.584957639160864f,0.005117249129218097f,-0.569862104893054f,0.7693054988425965f,0.1435769143821815f,0.7916147838168239f,-0.14027169402120723f,-0.7498105004117455f,0f,0f,0f,1f], start_interpolation: 0, interpolation_duration: 1 }
$data merge entity $(bone_wing_right_2) { transformation: [0.42390119715765007f,-0.38834555863061193f,-0.5563231993546458f,-0.2572624903136447f,-0.5274828771387513f,0.22391639400049457f,-0.5582322660176856f,0.7693054988425965f,0.4266961323632264f,0.6626078595894356f,-0.13740900638812137f,-0.7498105004117455f,0f,0f,0f,1f], start_interpolation: 0, interpolation_duration: 1 }
$data merge entity $(bone_wing_left_1) { transformation: [-0.7988528714226611f,-0.1570450453930116f,-0.06415128978999866f,-0.31266616293349664f,-0.08878975198125015f,0.12391709236951225f,0.8023125192879879f,0.618393923050072f,-0.14455073229604037f,0.7917864941893344f,-0.13828838655681028f,-0.750028624292962f,0f,0f,0f,1f], start_interpolation: 0, interpolation_duration: 1 }
$data merge entity $(bone_wing_left_2) { transformation: [-0.6641096624212294f,-0.4415984933011995f,-0.06284207979428441f,-0.31266616293349664f,-0.12681017416055246f,0.07886311672307567f,0.7859387944045596f,0.618393923050072f,-0.42764183145259665f,0.6623982031488559f,-0.13546617458626314f,-0.750028624292962f,0f,0f,0f,1f], start_interpolation: 0, interpolation_duration: 1 }
$data merge entity $(bone_staff) { transformation: [0.44495156184251705f,0.02060193510623568f,1.4976648216085546f,0.006782449962503189f,1.4974106203648834f,0.029800688634834482f,-0.4452859788667775f,0.5879831466869179f,-0.034435325355796166f,1.5620799368876002f,-0.011257403824699554f,0.2735730981500587f,0f,0f,0f,1f], start_interpolation: 0, interpolation_duration: 1 }
$data merge entity $(bone_arm_right_2) { transformation: [0.32961215961398294f,0.21949156063072156f,-0.9182479398542076f,-0.14704511941069562f,0.5401076342612988f,0.753888507151758f,0.37408002111467636f,0.34535385249310363f,0.7743639762070996f,-0.6192540460880205f,0.12994175139787317f,-0.013960406676294224f,0f,0f,0f,1f], start_interpolation: 0, interpolation_duration: 1 }
$data merge entity $(bone_arm_right_1) { transformation: [0.14410728721460475f,0.36885472848419726f,-0.9182479398542076f,-0.1943303230279878f,0.010017589403118615f,0.9273423239049288f,0.37408002111467636f,0.34206683097020535f,0.9895113630849312f,-0.06310628787573715f,0.12994175139787317f,-0.33864382268853727f,0f,0f,0f,1f], start_interpolation: 0, interpolation_duration: 1 }
$data merge entity $(bone_arm_left_2) { transformation: [0.09888281940632887f,-0.3198666013332339f,-0.9422884618723617f,0.044995963601590576f,0.6270505963280861f,-0.7152449688368895f,0.3085971227962254f,0.8684459343689667f,-0.7726769943973013f,-0.6213774954929114f,0.12984710402665917f,-0.013204342242315537f,0f,0f,0f,1f], start_interpolation: 0, interpolation_duration: 1 }
$data merge entity $(bone_arm_left_1) { transformation: [-0.10246788163868359f,-0.3187362355533167f,-0.9422884618723617f,0.011373689938897523f,0.1034021175113051f,-0.9455558248438163f,0.3085971227962254f,0.9023747541773637f,-0.9893474290291856f,-0.06581332881135098f,0.12984710402665917f,-0.3378339673925171f,0f,0f,0f,1f], start_interpolation: 0, interpolation_duration: 1 }
$data merge entity $(bone_himo_right_2) { transformation: [-0.34463499554661414f,-0.9164849584648121f,0.20317982368418533f,0.23958241673286723f,-0.9387357875722024f,0.33677825477914175f,-0.07318147469894201f,0.334510776012f,-0.0013568256268400812f,-0.21595306901191946f,-0.9764028016185489f,-0.5309131370434748f,0f,0f,0f,1f], start_interpolation: 0, interpolation_duration: 1 }
$data merge entity $(bone_himo_right_1) { transformation: [-0.34463499554661414f,-0.9244752472948945f,-0.16300992909522016f,0.0652244958082294f,-0.9387357875722024f,0.3391478745086506f,0.061268591851461524f,0.39848393118144365f,-0.0013568256268400812f,0.1741385550511662f,-0.984720225581312f,-0.5044166593812642f,0f,0f,0f,1f], start_interpolation: 0, interpolation_duration: 1 }
$data merge entity $(bone_himo_left_2) { transformation: [-0.34463499554661414f,-0.8821240138748898f,0.32106688398188643f,0.34728085284118415f,-0.9387357875722024f,0.32434497088971903f,-0.11651378025685932f,0.6278657096283133f,-0.0013568256268400812f,-0.34155170033803106f,-0.9398620084993424f,-0.5304891290350873f,0f,0f,0f,1f], start_interpolation: 0, interpolation_duration: 1 }
$data merge entity $(bone_himo_left_1) { transformation: [-0.34463499554661414f,-0.9244752472948945f,-0.16300992909522016f,0.1729229319165463f,-0.9387357875722024f,0.3391478745086506f,0.061268591851461524f,0.6918388647977569f,-0.0013568256268400812f,0.1741385550511662f,-0.984720225581312f,-0.5039926513728767f,0f,0f,0f,1f], start_interpolation: 0, interpolation_duration: 1 }
$data merge entity $(bone_ponpon1) { transformation: [-0.34463499554661414f,-0.8569110053769933f,-0.3833148167086367f,-0.44860703933977913f,-0.9387357875722024f,0.3140040838032366f,0.142044206098265f,1.0660226901968213f,-0.0013568256268400812f,0.4087847406871745f,-0.912629823535007f,-0.1787991743980201f,0f,0f,0f,1f], start_interpolation: 0, interpolation_duration: 1 }
$data merge entity $(bone_ponpon2) { transformation: [-0.34463499554661414f,-0.8569110053769933f,-0.3833148167086367f,-0.36450511540109165f,-0.9387357875722024f,0.3140040838032366f,0.142044206098265f,1.0752914160770866f,-0.0013568256268400812f,0.4087847406871745f,-0.912629823535007f,-0.3154054319793173f,0f,0f,0f,1f], start_interpolation: 0, interpolation_duration: 1 }
$data merge entity $(bone_ponpon3) { transformation: [-0.34463499554661414f,-0.8569110053769933f,-0.3833148167086367f,-0.6510800992234149f,-0.9387357875722024f,0.3140040838032366f,0.142044206098265f,0.5145154149981523f,-0.0013568256268400812f,0.4087847406871745f,-0.912629823535007f,-0.17959630945378866f,0f,0f,0f,1f], start_interpolation: 0, interpolation_duration: 1 }
$data merge entity $(bone_ponpon4) { transformation: [-0.34463499554661414f,-0.8569110053769933f,-0.3833148167086367f,-0.5928257999507235f,-0.9387357875722024f,0.3140040838032366f,0.142044206098265f,0.45337895681050255f,-0.0013568256268400812f,0.4087847406871745f,-0.912629823535007f,-0.31630432895709887f,0f,0f,0f,1f], start_interpolation: 0, interpolation_duration: 1 }
$data merge entity $(bone_ear_edge_a1) { transformation: [-0.4533758801063361f,-0.4911832110663556f,-0.7437670095563187f,-0.5381419232255286f,-0.88669959237589f,0.33339871349888595f,0.3203266000782918f,0.9910585017040641f,0.0906319161125666f,0.8047262584281886f,-0.5866868881932962f,-0.1214948747958732f,0f,0f,0f,1f], start_interpolation: 0, interpolation_duration: 1 }
$data merge entity $(bone_ear_edge_a2) { transformation: [-0.37095608782817907f,-0.5560595439328986f,-0.7437670095563187f,-0.5864741295000889f,-0.9279378983914274f,0.19058364570755526f,0.3203266000782918f,0.8860945481180225f,-0.03637083491086163f,0.808996698132912f,-0.5866868881932962f,-0.11753168047554871f,0f,0f,0f,1f], start_interpolation: 0, interpolation_duration: 1 }
$data merge entity $(bone_ear_edge_b1) { transformation: [-0.4556961139083722f,-0.20505371415998253f,-0.8661951431854163f,-0.6187323466107796f,-0.8712964062878742f,0.3018967312197819f,0.3869120521108722f,0.875730257740197f,0.1821637289875331f,0.9310270339727023f,-0.31623573146206885f,-0.14722763104002962f,0f,0f,0f,1f], start_interpolation: 0, interpolation_duration: 1 }
$data merge entity $(bone_ear_edge_b2) { transformation: [-0.3700276761477986f,-0.33583551451068405f,-0.8661951431854163f,-0.6103985607593504f,-0.9219433453177907f,0.017875456794008177f,0.3869120521108722f,0.9032855189126044f,-0.1144551742338488f,0.9417510155225477f,-0.31623573146206885f,-0.13634088588351367f,0f,0f,0f,1f], start_interpolation: 0, interpolation_duration: 1 }
$data merge entity $(bone_ear_right_2) { transformation: [-0.41800827048268374f,-0.27381574047171114f,-0.8661951431854163f,-0.6471684799964831f,-0.9077963553387383f,0.16187909428044342f,0.3869120521108722f,0.9770534324397129f,0.03427627520280644f,0.9480612317276095f,-0.31623573146206885f,-0.04418931235163198f,0f,0f,0f,1f], start_interpolation: 0, interpolation_duration: 1 }
$data merge entity $(bone_ear_right_1) { transformation: [-0.41800827048268374f,-0.5216126161278372f,-0.7437670095563187f,-0.5298056413677199f,-0.9077963553387383f,0.270733534154868f,0.3203266000782918f,0.9161383872548676f,0.03427627520280644f,0.8090881485847439f,-0.5866868881932962f,-0.22623414578319906f,0f,0f,0f,1f], start_interpolation: 0, interpolation_duration: 1 }
$data merge entity $(bone_ear_edge_a3) { transformation: [-0.22796947940308682f,-0.5909800306188775f,-0.7738039285700197f,-0.6708948624632716f,-0.9691864346751063f,0.061566638374738136f,0.2385103852686286f,0.6294587321559605f,-0.09331436814575228f,0.8043333590302871f,-0.5868051433385825f,-0.12201752221219388f,0f,0f,0f,1f], start_interpolation: 0, interpolation_duration: 1 }
$data merge entity $(bone_ear_edge_a4) { transformation: [-0.31761244175729564f,-0.548041802210901f,-0.7738039285700197f,-0.6398334965653623f,-0.9476229972530962f,0.21242281232501498f,0.2385103852686286f,0.740751364420363f,0.033659945306353065f,0.8090282639273855f,-0.5868051433385825f,-0.11774175593974036f,0f,0f,0f,1f], start_interpolation: 0, interpolation_duration: 1 }
$data merge entity $(bone_ear_edge_b3) { transformation: [-0.21614829223583415f,-0.35255461194607907f,-0.9104862224982221f,-0.6576949775342377f,-0.9587104005584609f,-0.09987434031990446f,0.26626957018536523f,0.769601697093574f,-0.18480877583212238f,0.9304463239441669f,-0.3164101051392305f,-0.1473810266522257f,0f,0f,0f,1f], start_interpolation: 0, interpolation_duration: 1 }
$data merge entity $(bone_ear_edge_b4) { transformation: [-0.31451460835356254f,-0.26850586543523247f,-0.9104862224982221f,-0.6691804578795216f,-0.9426506421518986f,0.2012716642846526f,0.26626957018536523f,0.7431721491122689f,0.11176013592877485f,0.9420160918917273f,-0.3164101051392305f,-0.1365723098115464f,0f,0f,0f,1f], start_interpolation: 0, interpolation_duration: 1 }
$data merge entity $(bone_ear_left_2) { transformation: [-0.268638840198135f,-0.31440103717691337f,-0.9104862224982221f,-0.7450329595959131f,-0.9625308736380762f,0.051330627181267796f,0.26626957018536523f,0.7104847713366684f,-0.03697960019419264f,0.9479014476912982f,-0.3164101051392305f,-0.0445746041403178f,0f,0f,0f,1f], start_interpolation: 0, interpolation_duration: 1 }
$data merge entity $(bone_ear_left_1) { transformation: [-0.268638840198135f,-0.5736380859623991f,-0.7738039285700197f,-0.6159643902543734f,-0.9625308736380762f,0.12902369322156218f,0.2385103852686286f,0.681454440361817f,-0.03697960019419264f,0.8088833246648515f,-0.5868051433385825f,-0.2265733521899091f,0f,0f,0f,1f], start_interpolation: 0, interpolation_duration: 1 }
$data merge entity $(bone_head) { transformation: [-0.34463499554661414f,-0.8569110053769933f,-0.3833148167086367f,-0.12173953753319261f,-0.9387357875722024f,0.3140040838032366f,0.142044206098265f,0.6334304394186128f,-0.0013568256268400812f,0.4087847406871745f,-0.912629823535007f,-0.4073862466032621f,0f,0f,0f,1f], start_interpolation: 0, interpolation_duration: 1 }
$data merge entity $(bone_body_1) { transformation: [-0.34463499554661414f,-0.3592390085164062f,-0.8672796864937715f,0.012975090660459711f,-0.9387357875722024f,0.130550613880632f,0.31895400663196966f,0.5844739592133757f,-0.0013568256268400812f,0.9240691922012872f,-0.38222282381966516f,-0.7539121936787448f,0f,0f,0f,1f], start_interpolation: 0, interpolation_duration: 1 }
$data merge entity $(bone_leg_left_2) { transformation: [-0.33619279492141113f,0.09350876756585641f,-0.9371395387194187f,0.19125764126831324f,-0.9376560084681836f,-0.1263999398483665f,0.32376575635765226f,0.6985612970662434f,-0.08817944446662908f,0.9875622337830887f,0.13017380680810064f,-1.4035004333006595f,0f,0f,0f,1f], start_interpolation: 0, interpolation_duration: 1 }
$data merge entity $(bone_leg_left_1) { transformation: [-0.33619279492141113f,-0.3035360771606018f,-0.8915381396804533f,0.07551166510587023f,-0.9376560084681836f,0.019244421461866446f,0.3470315000487872f,0.7084416200740465f,-0.08817944446662908f,0.9526255833770954f,-0.291082262374411f,-1.067269930007956f,0f,0f,0f,1f], start_interpolation: 0, interpolation_duration: 1 }
$data merge entity $(bone_leg_right_2) { transformation: [-0.35203703734460046f,0.38218158701182176f,-0.854404563943078f,0.20548652719436544f,-0.9282534940652828f,-0.025461302370395483f,0.3710756969099389f,0.3712969880554082f,0.12006404579735774f,0.9237364107962444f,0.3637247149645474f,-0.9876549934834987f,0f,0f,0f,1f], start_interpolation: 0, interpolation_duration: 1 }
$data merge entity $(bone_leg_right_1) { transformation: [-0.35203703734460046f,-0.9023769493865553f,0.248567426573657f,-0.10949139848896296f,-0.9282534940652828f,0.30252650993115476f,-0.21638660204473964f,0.48338129480073305f,0.12006404579735774f,-0.3069096805327081f,-0.9441350925064065f,-1.0446349692526016f,0f,0f,0f,1f], start_interpolation: 0, interpolation_duration: 1 }
$data merge entity $(bone_skirt_forward_right) { transformation: [-0.5368055308184363f,-0.5564426716284552f,-0.6342013680793537f,0.007338805857616512f,-0.819175136816868f,0.5236831953958362f,0.23389742640967942f,0.5866993444271786f,0.20197009012178488f,0.6450794246067638f,-0.7369400373471404f,-0.8619494760706283f,0f,0f,0f,1f], start_interpolation: 0, interpolation_duration: 1 }
$data merge entity $(bone_skirt_forward_left) { transformation: [-0.12056294332925488f,-0.7637101553744476f,-0.6342013680793537f,0.007338805857616512f,-0.9714013289463244f,-0.040883395654508936f,0.23389742640967942f,0.5866993444271786f,-0.20455814532083885f,0.6442634139369502f,-0.7369400373471404f,-0.8619494760706283f,0f,0f,0f,1f], start_interpolation: 0, interpolation_duration: 1 }
$data merge entity $(bone_skirt_forward) { transformation: [-0.34463499554661414f,-0.6921093443747608f,-0.6342013680793537f,0.007338805857616512f,-0.9387357875722024f,0.25311482582046624f,0.23389742640967942f,0.5866993444271786f,-0.0013568256268400812f,0.675956759252405f,-0.7369400373471404f,-0.8619494760706283f,0f,0f,0f,1f], start_interpolation: 0, interpolation_duration: 1 }
$data merge entity $(bone_skirt_back_right) { transformation: [-0.31637119979794454f,0.14268570689854854f,-0.9378432987366656f,0.009204333780505402f,-0.9002428871321854f,0.26656913985649716f,0.3442435734245073f,0.5859785087285558f,0.29911871908377113f,0.9531955112793117f,0.04411699412534004f,-0.8370766706103568f,0f,0f,0f,1f], start_interpolation: 0, interpolation_duration: 1 }
$data merge entity $(bone_skirt_back_left) { transformation: [-0.34099727434974664f,-0.06458177684744384f,-0.9378432987366656f,0.009204333780505402f,-0.890333578631007f,-0.29799745119384796f,0.3442435734245073f,0.5859785087285558f,-0.30170677428282505f,0.952379500609498f,0.04411699412534004f,-0.8370766706103568f,0f,0f,0f,1f], start_interpolation: 0, interpolation_duration: 1 }
$data merge entity $(bone_skirt_back) { transformation: [-0.34463499554661414f,0.040947122723271945f,-0.9378432987366656f,0.009204333780505402f,-0.9387357875722024f,-0.016476749895602702f,0.3442435734245073f,0.5859785087285558f,-0.0013568256268400812f,0.9990254500529818f,0.04411699412534004f,-0.8370766706103568f,0f,0f,0f,1f], start_interpolation: 0, interpolation_duration: 1 }
$data merge entity $(bone_skirt_right) { transformation: [-0.42039763622185666f,-0.1473876962822733f,-0.8952891680589461f,-0.07796057332104603f,-0.8471497693280237f,0.4171549641692298f,0.32911852606081676f,0.4247799733837329f,0.32496629946280814f,0.8968046625958034f,-0.30023041378227416f,-0.7538593426512006f,0f,0f,0f,1f], start_interpolation: 0, interpolation_duration: 1 }
$data merge entity $(bone_skirt_left) { transformation: [-0.22730428813761885f,-0.38313191742606156f,-0.8952891680589461f,0.046969612564601596f,-0.9170964155704697f,-0.22497813305152847f,0.32911852606081676f,0.7650716963786564f,-0.3275162975212778f,0.8958765392050839f,-0.30023041378227416f,-0.753367493361471f,0f,0f,0f,1f], start_interpolation: 0, interpolation_duration: 1 }
$data merge entity $(bone_coat_downer) { transformation: [-0.34463499554661414f,0.25875092057634547f,-0.9023716977750793f,0.015588368689129118f,-0.9387357875722024f,-0.0963835622375409f,0.3308856752136582f,0.5754721541675819f,-0.0013568256268400812f,0.9611233895974522f,0.27611589775476986f,-0.9476073209957798f,0f,0f,0f,1f], start_interpolation: 0, interpolation_duration: 1 }
$data merge entity $(bone_body_2) { transformation: [-0.34463499554661414f,-0.08181630027115841f,-0.9351645913177663f,8.878689293818311e-17f,-0.9387357875722024f,0.028597013819187864f,0.34344916935672093f,0.5891956727832145f,-0.0013568256268400812f,0.9962370720920622f,-0.08665942080151198f,-0.725f,0f,0f,0f,1f], start_interpolation: 0, interpolation_duration: 1 }
$data merge entity $(bone_book_left) { transformation: [-1.9898889342332467e-16f,0.9387367681328911f,0.3446349955466139f,-0.5415842805139991f,-0.0014453739034201304f,-0.3446346355569555f,0.9387357875722026f,-0.06216380355184936f,0.999998955446594f,-0.0004981264287682018f,0.0013568256268403035f,0.1803094876552686f,0f,0f,0f,1f], start_interpolation: 0, interpolation_duration: 1 }
$data merge entity $(bone_book_right) { transformation: [-1.9898889342332467e-16f,0.9387367681328911f,0.3446349955466139f,-0.5415842805139991f,-0.0014453739034201304f,-0.3446346355569555f,0.9387357875722026f,-0.062299307355294986f,0.999998955446594f,-0.0004981264287682018f,0.0013568256268403035f,0.2740593897283868f,0f,0f,0f,1f], start_interpolation: 0, interpolation_duration: 1 }
$data merge entity $(bone_book_loot_1) { transformation: [-1.9898889342332467e-16f,0.9387367681328911f,0.3446349955466139f,-0.5932795298459912f,-0.0014453739034201304f,-0.3446346355569555f,0.9387357875722026f,-0.20304192358940257f,0.999998955446594f,-0.0004981264287682018f,0.0013568256268403035f,0.22698091484780164f,0f,0f,0f,1f], start_interpolation: 0, interpolation_duration: 1 }
$data merge entity $(bone_book_left2) { transformation: [-1.9898889342332467e-16f,-0.9387367681328909f,-0.34463499554661436f,0.007677743638417195f,-0.0014453739034201304f,0.34463463555695595f,-0.9387357875722023f,1.4338108540879029f,0.999998955446594f,0.0004981264287682025f,-0.001356825626840303f,0.27622183057116306f,0f,0f,0f,1f], start_interpolation: 0, interpolation_duration: 1 }
$data merge entity $(bone_book_right2) { transformation: [-1.9898889342332467e-16f,-0.9387367681328909f,-0.34463499554661436f,0.007677743638417209f,-0.0014453739034201304f,0.34463463555695595f,-0.9387357875722023f,1.4339463578913483f,0.999998955446594f,0.0004981264287682025f,-0.001356825626840303f,0.1824719284980449f,0f,0f,0f,1f], start_interpolation: 0, interpolation_duration: 1 }
$data merge entity $(bone_book_loot_2) { transformation: [-1.9898889342332467e-16f,-0.9387367681328909f,-0.34463499554661436f,0.05937299297040936f,-0.0014453739034201304f,0.34463463555695595f,-0.9387357875722023f,1.574688974125456f,0.999998955446594f,0.0004981264287682025f,-0.001356825626840303f,0.22955040337863003f,0f,0f,0f,1f], start_interpolation: 0, interpolation_duration: 1 }
$data merge entity $(bone_air_staff_povit_1) { transformation: [-0.000005384921805415847f,-1.9135086249037e-21f,-0.000014667762002076423f,0.642894125011005f,-0.000014667746680815665f,-2.2583967240936283e-8f,0.000005384916180577434f,0.3452439261647342f,-2.1200400419376272e-8f,0.00001562498367885303f,7.783225449503158e-9f,-0.559229928332563f,0f,0f,0f,1f], start_interpolation: 0, interpolation_duration: 1 }