# This file was generated by Animated Java via MC-Build. It is not recommended to edit this file directly.
$data merge entity $(bone_wing_right_1) { transformation: [-0.05348950831504685f,-0.11138211810468876f,-0.8072653471512152f,-0.014528846529132125f,-0.8003580148427067f,0.15939913984774093f,0.031038794069458527f,0.8671759905281101f,0.15333090041377978f,0.7931773965682317f,-0.11959806434882654f,-0.7489631168027934f,0f,0f,0f,1f], start_interpolation: 0, interpolation_duration: 1 }
$data merge entity $(bone_wing_right_2) { transformation: [-0.09016354598866302f,-0.0807517817800689f,-0.7907905441481292f,-0.014528846529132125f,-0.6645893668325535f,0.4442932457594926f,0.030405349292530803f,0.8671759905281101f,0.4361095143055881f,0.6603655514272678f,-0.11715728752538111f,-0.7489631168027934f,0f,0f,0f,1f], start_interpolation: 0, interpolation_duration: 1 }
$data merge entity $(bone_wing_left_1) { transformation: [-0.5294343899555881f,-0.008596907139819324f,0.6217473476939229f,-0.17879706752086386f,0.6026054315678696f,0.19426825578389226f,0.5158206888871659f,0.8114492221670105f,-0.15333090041377992f,0.7931773965682317f,-0.11959806434882626f,-0.7489631168027934f,0f,0f,0f,1f], start_interpolation: 0, interpolation_duration: 1 }
$data merge entity $(bone_wing_left_2) { transformation: [-0.4759285251483204f,-0.20625137251562556f,0.6090586263124144f,-0.17879706752086386f,0.4725468553300177f,0.401718445958835f,0.505293736052734f,0.8114492221670105f,-0.4361095143055882f,0.6603655514272677f,-0.11715728752538083f,-0.7489631168027934f,0f,0f,0f,1f], start_interpolation: 0, interpolation_duration: 1 }
$data merge entity $(bone_staff) { transformation: [1.444736865465715f,0.03788661835488976f,0.5938907674934278f,0.004438614142476337f,0.5939714709364333f,0.0040973050994935235f,-1.4451945729916549f,0.5492414247863966f,-0.036599607619638944f,1.5620352320740252f,-0.01061378733232756f,0.2735738076407047f,0f,0f,0f,1f], start_interpolation: 0, interpolation_duration: 1 }
$data merge entity $(bone_arm_right_2) { transformation: [0.6281919124632102f,0.7238511534930802f,-0.28533213752143705f,-0.28130802009936706f,0.08333679589425147f,0.3020165688841895f,0.9496530790607176f,0.5163404168713189f,0.7735825098629717f,-0.6203430500184228f,0.12940093016646448f,-0.013608706791513436f,0f,0f,0f,1f], start_interpolation: 0, interpolation_duration: 1 }
$data merge entity $(bone_arm_right_1) { transformation: [0.09940072423089502f,0.9532602306399979f,-0.28533213752143705f,-0.3139238827376295f,-0.1049640805782931f,0.2951975122165702f,0.9496530790607176f,0.5507817558110714f,0.9894958503251682f,-0.06444657835235805f,0.12940093016646448f,-0.33828703267945925f,0f,0f,0f,1f], start_interpolation: 0, interpolation_duration: 1 }
$data merge entity $(bone_arm_left_2) { transformation: [0.5492304440235783f,-0.7582020539959164f,-0.3513909001013498f,0.24638419468358055f,0.3160949537587859f,-0.20075892411101956f,0.9272431367219802f,0.69535606360828f,-0.7735825098629715f,-0.620343050018423f,0.12940093016646448f,-0.013608706791513325f,0f,0f,0f,1f], start_interpolation: 0, interpolation_duration: 1 }
$data merge entity $(bone_arm_left_1) { transformation: [0.015016408842643714f,-0.9361084033334143f,-0.3513909001013498f,0.25131145383507303f,0.1437792393036751f,-0.34575670022031335f,0.9272431367219802f,0.7425336265047984f,-0.9894958503251682f,-0.06444657835235841f,0.12940093016646448f,-0.33828703267945914f,0f,0f,0f,1f], start_interpolation: 0, interpolation_duration: 1 }
$data merge entity $(bone_himo_right_2) { transformation: [0.13275347495760975f,-0.9907667453196173f,-0.027527645294351366f,0.05728868946889734f,-0.9820047789772804f,-0.12771398010129567f,-0.13912495589385898f,0.3109154841466498f,0.1343247146003358f,0.04550160058127867f,-0.9898921534147445f,-0.5568986639309285f,0f,0f,0f,1f], start_interpolation: 0, interpolation_duration: 1 }
$data merge entity $(bone_himo_right_1) { transformation: [-0.3000431827120722f,-0.863879212651689f,-0.40458224683778166f,-0.10721730194603046f,-0.900947800172254f,0.39600404820994894f,-0.17740872347804243f,0.3840574386642775f,0.3134759159373911f,0.31127720724400965f,-0.897128391244856f,-0.504141240017957f,0f,0f,0f,1f], start_interpolation: 0, interpolation_duration: 1 }
$data merge entity $(bone_himo_left_2) { transformation: [0.33421155764152743f,-0.9410224726236955f,0.05271945329771788f,0.3593166769724925f,-0.9347809177643431f,-0.33809943893666927f,-0.10896515578092908f,0.4371600946584429f,0.12036307790380256f,-0.012863724495479234f,-0.9926465907208002f,-0.5662280429658703f,0f,0f,0f,1f], start_interpolation: 0, interpolation_duration: 1 }
$data merge entity $(bone_himo_left_1) { transformation: [-0.1312188475805829f,-0.8957008262032609f,-0.4248548504823968f,0.18871742924386609f,-0.9287040843738317f,0.26099917619647617f,-0.26341631250194797f,0.484451088242145f,0.3468289747223939f,0.359999249948603f,-0.866089026791967f,-0.504141240017957f,0f,0f,0f,1f], start_interpolation: 0, interpolation_duration: 1 }
$data merge entity $(bone_ponpon1) { transformation: [-0.946991139807669f,-0.29680524172512707f,-0.12294075650597236f,0.0880204298223569f,-0.3212596786491761f,0.8749057315378398f,0.3623978198009276f,1.20928268627059f,-1.8730694524263536e-16f,0.3826834323650899f,-0.9238795325112867f,-0.19231127601045656f,0f,0f,0f,1f], start_interpolation: 0, interpolation_duration: 1 }
$data merge entity $(bone_ponpon2) { transformation: [-0.946991139807669f,-0.29680524172512707f,-0.12294075650597236f,0.14910755685835048f,-0.3212596786491761f,0.8749057315378398f,0.3623978198009276f,1.1459415033840414f,-1.8730694524263536e-16f,0.3826834323650899f,-0.9238795325112867f,-0.3267604112290259f,0f,0f,0f,1f], start_interpolation: 0, interpolation_duration: 1 }
$data merge entity $(bone_ponpon3) { transformation: [-0.946991139807669f,-0.29680524172512707f,-0.12294075650597236f,-0.46833686481464865f,-0.3212596786491761f,0.8749057315378398f,0.3623978198009276f,1.0205426250641993f,-1.8730694524263536e-16f,0.3826834323650899f,-0.9238795325112867f,-0.19231127601045667f,0f,0f,0f,1f], start_interpolation: 0, interpolation_duration: 1 }
$data merge entity $(bone_ponpon4) { transformation: [-0.946991139807669f,-0.29680524172512707f,-0.12294075650597236f,-0.4782740732642302f,-0.3212596786491761f,0.8749057315378398f,0.3623978198009276f,0.9331069662789622f,-1.8730694524263536e-16f,0.3826834323650899f,-0.9238795325112867f,-0.326760411229026f,0f,0f,0f,1f], start_interpolation: 0, interpolation_duration: 1 }
$data merge entity $(bone_ear_edge_a1) { transformation: [-0.9754827987545777f,-0.055202586477063456f,-0.21303986429815994f,-0.026987178638148576f,-0.2014858998823944f,0.6134059974796288f,0.7636337567215081f,1.2334392108731682f,0.08852537197051363f,0.7878361229991069f,-0.6094895420064388f,-0.13654730863881953f,0f,0f,0f,1f], start_interpolation: 0, interpolation_duration: 1 }
$data merge entity $(bone_ear_edge_a2) { transformation: [-0.9548373996966331f,-0.20712208081320996f,-0.21303986429815994f,-0.13905738443401666f,-0.29496311317635515f,0.5743346128005079f,0.7636337567215081f,1.2052516708749172f,-0.03580924469861088f,0.7919849721925895f,-0.6094895420064388f,-0.13269086121680362f,0f,0f,0f,1f], start_interpolation: 0, interpolation_duration: 1 }
$data merge entity $(bone_ear_edge_b1) { transformation: [-0.9656690789953308f,0.0989279677550428f,-0.24020093061469797f,-0.16714366022333527f,-0.18750787648050846f,0.3745005062022975f,0.9080694726242003f,1.223027077110807f,0.17978883761257292f,0.9219341777209913f,-0.34309378574937766f,-0.16310560454236644f,0f,0f,0f,1f], start_interpolation: 0, interpolation_duration: 1 }
$data merge entity $(bone_ear_edge_b2) { transformation: [-0.9489762934185337f,-0.2043220679746905f,-0.24020093061469797f,-0.14055026396296183f,-0.29405760860198465f,0.298228026367893f,0.9080694726242003f,1.2341404693737166f,-0.11390398304231064f,0.9323693135379658f,-0.34309378574937766f,-0.15230979921115345f,0f,0f,0f,1f], start_interpolation: 0, interpolation_duration: 1 }
$data merge entity $(bone_ear_right_2) { transformation: [-0.9692558339102105f,-0.0533539254680995f,-0.24020093061469797f,-0.1069437991877187f,-0.24378412971460353f,0.3405570891749283f,0.9080694726242003f,1.3115743658047818f,0.033353058785002436f,0.9387088087633164f,-0.34309378574937766f,-0.06197574284223231f,0f,0f,0f,1f], start_interpolation: 0, interpolation_duration: 1 }
$data merge entity $(bone_ear_right_1) { transformation: [-0.9692558339102105f,-0.12311435599004719f,-0.21303986429815994f,-0.07924306908995812f,-0.24378412971460353f,0.5978568254144884f,0.7636337567215081f,1.177056580086522f,0.033353058785002436f,0.7920922115855362f,-0.6094895420064388f,-0.24019649044897767f,0f,0f,0f,1f], start_interpolation: 0, interpolation_duration: 1 }
$data merge entity $(bone_ear_edge_a3) { transformation: [-0.8967241069344968f,-0.3294251846416201f,-0.2955755804635487f,-0.39176689882348464f,-0.43364632427822025f,0.5203780270357029f,0.7356341308139652f,1.1096904124332185f,-0.08852537197051402f,0.7878361229991069f,-0.6094895420064388f,-0.1365473086388196f,0f,0f,0f,1f], start_interpolation: 0, interpolation_duration: 1 }
$data merge entity $(bone_ear_edge_a4) { transformation: [-0.937217397679981f,-0.1850908580119518f,-0.2955755804635487f,-0.2856787330768429f,-0.3469023601535154f,0.581808540760191f,0.7356341308139652f,1.155511472294316f,0.03580924469861051f,0.7919849721925895f,-0.6094895420064388f,-0.13269086121680365f,0f,0f,0f,1f], start_interpolation: 0, interpolation_duration: 1 }
$data merge entity $(bone_ear_edge_b3) { transformation: [-0.8804310216018361f,-0.3063763255468168f,-0.36190435662696624f,-0.2742055278366041f,-0.4387678088363676f,0.2370040486876774f,0.8667824933826145f,1.1867071373149551f,-0.17978883761257328f,0.9219341777209913f,-0.34309378574937766f,-0.16310560454236647f,0f,0f,0f,1f], start_interpolation: 0, interpolation_duration: 1 }
$data merge entity $(bone_ear_edge_b4) { transformation: [-0.9320151515109429f,-0.019313052800001673f,-0.36190435662696624f,-0.3020716894513923f,-0.3440547049542139f,0.36099095440784523f,0.8667824933826145f,1.1793455308931846f,0.11390398304231028f,0.9323693135379658f,-0.34309378574937766f,-0.15230979921115348f,0f,0f,0f,1f], start_interpolation: 0, interpolation_duration: 1 }
$data merge entity $(bone_ear_left_2) { transformation: [-0.9175192713223072f,-0.16487456870786402f,-0.36190435662696624f,-0.3758566962530818f,-0.3962902474473309f,0.30272454301485274f,0.8667824933826145f,1.2203476718429107f,-0.03335305878500281f,0.9387088087633164f,-0.34309378574937766f,-0.06197574284223237f,0f,0f,0f,1f], start_interpolation: 0, interpolation_duration: 1 }
$data merge entity $(bone_ear_left_1) { transformation: [-0.9175192713223072f,-0.26607040982758456f,-0.2955755804635487f,-0.3159908540418754f,-0.3962902474473309f,0.5493600507497022f,0.7356341308139652f,1.096741660424228f,-0.03335305878500281f,0.7920922115855362f,-0.6094895420064388f,-0.24019649044897773f,0f,0f,0f,1f], start_interpolation: 0, interpolation_duration: 1 }
$data merge entity $(bone_head) { transformation: [-0.946991139807669f,-0.29680524172512707f,-0.12294075650597236f,-0.041662376540977444f,-0.3212596786491761f,0.8749057315378398f,0.3623978198009276f,0.677185000973453f,-1.8730694524263536e-16f,0.3826834323650899f,-0.9238795325112867f,-0.40745051414510863f,0f,0f,0f,1f], start_interpolation: 0, interpolation_duration: 1 }
$data merge entity $(bone_body_1) { transformation: [-0.946991139807669f,-0.12294075650597255f,-0.296805241725127f,0.004440407148762261f,-0.3212596786491761f,0.3623978198009271f,0.87490573153784f,0.5412858185481054f,-1.8730694524263536e-16f,0.9238795325112868f,-0.3826834323650896f,-0.7539053388368412f,0f,0f,0f,1f], start_interpolation: 0, interpolation_duration: 1 }
$data merge entity $(bone_leg_left_2) { transformation: [-0.9409472244236303f,-0.038542466129280625f,-0.33635219510825193f,0.2044505591249074f,-0.32723065022657155f,-0.1512496990461321f,0.9327612931992567f,0.47358685654716987f,-0.08682408883346536f,0.9877438973960444f,0.12970570825954725f,-1.4036577987899908f,0f,0f,0f,1f], start_interpolation: 0, interpolation_duration: 1 }
$data merge entity $(bone_leg_left_1) { transformation: [-0.9409472244236303f,-0.1745551339257013f,-0.2900841706637003f,0.1398361531292725f,-0.32723065022657155f,0.24917843693731362f,0.9114988799322644f,0.5701765533824094f,-0.08682408883346536f,0.9525967729242303f,-0.29158354859727736f,-1.0674419274690374f,0f,0f,0f,1f], start_interpolation: 0, interpolation_duration: 1 }
$data merge entity $(bone_leg_right_2) { transformation: [-0.943344707479473f,0.2212124919277756f,-0.24731719771494087f,-0.040842540493982143f,-0.30880648418421797f,-0.31258577874909155f,0.898292094059391f,0.25738691084202503f,0.12140559376012995f,0.9237722470062235f,0.3631879919061509f,-0.9873397740538358f,0f,0f,0f,1f], start_interpolation: 0, interpolation_duration: 1 }
$data merge entity $(bone_leg_right_1) { transformation: [-0.943344707479473f,-0.3315444778200384f,-0.013379913957325934f,-0.15146488505691288f,-0.30880648418421797f,0.8919732686699214f,-0.3301851651786891f,0.5728519659418285f,0.12140559376012995f,-0.307346623871703f,-0.9438213467592349f,-1.0444816940362633f,0f,0f,0f,1f], start_interpolation: 0, interpolation_duration: 1 }
$data merge entity $(bone_skirt_forward_right) { transformation: [-0.9771649564186277f,0.050056757198849944f,-0.20650174092756957f,0.0007971006207640446f,-0.08824759773291999f,0.7884664985488927f,0.608714171151303f,0.5520253518008466f,0.19328996208223126f,0.6130374390889879f,-0.7660444431189779f,-0.8609259910169521f,0f,0f,0f,1f], start_interpolation: 0, interpolation_duration: 1 }
$data merge entity $(bone_skirt_forward_left) { transformation: [-0.8291580480672883f,-0.519474698439806f,-0.20650174092756957f,0.0007971006207640446f,-0.524534004506375f,0.59525720151552f,0.608714171151303f,0.5520253518008466f,-0.1932899620822316f,0.6130374390889877f,-0.7660444431189779f,-0.8609259910169521f,0f,0f,0f,1f], start_interpolation: 0, interpolation_duration: 1 }
$data merge entity $(bone_skirt_forward) { transformation: [-0.946991139807669f,-0.24609919162739005f,-0.20650174092756957f,0.0007971006207640446f,-0.3212596786491761f,0.725437300332572f,0.608714171151303f,0.5520253518008466f,-1.8730694524263536e-16f,0.6427876096865394f,-0.7660444431189779f,-0.8609259910169521f,0f,0f,0f,1f], start_interpolation: 0, interpolation_duration: 1 }
$data merge entity $(bone_skirt_back_right) { transformation: [-0.8410652311383089f,0.48170993850097f,-0.24609919162739002f,0.003149957914598679f,-0.489434682625281f,-0.4839363746709688f,0.7254373003325719f,0.5450897319313938f,0.2303540067238977f,0.7305895704290551f,0.6427876096865395f,-0.8370719035353212f,0f,0f,0f,1f], start_interpolation: 0, interpolation_duration: 1 }
$data merge entity $(bone_skirt_back_left) { transformation: [-0.9652577733476071f,-0.08782151713768596f,-0.24609919162739002f,0.003149957914598679f,-0.123346919614014f,-0.6771456717043415f,0.7254373003325719f,0.5450897319313938f,-0.23035400672389802f,0.7305895704290549f,0.6427876096865395f,-0.8370719035353212f,0f,0f,0f,1f], start_interpolation: 0, interpolation_duration: 1 }
$data merge entity $(bone_skirt_back) { transformation: [-0.946991139807669f,0.2065017409275696f,-0.24609919162739002f,0.003149957914598679f,-0.3212596786491761f,-0.6087141711513031f,0.7254373003325719f,0.5450897319313938f,-1.8730694524263536e-16f,0.7660444431189778f,0.6427876096865395f,-0.8370719035353212f,0f,0f,0f,1f], start_interpolation: 0, interpolation_duration: 1 }
$data merge entity $(bone_skirt_right) { transformation: [-0.8341181971859939f,0.44924718257144125f,-0.3200371885809672f,-0.17094215344245134f,-0.23695118483911748f,0.2321078662433565f,0.9433875526162588f,0.4940832903407021f,0.49809734904587255f,0.8627299156628211f,-0.08715574274765801f,-0.7499048674522936f,0f,0f,0f,1f], start_interpolation: 0, interpolation_duration: 1 }
$data merge entity $(bone_skirt_left) { transformation: [-0.8061185712784509f,-0.49774395723622766f,-0.3200371885809672f,0.17234213473782867f,-0.31948690100450605f,-0.08915181240581954f,0.9433875526162588f,0.6105399238510284f,-0.4980973490458729f,0.8627299156628209f,-0.08715574274765801f,-0.7499048674522935f,0f,0f,0f,1f], start_interpolation: 0, interpolation_duration: 1 }
$data merge entity $(bone_coat_downer) { transformation: [-0.946991139807669f,0.08855116835347768f,-0.3088146235349064f,-0.0011422018660306773f,-0.3212596786491761f,-0.2610261337587123f,0.9103063090900816f,0.5334235846798493f,-1.8730694524263536e-16f,0.9612616959383189f,0.2756373558169994f,-0.9475872528548743f,0f,0f,0f,1f], start_interpolation: 0, interpolation_duration: 1 }
$data merge entity $(bone_body_2) { transformation: [-0.946991139807669f,-0.027999625907543048f,-0.3200371885809672f,8.878689293818311e-17f,-0.3212596786491761f,0.08253571616538859f,0.9433875526162588f,0.554375f,-1.8730694524263536e-16f,0.9961946980917455f,-0.08715574274765801f,-0.725f,0f,0f,0f,1f], start_interpolation: 0, interpolation_duration: 1 }
$data merge entity $(bone_book_left) { transformation: [-3.327389534208343e-16f,0.3212596786491763f,0.9469911398076689f,-0.8459917856500957f,-2.9337858334903014e-16f,-0.9469911398076689f,0.3212596786491763f,0.5676717989592435f,1f,-1.7093130979081683e-16f,4.093515501676667e-16f,0.1812499999999999f,0f,0f,0f,1f], start_interpolation: 0, interpolation_duration: 1 }
$data merge entity $(bone_book_right) { transformation: [-3.327389534208343e-16f,0.3212596786491763f,0.9469911398076689f,-0.8459917856500957f,-2.9337858334903014e-16f,-0.9469911398076689f,0.3212596786491763f,0.5676717989592435f,1f,-1.7093130979081683e-16f,4.093515501676667e-16f,0.2749999999999999f,0f,0f,0f,1f], start_interpolation: 0, interpolation_duration: 1 }
$data merge entity $(bone_book_loot_1) { transformation: [-3.327389534208343e-16f,0.3212596786491763f,0.9469911398076689f,-0.9880404566212461f,-2.9337858334903014e-16f,-0.9469911398076689f,0.3212596786491763f,0.519482847161867f,1f,-1.7093130979081683e-16f,4.093515501676667e-16f,0.22812499999999986f,0f,0f,0f,1f], start_interpolation: 0, interpolation_duration: 1 }
$data merge entity $(bone_book_left2) { transformation: [-3.327389534208343e-16f,-0.3212596786491759f,-0.9469911398076691f,0.6632753434183767f,-2.9337858334903014e-16f,0.9469911398076691f,-0.3212596786491759f,1.0796794118063677f,1f,1.7093130979081693e-16f,-4.093515501676666e-16f,0.27500000000000013f,0f,0f,0f,1f], start_interpolation: 0, interpolation_duration: 1 }
$data merge entity $(bone_book_right2) { transformation: [-3.327389534208343e-16f,-0.3212596786491759f,-0.9469911398076691f,0.6632753434183768f,-2.9337858334903014e-16f,0.9469911398076691f,-0.3212596786491759f,1.0796794118063677f,1f,1.7093130979081693e-16f,-4.093515501676666e-16f,0.18125000000000013f,0f,0f,0f,1f], start_interpolation: 0, interpolation_duration: 1 }
$data merge entity $(bone_book_loot_2) { transformation: [-3.327389534208343e-16f,-0.3212596786491759f,-0.9469911398076691f,0.8053240143895272f,-2.9337858334903014e-16f,0.9469911398076691f,-0.3212596786491759f,1.127868363603744f,1f,1.7093130979081693e-16f,-4.093515501676666e-16f,0.2281250000000002f,0f,0f,0f,1f], start_interpolation: 0, interpolation_duration: 1 }
$data merge entity $(bone_air_staff_povit_1) { transformation: [-0.000014796736559494832f,-1.9135106236677393e-21f,-0.000005019682478893376f,0.21403112051974676f,-0.000005019682478893376f,-3.469446951953614e-21f,0.000014796736559494832f,-0.09900010034842299f,-2.9266710194161777e-21f,0.000015625f,2.670801715481514e-21f,-0.5588775000000001f,0f,0f,0f,1f], start_interpolation: 0, interpolation_duration: 1 }