# This file was generated by Animated Java via MC-Build. It is not recommended to edit this file directly.
$data merge entity $(bone_wing_right_1) { transformation: [0.6956452775223722f,-0.19211361998259657f,-0.38224919793565115f,-0.2874307378509394f,-0.3993891927475826f,-0.030106793832440144f,-0.7117066095843214f,0.6786292473933924f,0.15333090041378f,0.7931773965682316f,-0.11959806434882665f,-0.7489631168027935f,0f,0f,0f,1f], start_interpolation: 0, interpolation_duration: 1 }
$data merge entity $(bone_wing_right_2) { transformation: [0.5575579437962753f,-0.4346466258900237f,-0.3744481938961481f,-0.2874307378509394f,-0.3727433847056358f,0.12247305454906662f,-0.6971819848989271f,0.6786292473933924f,0.4361095143055882f,0.6603655514272676f,-0.11715728752538122f,-0.7489631168027935f,0f,0f,0f,1f], start_interpolation: 0, interpolation_duration: 1 }
$data merge entity $(bone_wing_left_1) { transformation: [-0.773846500636317f,-0.1783246344232057f,-0.190542285740465f,-0.30946787827083894f,-0.21117687580715466f,0.07755247755885432f,0.7850696687512881f,0.5065714501801486f,-0.1533309004137801f,0.7931773965682316f,-0.11959806434882629f,-0.7489631168027936f,0f,0f,0f,1f], start_interpolation: 0, interpolation_duration: 1 }
$data merge entity $(bone_wing_left_2) { transformation: [-0.633501120065685f,-0.4514828227331038f,-0.186653667664129f,-0.30946787827083894f,-0.22019269381082168f,-0.008977709346467133f,0.7690478387767721f,0.5065714501801486f,-0.4361095143055883f,0.6603655514272676f,-0.11715728752538086f,-0.7489631168027936f,0f,0f,0f,1f], start_interpolation: 0, interpolation_duration: 1 }
$data merge entity $(bone_staff) { transformation: [0.10050193876925326f,0.012949427514551397f,1.5592106729466249f,0.006560933681979248f,1.5588348466164432f,0.035839867277834246f,-0.1007753684577608f,0.5561096582372852f,-0.036599607619638805f,1.5620352320740252f,-0.010613787332327106f,0.2735738076407046f,0f,0f,0f,1f], start_interpolation: 0, interpolation_duration: 1 }
$data merge entity $(bone_arm_right_2) { transformation: [0.20087536509065335f,0.04638160455055959f,-0.9785181829986667f,-0.08930994662477204f,0.6010151313684226f,0.782958011040922f,0.16049163471359373f,0.28492265705253383f,0.7735825098629718f,-0.6203430500184227f,0.1294009301664642f,-0.013608706791513603f,0f,0f,0f,1f], start_interpolation: 0, interpolation_duration: 1 }
$data merge entity $(bone_arm_right_1) { transformation: [0.13794407051095287f,0.15321096224440678f,-0.9785181829986667f,-0.13457284476117845f,0.04323650772370526f,0.98608977257997f,0.16049163471359373f,0.27073567795569303f,0.9894958503251682f,-0.06444657835235798f,0.1294009301664642f,-0.3382870326794594f,0f,0f,0f,1f], start_interpolation: 0, interpolation_duration: 1 }
$data merge entity $(bone_arm_left_2) { transformation: [-0.042920152288206476f,-0.15244087277353235f,-0.9873801906234502f,-0.01851824165923937f,0.6322404297114059f,-0.7693739536804481f,0.09130037478812988f,0.8376379633606348f,-0.7735825098629715f,-0.6203430500184232f,0.1294009301664642f,-0.013608706791513492f,0f,0f,0f,1f], start_interpolation: 0, interpolation_duration: 1 }
$data merge entity $(bone_arm_left_1) { transformation: [-0.12259462304776508f,-0.10025426456852349f,-0.9873801906234502f,-0.058744602346787286f,0.07660626990690253f,-0.9928724595709655f,0.09130037478812988f,0.8627743956738372f,-0.9894958503251682f,-0.06444657835235845f,0.1294009301664642f,-0.3382870326794593f,0f,0f,0f,1f], start_interpolation: 0, interpolation_duration: 1 }
$data merge entity $(bone_himo_right_2) { transformation: [0.9406097381192426f,-0.32015968923946175f,0.1129207418561389f,0.24389715833584974f,-0.31178548972456654f,-0.9462702456120201f,-0.08580460749038554f,0.4989790980188167f,0.13432471460033607f,0.045501600581278556f,-0.9898921534147443f,-0.5568986639309286f,0f,0f,0f,1f], start_interpolation: 0, interpolation_duration: 1 }
$data merge entity $(bone_himo_right_1) { transformation: [0.6777973790216748f,-0.7350235831774041f,-0.018194646586220387f,0.10596651994892257f,-0.6650741034791248f,-0.6023676887279226f,-0.4413950661912962f,0.3832764372186356f,0.31347591593739127f,0.3112772072440094f,-0.897128391244856f,-0.5041412400179571f,0f,0f,0f,1f], start_interpolation: 0, interpolation_duration: 1 }
$data merge entity $(bone_himo_left_2) { transformation: [0.986611801915097f,-0.10929144935454091f,0.12104764111633655f,0.2630453267759733f,-0.11004490810286827f,-0.9939265081936834f,-0.00046315282905606825f,0.825769481237379f,0.12036307790380267f,-0.012863724495479179f,-0.9926465907208f,-0.5662280429658703f,0f,0f,0f,1f], start_interpolation: 0, interpolation_duration: 1 }
$data merge entity $(bone_himo_left_1) { transformation: [0.7768443880742039f,-0.6276896541109187f,0.05018460759765869f,0.14566717042766142f,-0.5255687005621898f,-0.6902218760359299f,-0.49736435621263886f,0.6932443522543131f,0.346828974722394f,0.3599992499486029f,-0.8660890267919669f,-0.504141240017957f,0f,0f,0f,1f], start_interpolation: 0, interpolation_duration: 1 }
$data merge entity $(bone_ponpon1) { transformation: [-0.12704208153196428f,-0.9163936397973121f,-0.3795826740764914f,-0.5497996619868306f,-0.9918973281141682f,0.11737157889501185f,0.04861689981545789f,0.9209428726805955f,-2.358036181978183e-16f,0.3826834323650896f,-0.9238795325112867f,-0.19231127601045686f,0f,0f,0f,1f], start_interpolation: 0, interpolation_duration: 1 }
$data merge entity $(bone_ponpon2) { transformation: [-0.12704208153196428f,-0.9163936397973121f,-0.3795826740764914f,-0.466072254649389f,-0.9918973281141682f,0.11737157889501185f,0.04861689981545789f,0.9480254094806995f,-2.358036181978183e-16f,0.3826834323650896f,-0.9238795325112867f,-0.32676041122902616f,0f,0f,0f,1f], start_interpolation: 0, interpolation_duration: 1 }
$data merge entity $(bone_ponpon3) { transformation: [-0.12704208153196428f,-0.9163936397973121f,-0.3795826740764914f,-0.6244368848868598f,-0.9918973281141682f,0.11737157889501185f,0.04861689981545789f,0.3382031924135216f,-2.358036181978183e-16f,0.3826834323650896f,-0.9238795325112867f,-0.19231127601045697f,0f,0f,0f,1f], start_interpolation: 0, interpolation_duration: 1 }
$data merge entity $(bone_ponpon4) { transformation: [-0.12704208153196428f,-0.9163936397973121f,-0.3795826740764914f,-0.5502376336643153f,-0.9918973281141682f,0.11737157889501185f,0.04861689981545789f,0.290893429605063f,-2.358036181978183e-16f,0.3826834323650896f,-0.9238795325112867f,-0.3267604112290263f,0f,0f,0f,1f], start_interpolation: 0, interpolation_duration: 1 }
$data merge entity $(bone_ear_edge_a1) { transformation: [-0.24716618103966867f,-0.5753800057319886f,-0.7796452577641466f,-0.6219886468644479f,-0.9649207933647963f,0.21966358892996618f,0.1437907167749674f,0.8282118738343679f,0.08852537197051355f,0.7878361229991067f,-0.6094895420064389f,-0.13654730863881986f,0f,0f,0f,1f], start_interpolation: 0, interpolation_duration: 1 }
$data merge entity $(bone_ear_edge_a2) { transformation: [-0.1541138918107791f,-0.6069614323800261f,-0.7796452577641466f,-0.6458568400086683f,-0.9874039732272959f,0.06601229752319371f,0.1437907167749674f,0.7151429665507498f,-0.035809244698610944f,0.7919849721925892f,-0.6094895420064389f,-0.13269086121680396f,0f,0f,0f,1f], start_interpolation: 0, interpolation_duration: 1 }
$data merge entity $(bone_ear_edge_b1) { transformation: [-0.2554176246888675f,-0.2930645334035709f,-0.9213441356297029f,-0.6741569957838556f,-0.9499672683141335f,0.25327959098764213f,0.18278850598688076f,0.6977100913528744f,0.1797888376125728f,0.9219341777209911f,-0.3430937857493778f,-0.1631056045423668f,0f,0f,0f,1f], start_interpolation: 0, interpolation_duration: 1 }
$data merge entity $(bone_ear_edge_b2) { transformation: [-0.15235467506670947f,-0.357649320880207f,-0.9213441356297029f,-0.672468875850158f,-0.9817402587407803f,-0.05267282455564441f,0.18278850598688076f,0.7264827600393207f,-0.1139039830423107f,0.9323693135379656f,-0.3430937857493778f,-0.1523097992111538f,0f,0f,0f,1f], start_interpolation: 0, interpolation_duration: 1 }
$data merge entity $(bone_ear_right_2) { transformation: [-0.20642761638244672f,-0.3294125421647107f,-0.9213441356297029f,-0.7272915392193268f,-0.9778932521826427f,0.10155367750474856f,0.18278850598688076f,0.7906690387310893f,0.03335305878500236f,0.9387088087633162f,-0.3430937857493778f,-0.0619757428422327f,0f,0f,0f,1f], start_interpolation: 0, interpolation_duration: 1 }
$data merge entity $(bone_ear_right_1) { transformation: [-0.20642761638244672f,-0.5912198501746528f,-0.7796452577641466f,-0.5942670729300301f,-0.9778932521826427f,0.1518190274800742f,0.1437907167749674f,0.7565097575480727f,0.03335305878500236f,0.792092211585536f,-0.6094895420064389f,-0.240196490448978f,0f,0f,0f,1f], start_interpolation: 0, interpolation_duration: 1 }
$data merge entity $(bone_ear_edge_a3) { transformation: [-0.003996741567573833f,-0.6121678997359431f,-0.7907177047402735f,-0.6709250867158327f,-0.9960659037304329f,-0.06756260674826514f,0.05734116841375947f,0.44613434998810036f,-0.08852537197051402f,0.7878361229991067f,-0.6094895420064389f,-0.13654730863881998f,0f,0f,0f,1f], start_interpolation: 0, interpolation_duration: 1 }
$data merge entity $(bone_ear_edge_a4) { transformation: [-0.09971169295665858f,-0.6040058689267769f,-0.7907177047402735f,-0.6655265924969455f,-0.9943717998222958f,0.08908823784940854f,0.05734116841375947f,0.5615688539219323f,0.03580924469861047f,0.7919849721925892f,-0.6094895420064389f,-0.132690861216804f,0f,0f,0f,1f], start_interpolation: 0, interpolation_duration: 1 }
$data merge entity $(bone_ear_edge_b3) { transformation: [0.007757018757680527f,-0.3474374825373586f,-0.9376710640667631f,-0.6885197093748735f,-0.9836746426181336f,-0.17124417560320965f,0.055313920418501944f,0.5855713648489689f,-0.17978883761257328f,0.9219341777209911f,-0.3430937857493778f,-0.16310560454236683f,0f,0f,0f,1f], start_interpolation: 0, interpolation_duration: 1 }
$data merge entity $(bone_ear_edge_b4) { transformation: [-0.09998672335037703f,-0.33282973239414704f,-0.9376710640667631f,-0.6941375243131497f,-0.9884475392254018f,0.14110929241968212f,0.055313920418501944f,0.5573020109905973f,0.11390398304231023f,0.9323693135379656f,-0.3430937857493778f,-0.15230979921115384f,0f,0f,0f,1f], start_interpolation: 0, interpolation_duration: 1 }
$data merge entity $(bone_ear_left_2) { transformation: [-0.04668967973091741f,-0.34437341566754065f,-0.9376710640667631f,-0.7633671187658396f,-0.9983524664547629f,-0.015255259146508493f,0.055313920418501944f,0.5090043294406236f,-0.03335305878500283f,0.9387088087633162f,-0.3430937857493778f,-0.061975742842232756f,0f,0f,0f,1f], start_interpolation: 0, interpolation_duration: 1 }
$data merge entity $(bone_ear_left_1) { transformation: [-0.04668967973091741f,-0.6103978909014169f,-0.7907177047402735f,-0.626027593313021f,-0.9983524664547629f,0.002084017427079282f,0.05734116841375947f,0.5085354255195307f,-0.03335305878500283f,0.792092211585536f,-0.6094895420064389f,-0.24019649044897806f,0f,0f,0f,1f], start_interpolation: 0, interpolation_duration: 1 }
$data merge entity $(bone_head) { transformation: [-0.12704208153196428f,-0.9163936397973121f,-0.3795826740764914f,-0.1286336341605126f,-0.9918973281141682f,0.11737157889501185f,0.04861689981545789f,0.570850379230875f,-2.358036181978183e-16f,0.3826834323650896f,-0.9238795325112867f,-0.4074505141451088f,0f,0f,0f,1f], start_interpolation: 0, interpolation_duration: 1 }
$data merge entity $(bone_body_1) { transformation: [-0.12704208153196428f,-0.3795826740764916f,-0.916393639797312f,0.013709868618171738f,-0.9918973281141682f,0.04861689981545746f,0.11737157889501203f,0.5526190418000785f,-2.358036181978183e-16f,0.9238795325112867f,-0.38268343236508984f,-0.7539053388368413f,0f,0f,0f,1f], start_interpolation: 0, interpolation_duration: 1 }
$data merge entity $(bone_leg_left_2) { transformation: [-0.11902407345906138f,0.11897976434880492f,-0.9857368237073802f,0.16233501432365677f,-0.9890878866589412f,-0.10102380329593155f,0.10723499257320102f,0.7026116296621064f,-0.08682408883346542f,0.9877438973960445f,0.12970570825954697f,-1.403657798789991f,0f,0f,0f,1f], start_interpolation: 0, interpolation_duration: 1 }
$data merge entity $(bone_leg_left_1) { transformation: [-0.11902407345906138f,-0.3005114222534448f,-0.9463224371388559f,0.04718531845981045f,-0.9890878866589412f,-0.04745812163954935f,0.13947357869860255f,0.6869547289676545f,-0.08682408883346542f,0.9525967729242303f,-0.29158354859727764f,-1.0674419274690377f,0f,0f,0f,1f], start_interpolation: 0, interpolation_duration: 1 }
$data merge entity $(bone_leg_right_2) { transformation: [-0.13663067881750618f,0.3779641196057357f,-0.9156829046654349f,0.2489167105834716f,-0.9831544840001585f,0.06154640486440324f,0.17210258754199245f,0.3873106129870517f,0.1214055937601299f,0.9237722470062237f,0.3631879919061507f,-0.9873397740538359f,0f,0f,0f,1f], start_interpolation: 0, interpolation_duration: 1 }
$data merge entity $(bone_leg_right_1) { transformation: [-0.13663067881750618f,-0.9469781843553922f,0.2907995460120807f,-0.08308932040889587f,-0.9831544840001585f,0.09365025974139429f,-0.1569614266014157f,0.42639385095957616f,0.1214055937601299f,-0.3073466238717032f,-0.9438213467592349f,-1.0444816940362636f,0f,0f,0f,1f], start_interpolation: 0, interpolation_duration: 1 }
$data merge entity $(bone_skirt_forward_right) { transformation: [-0.3496497104052001f,-0.6864675521589015f,-0.637579312592971f,0.002461068190376084f,-0.916724642720926f,0.3910848988495739f,0.08166107591753392f,0.5540597867043942f,0.19328996208223115f,0.6130374390889877f,-0.7660444431189781f,-0.8609259910169522f,0f,0f,0f,1f], start_interpolation: 0, interpolation_duration: 1 }
$data merge entity $(bone_skirt_forward_left) { transformation: [0.1073253371744549f,-0.7628721335544143f,-0.637579312592971f,0.002461068190376084f,-0.9752539477277901f,-0.20545365930387255f,0.08166107591753392f,0.5540597867043942f,-0.1932899620822316f,0.6130374390889874f,-0.7660444431189781f,-0.8609259910169522f,0f,0f,0f,1f], start_interpolation: 0, interpolation_duration: 1 }
$data merge entity $(bone_skirt_forward) { transformation: [-0.12704208153196428f,-0.7598374363464203f,-0.637579312592971f,0.002461068190376084f,-0.9918973281141682f,0.09731988059982924f,0.08166107591753392f,0.5540597867043942f,-2.358036181978183e-16f,0.6427876096865391f,-0.7660444431189781f,-0.8609259910169522f,0f,0f,0f,1f], start_interpolation: 0, interpolation_duration: 1 }
$data merge entity $(bone_skirt_back_right) { transformation: [0.07056161032528159f,0.6462724885640754f,-0.7598374363464202f,0.009725574190635987f,-0.9705452543465192f,0.2203877267578333f,0.09731988059982923f,0.5531293497151857f,0.2303540067238977f,0.7305895704290554f,0.6427876096865393f,-0.8370719035353213f,0f,0f,0f,1f], start_interpolation: 0, interpolation_duration: 1 }
$data merge entity $(bone_skirt_back_left) { transformation: [-0.3128859835560268f,0.5698679071685626f,-0.7598374363464202f,0.009725574190635987f,-0.9214333361021969f,-0.37615083139561317f,0.09731988059982923f,0.5531293497151857f,-0.23035400672389814f,0.7305895704290551f,0.6427876096865393f,-0.8370719035353213f,0f,0f,0f,1f], start_interpolation: 0, interpolation_duration: 1 }
$data merge entity $(bone_skirt_back) { transformation: [-0.12704208153196428f,0.6375793125929711f,-0.7598374363464202f,0.009725574190635987f,-0.9918973281141682f,-0.08166107591753394f,0.09731988059982923f,0.5531293497151857f,-2.358036181978183e-16f,0.766044443118978f,0.6427876096865393f,-0.8370719035353213f,0f,0f,0f,1f], start_interpolation: 0, interpolation_duration: 1 }
$data merge entity $(bone_skirt_right) { transformation: [-0.15324644413693897f,-0.011346464260515443f,-0.9881228593187028f,-0.020865138568638242f,-0.853472060604715f,0.505537684420466f,0.1265586480566821f,0.3743167981049038f,0.4980973490458725f,0.8627299156628211f,-0.08715574274765828f,-0.7499048674522937f,0f,0f,0f,1f], start_interpolation: 0, interpolation_duration: 1 }
$data merge entity $(bone_skirt_left) { transformation: [-0.06679689577573092f,-0.1383885457924797f,-0.9881228593187028f,0.025187615986698806f,-0.8645445075808418f,-0.48635964369370216f,0.1265586480566821f,0.7338795795462898f,-0.49809734904587294f,0.8627299156628209f,-0.08715574274765828f,-0.7499048674522936f,0f,0f,0f,1f], start_interpolation: 0, interpolation_duration: 1 }
$data merge entity $(bone_coat_downer) { transformation: [-0.12704208153196428f,0.2734039567633357f,-0.9534729078197125f,0.018323554699989045f,-0.9918973281141682f,-0.03501754343095848f,0.1221206867489501f,0.5441518022528797f,-2.358036181978183e-16f,0.9612616959383189f,0.27563735581699916f,-0.9475872528548744f,0f,0f,0f,1f], start_interpolation: 0, interpolation_duration: 1 }
$data merge entity $(bone_body_2) { transformation: [-0.12704208153196428f,-0.08644954836120806f,-0.9881228593187028f,8.878689293818312e-17f,-0.9918973281141682f,0.011072446976126672f,0.1265586480566821f,0.554375f,-2.358036181978183e-16f,0.9961946980917455f,-0.08715574274765828f,-0.7250000000000001f,0f,0f,0f,1f], start_interpolation: 0, interpolation_duration: 1 }
$data merge entity $(bone_book_left) { transformation: [-1.5067368871735395e-16f,0.9918973281141682f,0.12704208153196406f,-0.38330746140325067f,-4.422900552723359e-16f,-0.12704208153196406f,0.9918973281141682f,-0.19991559140532578f,1f,9.326337999316422e-17f,4.578482231228496e-16f,0.1812499999999997f,0f,0f,0f,1f], start_interpolation: 0, interpolation_duration: 1 }
$data merge entity $(bone_book_right) { transformation: [-1.5067368871735395e-16f,0.9918973281141682f,0.12704208153196406f,-0.38330746140325067f,-4.422900552723359e-16f,-0.12704208153196406f,0.9918973281141682f,-0.19991559140532583f,1f,9.326337999316422e-17f,4.578482231228496e-16f,0.2749999999999997f,0f,0f,0f,1f], start_interpolation: 0, interpolation_duration: 1 }
$data merge entity $(bone_book_loot_1) { transformation: [-1.5067368871735395e-16f,0.9918973281141682f,0.12704208153196406f,-0.40236377363304526f,-4.422900552723359e-16f,-0.12704208153196406f,0.9918973281141682f,-0.34870019062245106f,1f,9.326337999316422e-17f,4.578482231228496e-16f,0.22812499999999963f,0f,0f,0f,1f], start_interpolation: 0, interpolation_duration: 1 }
$data merge entity $(bone_book_left2) { transformation: [-1.5067368871735395e-16f,-0.9918973281141682f,-0.1270420815319645f,-0.18083414396168265f,-4.422900552723359e-16f,0.1270420815319645f,-0.9918973281141682f,1.3809207752766297f,1f,-9.326337999316412e-17f,-4.578482231228496e-16f,0.27500000000000013f,0f,0f,0f,1f], start_interpolation: 0, interpolation_duration: 1 }
$data merge entity $(bone_book_right2) { transformation: [-1.5067368871735395e-16f,-0.9918973281141682f,-0.1270420815319645f,-0.18083414396168265f,-4.422900552723359e-16f,0.1270420815319645f,-0.9918973281141682f,1.3809207752766297f,1f,-9.326337999316412e-17f,-4.578482231228496e-16f,0.18125000000000013f,0f,0f,0f,1f], start_interpolation: 0, interpolation_duration: 1 }
$data merge entity $(bone_book_loot_2) { transformation: [-1.5067368871735395e-16f,-0.9918973281141682f,-0.1270420815319645f,-0.16177783173188798f,-4.422900552723359e-16f,0.1270420815319645f,-0.9918973281141682f,1.529705374493755f,1f,-9.326337999316412e-17f,-4.578482231228496e-16f,0.2281250000000002f,0f,0f,0f,1f], start_interpolation: 0, interpolation_duration: 1 }
$data merge entity $(bone_air_staff_povit_1) { transformation: [-0.000001985032523936942f,-1.9135106236677393e-21f,-0.00001549839575178388f,0.6810124868550338f,-0.00001549839575178388f,-3.469446951953614e-21f,0.000001985032523936942f,0.45987454998111044f,-3.684431534340911e-21f,0.000015625f,-1.4572403123931905e-21f,-0.5588775000000001f,0f,0f,0f,1f], start_interpolation: 0, interpolation_duration: 1 }