# This file was generated by Animated Java via MC-Build. It is not recommended to edit this file directly.
$data merge entity $(bone_wing_right_1) { transformation: [-0.7575645906603452f,-0.13357907696278282f,-0.2742206513372741f,0.03080596992912099f,-0.1298980869501774f,0.8055712523085345f,-0.03355426806217092f,1.2475594463280333f,0.2759833734643304f,0.01249128081002143f,-0.7685190888451747f,-0.3402931621916119f,0f,0f,0f,1f], start_interpolation: 0, interpolation_duration: 1 }
$data merge entity $(bone_wing_right_2) { transformation: [-0.7356900436218733f,0.16309855603052095f,-0.2686243115140644f,0.03080596992912099f,0.18442637192075104f,0.7777573594374794f,-0.03286948708131029f,1.2475594463280333f,0.25445446165433006f,-0.09215395195865786f,-0.7528350258075182f,-0.3402931621916119f,0f,0f,0f,1f], start_interpolation: 0, interpolation_duration: 1 }
$data merge entity $(bone_wing_left_1) { transformation: [-0.7575645906603452f,0.13357907696278282f,0.2742206513372743f,-0.030805969929120894f,0.1298980869501774f,0.8055712523085345f,-0.03355426806217092f,1.2475594463280333f,-0.2759833734643306f,0.012491280810021474f,-0.7685190888451747f,-0.34029316219161193f,0f,0f,0f,1f], start_interpolation: 0, interpolation_duration: 1 }
$data merge entity $(bone_wing_left_2) { transformation: [-0.7356900436218733f,-0.16309855603052095f,0.26862431151406463f,-0.030805969929120894f,-0.18442637192075104f,0.7777573594374794f,-0.03286948708131029f,1.2475594463280333f,-0.2544544616543303f,-0.09215395195865791f,-0.7528350258075182f,-0.34029316219161193f,0f,0f,0f,1f], start_interpolation: 0, interpolation_duration: 1 }
$data merge entity $(bone_staff) { transformation: [0.028641913802125343f,0.30952270743527255f,1.5312679662148263f,-0.5762711121509931f,1.560819400798285f,0.05957050516340296f,-0.041235943135346884f,0.947770897169684f,-0.06654839491254598f,1.5303768485234333f,-0.3080978134262691f,-0.023404493169831175f,0f,0f,0f,1f], start_interpolation: 0, interpolation_duration: 1 }
$data merge entity $(bone_arm_right_2) { transformation: [-0.49631549530446456f,-0.8660254037844387f,-0.06058819291482516f,-0.4744193631446195f,-0.8535398244604109f,0.499524110790929f,-0.14813990278997477f,1.1695141785625751f,0.15855818232048255f,-0.02180969368266815f,-0.987108727588148f,-0.07627060459133679f,0f,0f,0f,1f], start_interpolation: 0, interpolation_duration: 1 }
$data merge entity $(bone_arm_right_1) { transformation: [-0.4834206098632499f,-0.8660254037844387f,0.12768913015383707f,-0.2984375f,-0.8476515682796849f,0.499524110790929f,0.17878054013656733f,1.4828274955908607f,-0.21861228865833343f,-0.02180969368266815f,-0.975568041967875f,-0.0025620040789264154f,0f,0f,0f,1f], start_interpolation: 0, interpolation_duration: 1 }
$data merge entity $(bone_arm_left_2) { transformation: [0.6636392595683094f,0.7268757017789063f,0.1767332660340119f,0.3933385627405606f,0.3865634072221811f,-0.13096589387071572f,-0.9129165716753218f,1.2999418257312194f,-0.6404308435392572f,0.6741658911618617f,-0.3678976567437313f,0.2598100683019923f,0f,0f,0f,1f], start_interpolation: 0, interpolation_duration: 1 }
$data merge entity $(bone_arm_left_1) { transformation: [-0.21224836004618722f,0.882929095180689f,0.41879212807921107f,0.2984375f,0.556768353691573f,0.4614561962525011f,-0.6907004989630086f,1.4828274955908607f,-0.8030937890341824f,0.08657015550167083f,-0.5895302996378871f,-0.0025620040789263426f,0f,0f,0f,1f], start_interpolation: 0, interpolation_duration: 1 }
$data merge entity $(bone_himo_right_2) { transformation: [-1f,7.777706779869813e-17f,9.459558949155764e-17f,-0.15625000000000003f,0f,0.7724316068716203f,-0.6350979552051217f,1.1563322050092013f,-1.2246467991473532e-16f,-0.6350979552051217f,-0.7724316068716203f,0.2647025242954466f,0f,0f,0f,1f], start_interpolation: 0, interpolation_duration: 1 }
$data merge entity $(bone_himo_right_1) { transformation: [-1f,3.565647616473159e-17f,1.1715892426158797e-16f,-0.15625000000000003f,0f,0.9566752172394406f,-0.2911572233688686f,1.333889075595541f,-1.2246467991473532e-16f,-0.2911572233688686f,-0.9566752172394406f,0.20413132480603727f,0f,0f,0f,1f], start_interpolation: 0, interpolation_duration: 1 }
$data merge entity $(bone_himo_left_2) { transformation: [-1f,6.558375940898006e-17f,1.0342324849086688e-16f,0.15624999999999997f,0f,0.8445149128946744f,-0.5355320362952162f,1.146810358682096f,-1.2246467991473532e-16f,-0.5355320362952162f,-0.8445149128946744f,0.2181622256331067f,0f,0f,0f,1f], start_interpolation: 0, interpolation_duration: 1 }
$data merge entity $(bone_himo_left_1) { transformation: [-1f,5.0855774784300156e-18f,1.2235904023949135e-16f,0.15624999999999997f,0f,0.9991373865891985f,-0.04152689152473016f,1.333889075595541f,-1.2246467991473532e-16f,-0.04152689152473016f,-0.9991373865891985f,0.20413132480603732f,0f,0f,0f,1f], start_interpolation: 0, interpolation_duration: 1 }
$data merge entity $(bone_ponpon1) { transformation: [-1f,-5.3418343117727156e-18f,1.2234812067540777e-16f,0.29375f,0f,0.9990482215818578f,0.043619387365335965f,2.020422753438714f,-1.2246467991473532e-16f,0.043619387365335965f,-0.9990482215818578f,0.04021585064498638f,0f,0f,0f,1f], start_interpolation: 0, interpolation_duration: 1 }
$data merge entity $(bone_ponpon2) { transformation: [-1f,-5.3418343117727156e-18f,1.2234812067540777e-16f,0.33125f,0f,0.9990482215818578f,0.043619387365335965f,1.8996310433064822f,-1.2246467991473532e-16f,0.043619387365335965f,-0.9990482215818578f,-0.05889734354897977f,0f,0f,0f,1f], start_interpolation: 0, interpolation_duration: 1 }
$data merge entity $(bone_ponpon3) { transformation: [-1f,-5.3418343117727156e-18f,1.2234812067540777e-16f,-0.29375f,0f,0.9990482215818578f,0.043619387365335965f,2.020422753438714f,-1.2246467991473532e-16f,0.043619387365335965f,-0.9990482215818578f,0.04021585064498631f,0f,0f,0f,1f], start_interpolation: 0, interpolation_duration: 1 }
$data merge entity $(bone_ponpon4) { transformation: [-1f,-5.3418343117727156e-18f,1.2234812067540777e-16f,-0.33125f,0f,0.9990482215818578f,0.043619387365335965f,1.8996310433064822f,-1.2246467991473532e-16f,0.043619387365335965f,-0.9990482215818578f,-0.05889734354897985f,0f,0f,0f,1f], start_interpolation: 0, interpolation_duration: 1 }
$data merge entity $(bone_ear_edge_a1) { transformation: [-0.9876896711925192f,0.15641543661115648f,0.0018233511331099325f,0.1951792077384888f,0.15620672391129897f,0.9856206700223281f,0.06443100363672907f,2.127274049044819f,0.008280870999632206f,0.06392265650360801f,-0.9979204984170881f,0.02526876451877125f,0f,0f,0f,1f], start_interpolation: 0, interpolation_duration: 1 }
$data merge entity $(bone_ear_edge_a2) { transformation: [-0.999998337513397f,-0.00001900230882616316f,0.0018233511331099325f,0.07999419577163072f,0.00009851768221687263f,0.9979221593213722f,0.06443100363672907f,2.1373418403645994f,-0.0018207868377832204f,0.0644310761533762f,-0.9979204984170881f,0.02570833378079897f,0f,0f,0f,1f], start_interpolation: 0, interpolation_duration: 1 }
$data merge entity $(bone_ear_edge_b1) { transformation: [-0.9703113135993916f,0.24182348111297253f,0.004166375334401773f,0.05759443209332217f,0.24118745239989486f,0.9661889072951827f,0.09114608178407713f,2.132453524521938f,0.018015757155105977f,0.08944495179799158f,-0.9958288171628613f,0.022055602185636118f,0f,0f,0f,1f], start_interpolation: 0, interpolation_duration: 1 }
$data merge entity $(bone_ear_edge_b2) { transformation: [-0.9975484629364292f,-0.06985488823082048f,0.004166375334401773f,0.0867006092460526f,-0.06918589387722486f,0.9934312778767437f,0.09114608178407713f,2.1424048966669984f,-0.010506006928272832f,0.09063437938464561f,-0.9958288171628613f,0.02308820519957073f,0f,0f,0f,1f], start_interpolation: 0, interpolation_duration: 1 }
$data merge entity $(bone_ear_right_2) { transformation: [-0.9961946980917455f,0.08705610151200696f,0.004166375334401773f,0.14460575026694733f,0.08707278979269381f,0.9920235486384019f,0.09114608178407713f,2.2495381990994923f,0.003801680104023551f,0.0911620213488241f,-0.9958288171628613f,0.00175525686822031f,0f,0f,0f,1f], start_interpolation: 0, interpolation_duration: 1 }
$data merge entity $(bone_ear_right_1) { transformation: [-0.9961946980917455f,0.08713666785309936f,0.0018233511331099325f,0.125f,0.08707278979269381f,0.9941161778424498f,0.06443100363672907f,2.0258620590849414f,0.003801680104023551f,0.06434458848557104f,-0.9979204984170881f,-0.01272227554103315f,0f,0f,0f,1f], start_interpolation: 0, interpolation_duration: 1 }
$data merge entity $(bone_ear_edge_a3) { transformation: [-0.9876885849978528f,-0.15643096991856936f,-0.0007814827412133133f,-0.19521346922991004f,-0.1562555005083106f,0.9863182078573299f,0.05254152081927649f,2.1277220748837884f,-0.007448330405971176f,0.052016771328493305f,-0.9986184345758509f,0.02398518897790521f,0f,0f,0f,1f], start_interpolation: 0, interpolation_duration: 1 }
$data merge entity $(bone_ear_edge_a4) { transformation: [-0.9999996946362248f,0.000003490323922036853f,-0.0007814827412133133f,-0.08002845726305194f,-0.000037574800315368084f,0.9986187396489874f,0.05254152081927649f,2.1377898662035686f,0.00078058669701489f,0.05254153413905728f,-0.9986184345758509f,0.024424758239932964f,0f,0f,0f,1f], start_interpolation: 0, interpolation_duration: 1 }
$data merge entity $(bone_ear_edge_b3) { transformation: [-0.9703018157813738f,-0.24188344797586842f,-0.002604589540489575f,-0.05763934186566308f,-0.24141818457224445f,0.9676456928978394f,0.07334216504918861f,2.132987467303574f,-0.015219935913491467f,0.07179283119898576f,-0.9973034357402082f,0.021594487509956788f,0f,0f,0f,1f], start_interpolation: 0, interpolation_duration: 1 }
$data merge entity $(bone_ear_edge_b4) { transformation: [-0.997557960754447f,0.0697949213679246f,-0.002604589540489575f,-0.0867462779478608f,0.06941662604957448f,0.9948880634794004f,0.07334216504918861f,2.142957276256365f,0.0077101856866578404f,0.07298225878563987f,-0.9973034357402082f,0.02240368856760768f,0f,0f,0f,1f], start_interpolation: 0, interpolation_duration: 1 }
$data merge entity $(bone_ear_left_2) { transformation: [-0.9961946980917455f,-0.08711681586939195f,-0.002604589540489575f,-0.14460925379553477f,-0.08707278979269381f,0.9934984932568419f,0.07334216504918861f,2.2496955283585356f,-0.0038016801040237948f,0.0732898648461267f,-0.9973034357402082f,-0.0009301087117673662f,0f,0f,0f,1f], start_interpolation: 0, interpolation_duration: 1 }
$data merge entity $(bone_ear_left_1) { transformation: [-0.9961946980917455f,-0.08715223909126578f,-0.0007814827412133133f,-0.125f,-0.08707278979269381f,0.9948154189937524f,0.05254152081927649f,2.0258620590849414f,-0.0038016801040237948f,0.05240963035229258f,-0.9986184345758509f,-0.012722275541033178f,0f,0f,0f,1f], start_interpolation: 0, interpolation_duration: 1 }
$data merge entity $(bone_head) { transformation: [-1f,-5.3418343117727156e-18f,1.2234812067540777e-16f,4.723407155967195e-19f,0f,0.9990482215818578f,0.043619387365335965f,1.5124867396690722f,-1.2246467991473532e-16f,0.043619387365335965f,-0.9990482215818578f,-0.003856954641334797f,0f,0f,0f,1f], start_interpolation: 0, interpolation_duration: 1 }
$data merge entity $(bone_body_1) { transformation: [-1f,5.341834311772731e-18f,1.2234812067540777e-16f,-1.5308471513180546e-18f,0f,0.9990482215818578f,-0.04361938736533605f,1.1378436565758756f,-1.2246467991473532e-16f,-0.04361938736533605f,-0.9990482215818578f,0.012500315620666221f,0f,0f,0f,1f], start_interpolation: 0, interpolation_duration: 1 }
$data merge entity $(bone_leg_left_2) { transformation: [-0.9914448613738104f,-0.1192304882922102f,0.05311475799687845f,0.1362643889625167f,-0.1205904774487396f,0.6809827241053038f,-0.7223021986805828f,0.8843335938549377f,0.049950211252314684f,-0.7225279372672868f,-0.6895348840081469f,0.4057121268189302f,0f,0f,0f,1f], start_interpolation: 0, interpolation_duration: 1 }
$data merge entity $(bone_leg_left_1) { transformation: [-0.9914448613738104f,-0.047074016016236196f,0.1217420382266084f,0.12499999999999999f,-0.1205904774487396f,-0.026584781337284202f,-0.9923463035402175f,0.8452602032527432f,0.049950211252314684f,-0.9985375738635737f,0.02068066678076924f,0.08779756783041519f,0f,0f,0f,1f], start_interpolation: 0, interpolation_duration: 1 }
$data merge entity $(bone_leg_right_2) { transformation: [-0.984807753012208f,0.17266883289243712f,-0.018416399067392092f,-0.14897062023620128f,0.16042999720436046f,0.8641265665589659f,-0.47701938426443635f,0.8446324487666508f,-0.06645228065352395f,-0.47272693081162276f,-0.8786998027093033f,0.4130415136607318f,0f,0f,0f,1f], start_interpolation: 0, interpolation_duration: 1 }
$data merge entity $(bone_leg_right_1) { transformation: [-0.984807753012208f,0.08977810099418558f,-0.14863910047132156f,-0.125f,0.16042999720436046f,0.1428308730033161f,-0.9766583628445105f,0.8491316707163037f,-0.06645228065352395f,-0.9856668982465568f,-0.15506405159467773f,0.06958870415798651f,0f,0f,0f,1f], start_interpolation: 0, interpolation_duration: 1 }
$data merge entity $(bone_skirt_forward_right) { transformation: [-0.9914448613738104f,0.13052430323930572f,-0.000702224579206221f,-4.100723895728975e-18f,0.0997879637260276f,0.7544858559226635f,-0.6486859452061982f,1.0320044762657832f,-0.08413946250647712f,-0.6432064205809356f,-0.7610558792707547f,0.03348495173125884f,0f,0f,0f,1f], start_interpolation: 0, interpolation_duration: 1 }
$data merge entity $(bone_skirt_forward_left) { transformation: [-0.9914448613738104f,-0.12914502128776878f,0.01893806568917681f,-4.311984323902184e-18f,-0.09978796372602759f,0.6564167360047017f,-0.7477696376480838f,0.9945441553918073f,0.08413946250647684f,-0.7432621557495817f,-0.6636881185312915f,0.035210024040436445f,0f,0f,0f,1f], start_interpolation: 0, interpolation_duration: 1 }
$data merge entity $(bone_skirt_forward) { transformation: [-1f,7.894287091959348e-17f,9.36248949670491e-17f,-4.100723895728975e-18f,0f,0.7645052845623277f,-0.6446174601081437f,1.0320044762657832f,-1.2246467991473532e-16f,-0.6446174601081437f,-0.7645052845623277f,0.03348495173125884f,0f,0f,0f,1f], start_interpolation: 0, interpolation_duration: 1 }
$data merge entity $(bone_skirt_back_right) { transformation: [-0.9961946980917455f,0.08715574274765822f,1.1688436143880396e-16f,-4.100705354660506e-18f,0.08318433807917011f,0.9508013350154964f,-0.29842450842898316f,1.0570042909052626f,-0.02600940968623293f,-0.2972889130775885f,-0.9544332416512533f,0.03348480033194532f,0f,0f,0f,1f], start_interpolation: 0, interpolation_duration: 1 }
$data merge entity $(bone_skirt_back_left) { transformation: [-0.9961946980917455f,-0.08715574274765814f,1.1688436143880396e-16f,-4.100705354660506e-18f,-0.08318433807917011f,0.9508013350154964f,-0.29842450842898316f,1.0570042909052626f,0.026009409686232686f,-0.2972889130775885f,-0.9544332416512533f,0.03348480033194532f,0f,0f,0f,1f], start_interpolation: 0, interpolation_duration: 1 }
$data merge entity $(bone_skirt_back) { transformation: [-1f,3.6546461903467654e-17f,1.1688436143880396e-16f,-4.100705354660506e-18f,0f,0.9544332416512533f,-0.29842450842898316f,1.0570042909052626f,-1.2246467991473532e-16f,-0.29842450842898316f,-0.9544332416512533f,0.03348480033194532f,0f,0f,0f,1f], start_interpolation: 0, interpolation_duration: 1 }
$data merge entity $(bone_skirt_right) { transformation: [-0.9914448613738104f,0.13052283403835885f,-0.0009362959259242608f,-0.19375f,0.1205904774487396f,0.9132069680316037f,-0.38924410115917046f,1.0695046065259288f,-0.04995021125231493f,-0.3860269722870678f,-0.9211341667003392f,0.03348489375606983f,0f,0f,0f,1f], start_interpolation: 0, interpolation_duration: 1 }
$data merge entity $(bone_skirt_left) { transformation: [-0.9914448613738104f,-0.1299591743017089f,0.012153183545223505f,0.19375f,-0.1205904774487396f,0.8763652005153258f,-0.466306736038005f,1.0695041225253454f,0.04995021125231469f,-0.4637829754751145f,-0.8845396136156358f,0.02098481731254889f,0f,0f,0f,1f], start_interpolation: 0, interpolation_duration: 1 }
$data merge entity $(bone_coat_downer) { transformation: [-1f,5.654789612090135e-17f,1.086274977660736e-16f,-0.00781250000000001f,0f,0.8870108331782217f,-0.46174861323503386f,0.9314144169545094f,-1.2246467991473532e-16f,-0.46174861323503386f,-0.8870108331782217f,0.08550582941907472f,0f,0f,0f,1f], start_interpolation: 0, interpolation_duration: 1 }
$data merge entity $(bone_body_2) { transformation: [-1f,4.6865204053262974e-17f,1.1314261122877003e-16f,0f,0f,0.9238795325112867f,-0.3826834323650897f,1.13784375f,-1.2246467991473532e-16f,-0.3826834323650897f,-0.9238795325112867f,0f,0f,0f,0f,1f], start_interpolation: 0, interpolation_duration: 1 }
$data merge entity $(bone_book_left) { transformation: [0.5815551769263386f,-0.28870500472150706f,-0.7605544007097255f,-0.035003778268518665f,0f,0.9349082882254404f,-0.3548894089816952f,1.1882797621475674f,0.8135069613655282f,0.20638777302963351f,0.5437007549688464f,0.3705664116213578f,0f,0f,0f,1f], start_interpolation: 0, interpolation_duration: 1 }
$data merge entity $(bone_book_right) { transformation: [0.5815551769263386f,-0.28870500472150706f,-0.7605544007097255f,0.019517019568325564f,0f,0.9349082882254404f,-0.3548894089816952f,1.1882797621475674f,0.8135069613655282f,0.20638777302963351f,0.5437007549688464f,0.446832689249376f,0f,0f,0f,1f], start_interpolation: 0, interpolation_duration: 1 }
$data merge entity $(bone_book_loot_1) { transformation: [0.5815551769263386f,-0.28870500472150706f,-0.7605544007097255f,0.10633978075636227f,0f,0.9349082882254404f,-0.3548894089816952f,1.2415131734948217f,0.8135069613655282f,0.20638777302963351f,0.5437007549688464f,0.32714443719003994f,0f,0f,0f,1f], start_interpolation: 0, interpolation_duration: 1 }
$data merge entity $(bone_book_left2) { transformation: [-0.6092156553133847f,-0.5489564193883943f,-0.5722788961104162f,0.5417016742003302f,-0.481315079085124f,0.8294993993759021f,-0.28331350317324855f,2.0868445567079976f,0.6302317668654636f,0.10284744064531116f,-0.7695650225850608f,-0.38800392840066056f,0f,0f,0f,1f], start_interpolation: 0, interpolation_duration: 1 }
$data merge entity $(bone_book_right2) { transformation: [0.2344815640427798f,-0.5489564193883943f,-0.802287508151738f,0.5623122657996698f,0.03472437954585478f,0.8294993993759021f,-0.5574270929011013f,2.1114073032920024f,0.9715001871277262f,0.10284744064531116f,0.21356448759918406f,-0.47610011159933946f,0f,0f,0f,1f], start_interpolation: 0, interpolation_duration: 1 }
$data merge entity $(bone_book_loot_2) { transformation: [-0.21984631039295455f,-0.5489564193883943f,-0.8064207645013104f,0.6729700846751966f,-0.26200263022938497f,0.8294993993759021f,-0.49323966607309844f,2.173111879910965f,0.9396926207859082f,0.10284744064531116f,-0.3261904081870286f,-0.3831234587719457f,0f,0f,0f,1f], start_interpolation: 0, interpolation_duration: 1 }
$data merge entity $(bone_air_staff_povit_1) { transformation: [-0.000015625f,0f,1.9135106236677393e-21f,-0.007217500000000084f,0f,0.000015625f,0f,1.30396625f,-1.9135106236677393e-21f,0f,-0.000015625f,0.6875f,0f,0f,0f,1f], start_interpolation: 0, interpolation_duration: 1 }