# This file was generated by Animated Java via MC-Build. It is not recommended to edit this file directly.
$data merge entity $(bone_wing_right_1) { transformation: [-0.7298035994599654f,-0.12868406520294579f,-0.34317861533400756f,0.03425771473367509f,-0.286688000547068f,0.6768378684891838f,0.35587207612537813f,1.2899419062077828f,0.22834434742740417f,0.4384921385684202f,-0.6500214979953284f,-0.31552301203692557f,0f,0f,0f,1f], start_interpolation: 0, interpolation_duration: 1 }
$data merge entity $(bone_wing_right_2) { transformation: [-0.7087306462596085f,0.1571218015272365f,-0.3361749701231095f,0.03425771473367509f,-0.0057311385344410715f,0.7200268423767768f,0.348609380694248f,1.2899419062077828f,0.37103642018478034f,0.3112460212464792f,-0.6367557531382809f,-0.31552301203692557f,0f,0f,0f,1f], start_interpolation: 0, interpolation_duration: 1 }
$data merge entity $(bone_wing_left_1) { transformation: [-0.7298035994599652f,0.12868406520294542f,0.343178615334008f,-0.03425771473367492f,0.286688000547068f,0.6768378684891838f,0.35587207612537813f,1.2899419062077828f,-0.22834434742740473f,0.4384921385684203f,-0.6500214979953282f,-0.31552301203692557f,0f,0f,0f,1f], start_interpolation: 0, interpolation_duration: 1 }
$data merge entity $(bone_wing_left_2) { transformation: [-0.7087306462596082f,-0.15712180152723676f,0.33617497012310993f,-0.03425771473367492f,0.0057311385344410715f,0.7200268423767768f,0.348609380694248f,1.2899419062077828f,-0.3710364201847809f,0.3112460212464791f,-0.6367557531382807f,-0.31552301203692557f,0f,0f,0f,1f], start_interpolation: 0, interpolation_duration: 1 }
$data merge entity $(bone_staff) { transformation: [0.22207556670126383f,-0.06947252300642057f,1.5450767816589033f,-0.5905636962392944f,1.1020102112222163f,-1.0881169864798885f,-0.2073190008076698f,0.804860854679929f,1.0852014499788867f,1.1191877600657758f,-0.10565425066070182f,-0.008115811541770268f,0f,0f,0f,1f], start_interpolation: 0, interpolation_duration: 1 }
$data merge entity $(bone_arm_right_2) { transformation: [-0.4785211617741123f,-0.8279547675083343f,-0.2924181948760609f,-0.473839851034526f,-0.870096543069256f,0.49190045228046975f,0.03107974879562625f,1.0512685357321792f,0.11810801612627281f,0.26930437799354323f,-0.9557853569291732f,-0.06029450750310052f,0f,0f,0f,1f], start_interpolation: 0, interpolation_duration: 1 }
$data merge entity $(bone_arm_right_1) { transformation: [-0.5598350152028081f,-0.8279547675083343f,-0.032797236363628045f,-0.2984375000000001f,-0.7530812030221021f,0.49190045228046975f,0.43692407429787194f,1.2819735849579275f,-0.3456203949532707f,0.26930437799354323f,-0.8989002695437665f,0.066854143234762f,0f,0f,0f,1f], start_interpolation: 0, interpolation_duration: 1 }
$data merge entity $(bone_arm_left_2) { transformation: [0.8066098289103619f,0.5520643335131457f,0.21120027359802956f,0.3469899177546951f,0.4865429960885216f,-0.41722372466187957f,-0.7675938226278745f,1.0723143022901036f,-0.3356434072976872f,0.7219067358336215f,-0.6051397920279615f,0.2890606540359346f,0f,0f,0f,1f], start_interpolation: 0, interpolation_duration: 1 }
$data merge entity $(bone_arm_left_1) { transformation: [-0.08227205636462598f,0.8737871014275785f,0.4792988734811778f,0.29843749999999997f,0.7839164841649369f,0.3537047917857422f,-0.5102625462664184f,1.3202849044119649f,-0.6153911395169903f,0.3337499387963917f,-0.7140761330260135f,0.08782872459131437f,0f,0f,0f,1f], start_interpolation: 0, interpolation_duration: 1 }
$data merge entity $(bone_himo_right_2) { transformation: [-1f,1.1022787991912655e-16f,3.504685362883547e-16f,-0.1562500000000001f,0f,0.9539309253148597f,-0.30002631505908883f,0.904557146779843f,-3.6739403974420594e-16f,-0.30002631505908883f,-0.9539309253148597f,0.23585270299367983f,0f,0f,0f,1f], start_interpolation: 0, interpolation_duration: 1 }
$data merge entity $(bone_himo_right_1) { transformation: [-1f,8.286424626852522e-17f,3.57927223231087e-16f,-0.15625000000000008f,0f,0.974232525601912f,-0.22554597327223525f,1.08581608299725f,-3.6739403974420594e-16f,-0.22554597327223525f,-0.974232525601912f,0.1874738797201238f,0f,0f,0f,1f], start_interpolation: 0, interpolation_duration: 1 }
$data merge entity $(bone_himo_left_2) { transformation: [-1f,8.33706010749634e-18f,3.672994335257423e-16f,0.15624999999999994f,0f,0.9997424938669949f,-0.02269242068624988f,0.9183493501698228f,-3.6739403974420594e-16f,-0.02269242068624988f,-0.9997424938669949f,0.10291498961324581f,0f,0f,0f,1f], start_interpolation: 0, interpolation_duration: 1 }
$data merge entity $(bone_himo_left_1) { transformation: [-1f,-1.7642961091690145e-16f,3.2225917028267473e-16f,0.15624999999999992f,0f,0.8771486072747509f,0.48021903414584144f,1.08581608299725f,-3.6739403974420594e-16f,0.48021903414584144f,-0.8771486072747509f,0.18747387972012391f,0f,0f,0f,1f], start_interpolation: 0, interpolation_duration: 1 }
$data merge entity $(bone_ponpon1) { transformation: [-1f,-4.204522621476623e-17f,3.649802452080336e-16f,0.29374999999999996f,0f,0.9934299572800556f,0.11444177549543205f,1.849850224341f,-3.6739403974420594e-16f,0.11444177549543205f,-0.9934299572800556f,0.18211028687600597f,0f,0f,0f,1f], start_interpolation: 0, interpolation_duration: 1 }
$data merge entity $(bone_ponpon2) { transformation: [-1f,-4.204522621476623e-17f,3.649802452080336e-16f,0.33124999999999993f,0f,0.9934299572800556f,0.11444177549543205f,1.7364003961336896f,-3.6739403974420594e-16f,0.11444177549543205f,-0.9934299572800556f,0.07467100644407176f,0f,0f,0f,1f], start_interpolation: 0, interpolation_duration: 1 }
$data merge entity $(bone_ponpon3) { transformation: [-1f,-4.204522621476623e-17f,3.649802452080336e-16f,-0.29375000000000007f,0f,0.9934299572800556f,0.11444177549543205f,1.849850224341f,-3.6739403974420594e-16f,0.11444177549543205f,-0.9934299572800556f,0.18211028687600575f,0f,0f,0f,1f], start_interpolation: 0, interpolation_duration: 1 }
$data merge entity $(bone_ponpon4) { transformation: [-1f,-4.204522621476623e-17f,3.649802452080336e-16f,-0.33125000000000004f,0f,0.9934299572800556f,0.11444177549543205f,1.7364003961336896f,-3.6739403974420594e-16f,0.11444177549543205f,-0.9934299572800556f,0.07467100644407151f,0f,0f,0f,1f], start_interpolation: 0, interpolation_duration: 1 }
$data merge entity $(bone_ear_edge_a1) { transformation: [-0.9878484358982106f,0.1541449955417178f,0.01986927383933788f,0.19436633676663934f,0.1517688770290501f,0.9291761237203514f,0.3370429335757728f,1.9457646756515043f,0.03349142664623082f,0.3359628721413507f,-0.941279593364126f,0.1954110864408061f,0f,0f,0f,1f], start_interpolation: 0, interpolation_duration: 1 }
$data merge entity $(bone_ear_edge_a2) { transformation: [-0.9997999723280034f,-0.0022863267529212444f,0.01986927383933788f,0.07918132479978124f,0.004545180464461437f,0.9414783068457725f,0.3370429335757728f,1.9557758495714954f,-0.01947708056843218f,0.33706582509770433f,-0.941279593364126f,0.19656436001565797f,0f,0f,0f,1f], start_interpolation: 0, interpolation_duration: 1 }
$data merge entity $(bone_ear_edge_b1) { transformation: [-0.9720809521668912f,0.23065042292699475f,0.04311617837782998f,0.05724384449926832f,0.21120481357900672f,0.7800161302284394f,0.5890393563290208f,1.9602725743050848f,0.10223086204941936f,0.581700282780616f,-0.8069533021542101f,0.15963509167527176f,0f,0f,0f,1f], start_interpolation: 0, interpolation_duration: 1 }
$data merge entity $(bone_ear_edge_b2) { transformation: [-0.9957788243689296f,-0.08102794641679825f,0.04311617837782998f,0.08620861750497746f,-0.04017052589995242f,0.8071053001587922f,0.5890393563290208f,1.9678805807587254f,-0.08252794549335174f,0.5848209181921099f,-0.8069533021542101f,0.16673620338606054f,0f,0f,0f,1f], start_interpolation: 0, interpolation_duration: 1 }
$data merge entity $(bone_ear_right_2) { transformation: [-0.9961946980917455f,0.07574376975030431f,0.04311617837782998f,0.1440936535845431f,0.08658312579451759f,0.8034525493289217f,0.5890393563290208f,2.069971813071186f,0.009974257944664763f,0.5905310172386116f,-0.8069533021542101f,0.20562511458501992f,0f,0f,0f,1f], start_interpolation: 0, interpolation_duration: 1 }
$data merge entity $(bone_ear_right_1) { transformation: [-0.9961946980917455f,0.08486068259796976f,0.01986927383933788f,0.12499999999999993f,0.08658312579451759f,0.9374995590688497f,0.3370429335757728f,1.8590344122806952f,0.009974257944664763f,0.33748072729375034f,-0.941279593364126f,0.12969195094392622f,0f,0f,0f,1f], start_interpolation: 0, interpolation_duration: 1 }
$data merge entity $(bone_ear_edge_a3) { transformation: [-0.9876883405951377f,-0.1564344650402309f,3.649802452080336e-16f,-0.19523827377799097f,-0.15540668392204487f,0.9811991860034365f,0.11444177549543205f,1.9584248787335987f,-0.017902637927882478f,0.11303280733384452f,-0.9934299572800556f,0.1725982687329449f,0f,0f,0f,1f], start_interpolation: 0, interpolation_duration: 1 }
$data merge entity $(bone_ear_edge_a4) { transformation: [-1f,-4.163336342344337e-17f,3.649802452080336e-16f,-0.08005326181113287f,0f,0.9934299572800556f,0.11444177549543205f,1.9684360526535898f,-3.660266534311063e-16f,0.11444177549543205f,-0.9934299572800556f,0.17375154230779682f,0f,0f,0f,1f], start_interpolation: 0, interpolation_duration: 1 }
$data merge entity $(bone_ear_edge_b3) { transformation: [-0.9702957262759965f,-0.24192189559966776f,3.649802452080336e-16f,-0.057716779398203064f,-0.24033245841068798f,0.9639208419033837f,0.11444177549543205f,1.9641447481780456f,-0.027685971263646886f,0.1110423656706547f,-0.9934299572800556f,0.17325718988790667f,0f,0f,0f,1f], start_interpolation: 0, interpolation_duration: 1 }
$data merge entity $(bone_ear_edge_b4) { transformation: [-0.9975640502598243f,0.06975647374412525f,3.649802452080336e-16f,-0.08682420206637913f,0.06929817073163372f,0.9910100118337365f,0.11444177549543205f,1.9740802184696733f,0.00798305470757782f,0.11416300108214875f,-0.9934299572800556f,0.17440174250807236f,0f,0f,0f,1f], start_interpolation: 0, interpolation_duration: 1 }
$data merge entity $(bone_ear_left_2) { transformation: [-0.9961946980917455f,-0.08715574274765822f,3.649802452080336e-16f,-0.14461004211822315f,-0.08658312579451757f,0.9896496563679006f,0.11444177549543205f,2.0817055849634727f,-0.009974257944665494f,0.11400628998875523f,-0.9934299572800556f,0.155343366191396f,0f,0f,0f,1f], start_interpolation: 0, interpolation_duration: 1 }
$data merge entity $(bone_ear_left_1) { transformation: [-0.9961946980917455f,-0.08715574274765822f,3.649802452080336e-16f,-0.12500000000000008f,-0.08658312579451757f,0.9896496563679006f,0.11444177549543205f,1.8590344122806952f,-0.009974257944665494f,0.11400628998875523f,-0.9934299572800556f,0.1296919509439261f,0f,0f,0f,1f], start_interpolation: 0, interpolation_duration: 1 }
$data merge entity $(bone_head) { transformation: [-1f,-4.204522621476623e-17f,3.649802452080336e-16f,-5.879847003764425e-17f,0f,0.9934299572800556f,0.11444177549543205f,1.3463252536904342f,-3.6739403974420594e-16f,0.11444177549543205f,-0.9934299572800556f,0.10208522716751896f,0f,0f,0f,1f], start_interpolation: 0, interpolation_duration: 1 }
$data merge entity $(bone_body_1) { transformation: [-1f,-1.7642961091690145e-16f,3.2225917028267473e-16f,7.362634056193785e-18f,0f,0.8771486072747509f,0.48021903414584144f,1.0173945259624027f,-3.6739403974420594e-16f,0.48021903414584144f,-0.8771486072747509f,-0.07799691063717158f,0f,0f,0f,1f], start_interpolation: 0, interpolation_duration: 1 }
$data merge entity $(bone_leg_left_2) { transformation: [-0.9751499587877225f,-0.21639712793252464f,-0.047485165039807f,0.17597024040429662f,-0.220441266259905f,0.9691149761424606f,0.11055230050129217f,0.5393025614415523f,0.02209538426986029f,0.11827276118765845f,-0.9927352859423375f,0.05006465874769475f,0f,0f,0f,1f], start_interpolation: 0, interpolation_duration: 1 }
$data merge entity $(bone_leg_left_1) { transformation: [-0.9751499587877225f,-0.17797142434927046f,0.13194214638012763f,0.12500000000000003f,-0.220441266259905f,0.7200523426584948f,-0.6579743702924479f,0.7398509985450971f,0.02209538426986029f,-0.6707091738951434f,-0.7413912584100661f,-0.19860611977298814f,0f,0f,0f,1f], start_interpolation: 0, interpolation_duration: 1 }
$data merge entity $(bone_leg_right_2) { transformation: [-0.9779418114319273f,0.2087984259799684f,0.005747239470251783f,-0.18218800835719426f,0.20875397140242338f,0.9760472161299227f,0.06126672268649719f,0.4909237065065249f,0.007182818176520535f,0.06111504882854618f,-0.9981048832310797f,0.013200667606007521f,0f,0f,0f,1f], start_interpolation: 0, interpolation_duration: 1 }
$data merge entity $(bone_leg_right_1) { transformation: [-0.9779418114319273f,0.16557318330274406f,-0.12733944567272418f,-0.12499999999999994f,0.20875397140242338f,0.7957012044216112f,-0.5685783786829336f,0.7669042242568114f,0.007182818176520535f,-0.5826191845905808f,-0.8127135367828259f,-0.22145439167978576f,0f,0f,0f,1f], start_interpolation: 0, interpolation_duration: 1 }
$data merge entity $(bone_skirt_forward_right) { transformation: [-0.9753619691766893f,0.22061058243831175f,3.3966700278107376e-16f,2.696039135954844e-17f,0.20396121660215383f,0.9017519090063488f,-0.38110801188846005f,0.9156468939773115f,-0.08407646047462052f,-0.37171826094454147f,-0.9245305204666989f,-0.13133952152165784f,0f,0f,0f,1f], start_interpolation: 0, interpolation_duration: 1 }
$data merge entity $(bone_skirt_forward_left) { transformation: [-0.9753619691766893f,-0.2206000540512291f,-0.0021552810410293685f,3.061928419712434e-17f,-0.20396121660215383f,0.9054321534918303f,-0.37228005257509544f,0.8790738235384495f,0.0840764604746198f,-0.36266821142159855f,-0.9281179435924715f,-0.14129856397134855f,0f,0f,0f,1f], start_interpolation: 0, interpolation_duration: 1 }
$data merge entity $(bone_skirt_forward) { transformation: [-1f,1.400168120665842e-16f,3.3966700278107376e-16f,2.696039135954844e-17f,0f,0.9245305204666989f,-0.38110801188846005f,0.9156468939773115f,-3.6739403974420594e-16f,-0.38110801188846005f,-0.9245305204666989f,-0.13133952152165784f,0f,0f,0f,1f], start_interpolation: 0, interpolation_duration: 1 }
$data merge entity $(bone_skirt_back_right) { transformation: [-0.9673727757503995f,0.2533572827786231f,3.4883028073062605e-16f,2.235743458780267e-17f,0.24055559567147156f,0.9184931719935411f,0.3138523512615233f,0.9372229983124856f,0.07951677890930119f,0.30361222021564926f,-0.9494718013756982f,-0.11881085672635923f,0f,0f,0f,1f], start_interpolation: 0, interpolation_duration: 1 }
$data merge entity $(bone_skirt_back_left) { transformation: [-0.9768252213217306f,-0.21403851753773728f,3.4883028073062605e-16f,2.235743458780267e-17f,-0.20322353681033928f,0.9274680025175586f,0.3138523512615233f,0.9372229983124856f,-0.06717649198974995f,0.30657889248338294f,-0.9494718013756982f,-0.11881085672635923f,0f,0f,0f,1f], start_interpolation: 0, interpolation_duration: 1 }
$data merge entity $(bone_skirt_back) { transformation: [-1f,-1.1530748321318856e-16f,3.4883028073062605e-16f,2.235743458780267e-17f,0f,0.9494718013756982f,0.3138523512615233f,0.9372229983124856f,-3.6739403974420594e-16f,0.3138523512615233f,-0.9494718013756982f,-0.11881085672635923f,0f,0f,0f,1f], start_interpolation: 0, interpolation_duration: 1 }
$data merge entity $(bone_skirt_right) { transformation: [-0.9594973784808521f,0.2797080524432212f,-0.0335884814600559f,-0.19374999999999998f,0.2789036093245896f,0.9599471494191207f,0.02672540042395624f,0.993976513614585f,0.03971847673424768f,0.016275002934695443f,-0.9990783587313792f,-0.10566289609796549f,0f,0f,0f,1f], start_interpolation: 0, interpolation_duration: 1 }
$data merge entity $(bone_skirt_left) { transformation: [-0.9666685332406899f,-0.2551172204182489f,0.02161366901661609f,0.19375000000000003f,-0.2534737683910837f,0.9654986436206051f,0.05969437079318772f,0.9656307774109268f,-0.03609703007058188f,0.052226171722977346f,-0.9979826809154783f,-0.10820788590726413f,0f,0f,0f,1f], start_interpolation: 0, interpolation_duration: 1 }
$data merge entity $(bone_coat_downer) { transformation: [-1f,-7.737267274489382e-17f,3.59154353936965e-16f,-0.007812499999999965f,0f,0.9775726198144702f,0.2105986063322195f,0.8269742585934028f,-3.6739403974420594e-16f,0.2105986063322195f,-0.9775726198144702f,-0.15284881001368245f,0f,0f,0f,1f], start_interpolation: 0, interpolation_duration: 1 }
$data merge entity $(bone_body_2) { transformation: [-1f,-1.0838061084408242e-16f,3.5104419042711805e-16f,1.0646483015182255e-17f,0f,0.9554977829023267f,0.294998282823372f,1.0404682944606414f,-3.6739403974420594e-16f,0.294998282823372f,-0.9554977829023267f,-0.08693513119533527f,0f,0f,0f,1f], start_interpolation: 0, interpolation_duration: 1 }
$data merge entity $(bone_book_left) { transformation: [-0.17078092232531086f,-0.3040642817812215f,-0.9372186453088659f,-0.034405358551715476f,-0.17822794921655477f,0.9450350342522322f,-0.27412329735712615f,1.0296263010087388f,0.9690555581016896f,0.12022352756741142f,-0.21558670815119962f,0.19040824666150508f,0f,0f,0f,1f], start_interpolation: 0, interpolation_duration: 1 }
$data merge entity $(bone_book_right) { transformation: [-0.17078092232531086f,-0.3040642817812215f,-0.9372186453088659f,-0.05041607001971335f,-0.17822794921655477f,0.9450350342522322f,-0.27412329735712615f,1.0129174307696869f,0.9690555581016896f,0.12022352756741142f,-0.21558670815119962f,0.2812572052335385f,0f,0f,0f,1f], start_interpolation: 0, interpolation_duration: 1 }
$data merge entity $(bone_book_loot_1) { transformation: [-0.17078092232531086f,-0.3040642817812215f,-0.9372186453088659f,0.09817208251061549f,-0.17822794921655477f,0.9450350342522322f,-0.27412329735712615f,1.0623903604927818f,0.9690555581016896f,0.12022352756741142f,-0.21558670815119962f,0.2681707321702017f,0f,0f,0f,1f], start_interpolation: 0, interpolation_duration: 1 }
$data merge entity $(bone_book_left2) { transformation: [-0.9206081463370244f,0.08087197506279359f,-0.38202141896410774f,0.5203752136453769f,-0.13904464799958083f,0.8463044396104549f,0.5142328085199414f,2.0861278201755256f,0.3648934457627051f,0.52652494636539f,-0.767869946080938f,-0.4880426386828401f,0f,0f,0f,1f], start_interpolation: 0, interpolation_duration: 1 }
$data merge entity $(bone_book_right2) { transformation: [-0.2961575093492274f,0.08087197506279359f,-0.9517092272882011f,0.5833530079289674f,-0.48399440247918435f,0.8463044396104549f,0.2225268834645631f,2.1183752993580023f,0.8234319328425874f,0.52652494636539f,-0.2114978317383976f,-0.5495484108798417f,0f,0f,0f,1f], start_interpolation: 0, interpolation_duration: 1 }
$data merge entity $(bone_book_loot_2) { transformation: [-0.6717631390249661f,0.08087197506279359f,-0.7363382434022878f,0.6623148472975153f,-0.3439731112797537f,0.8463044396104549f,0.40675704568226f,2.041238002914425f,0.6560615701013512f,0.52652494636539f,-0.5406983420457961f,-0.4376907734744715f,0f,0f,0f,1f], start_interpolation: 0, interpolation_duration: 1 }
$data merge entity $(bone_air_staff_povit_1) { transformation: [-0.000015625f,0f,5.740531871003218e-21f,-0.007217500000000242f,0f,0.000015625f,0f,1.2065907944606413f,-5.740531871003218e-21f,0f,-0.000015625f,0.6005648688046648f,0f,0f,0f,1f], start_interpolation: 0, interpolation_duration: 1 }