# This file was generated by Animated Java via MC-Build. It is not recommended to edit this file directly.
$data merge entity $(bone_wing_right_1) { transformation: [-0.7125751439562268f,-0.12564622366170156f,-0.3786741807144511f,0.03639986561533039f,-0.38575615020402054f,0.01910199711274948f,0.7195635835216524f,1.143903277512268f,-0.10184940471097564f,0.8067171652012262f,-0.0760168308610778f,-0.028317012845376244f,0f,0f,0f,1f], start_interpolation: 0, interpolation_duration: 1 }
$data merge entity $(bone_wing_right_2) { transformation: [-0.6919996594403398f,0.15341263104865513f,-0.37094613621007455f,0.03639986561533039f,-0.34195806748771523f,0.16189756582391185f,0.7048786124293738f,1.143903277512268f,0.21024069875863974f,0.7682797295354221f,-0.07446546696595377f,-0.028317012845376244f,0f,0f,0f,1f], start_interpolation: 0, interpolation_duration: 1 }
$data merge entity $(bone_wing_left_1) { transformation: [-0.7125751439562268f,0.12564622366170095f,0.3786741807144511f,-0.03639986561533039f,0.38575615020402054f,0.01910199711274948f,0.7195635835216524f,1.143903277512268f,0.10184940471097512f,0.8067171652012263f,-0.07601683086107752f,-0.02831701284537626f,0f,0f,0f,1f], start_interpolation: 0, interpolation_duration: 1 }
$data merge entity $(bone_wing_left_2) { transformation: [-0.6919996594403396f,-0.15341263104865568f,0.37094613621007455f,-0.03639986561533039f,0.34195806748771523f,0.16189756582391185f,0.7048786124293738f,1.143903277512268f,-0.21024069875864027f,0.768279729535422f,-0.07446546696595349f,-0.02831701284537626f,0f,0f,0f,1f], start_interpolation: 0, interpolation_duration: 1 }
$data merge entity $(bone_staff) { transformation: [-0.7495495235443413f,-0.4934214524669172f,1.2791079047523273f,-0.7043451958292457f,-1.3161012645138248f,0.6672894303175753f,-0.513817601617106f,0.8871483733130889f,-0.384004196981701f,-1.3238830523999776f,-0.7357178061380297f,-0.3856525228016948f,0f,0f,0f,1f], start_interpolation: 0, interpolation_duration: 1 }
$data merge entity $(bone_arm_right_2) { transformation: [-0.6380358889358977f,-0.7529664671860112f,0.16109532495760517f,-0.4983735292612f,0.16675064292493946f,0.06913457677304093f,0.9835723833956157f,0.8740342215357053f,-0.7517342798581812f,0.6544172289815039f,0.08144730135659345f,-0.13128352002145627f,0f,0f,0f,1f], start_interpolation: 0, interpolation_duration: 1 }
$data merge entity $(bone_arm_right_1) { transformation: [-0.6467338150781229f,-0.7529664671860112f,0.12156015682744879f,-0.2984375000000001f,0.10595906840351334f,0.06913457677304093f,0.9919642564717098f,0.821572063170643f,-0.7553198317650318f,0.6544172289815039f,0.035071956811874194f,0.10812412774938442f,0f,0f,0f,1f], start_interpolation: 0, interpolation_duration: 1 }
$data merge entity $(bone_arm_left_2) { transformation: [0.8903680561924633f,0.40515990045759465f,0.20758174190724718f,0.34123118016629184f,0.4025810194759393f,-0.9136400245052625f,0.05648387716629344f,0.541460087551406f,0.21253998981313693f,0.03327702936284439f,-0.9765855784553732f,0.14944794802471867f,0f,0f,0f,1f], start_interpolation: 0, interpolation_duration: 1 }
$data merge entity $(bone_arm_left_1) { transformation: [-0.08196626720743892f,0.8738390916588321f,0.47925647927695875f,0.2984374999999999f,0.9525892257201763f,-0.07268612243669217f,0.2954496482430687f,0.8340204263165834f,0.2930107473829475f,0.4807514633300511f,-0.8264518935933904f,0.225958411194343f,0f,0f,0f,1f], start_interpolation: 0, interpolation_duration: 1 }
$data merge entity $(bone_himo_right_2) { transformation: [-1f,-3.3057780367935676e-16f,1.6030189067537495e-16f,-0.15625f,0f,0.43632142423155074f,0.8997908727902005f,0.4395230908350127f,-3.6739403974420594e-16f,0.8997908727902005f,-0.43632142423155074f,0.03394611370338301f,0f,0f,0f,1f], start_interpolation: 0, interpolation_duration: 1 }
$data merge entity $(bone_himo_right_1) { transformation: [-1f,-1.214524505117479e-16f,3.467386374551567e-16f,-0.15625000000000003f,0f,0.9437786135468328f,0.3305781732232451f,0.6185476944576891f,-3.6739403974420594e-16f,0.3305781732232451f,-0.9437786135468328f,0.09003090484807379f,0f,0f,0f,1f], start_interpolation: 0, interpolation_duration: 1 }
$data merge entity $(bone_himo_left_2) { transformation: [-1f,-2.971129190327418e-16f,2.161071349664573e-16f,0.15625000000000003f,0f,0.5882162245117518f,0.8087036992750437f,0.592633842137706f,-3.6739403974420594e-16f,0.8087036992750437f,-0.5882162245117518f,-0.09577486674672371f,0f,0f,0f,1f], start_interpolation: 0, interpolation_duration: 1 }
$data merge entity $(bone_himo_left_1) { transformation: [-1f,-3.653609031581321e-16f,3.859780930365351e-17f,0.15624999999999997f,0f,0.10505834370782613f,0.9944660599625148f,0.6185476944576891f,-3.6739403974420594e-16f,0.9944660599625148f,-0.10505834370782613f,0.0900309048480739f,0f,0f,0f,1f], start_interpolation: 0, interpolation_duration: 1 }
$data merge entity $(bone_ponpon1) { transformation: [-1f,-6.88540652984799e-17f,3.608843279105368e-16f,0.29374999999999984f,0f,0.9822813896540032f,0.18741203680500307f,1.3333892904453077f,-3.6739403974420594e-16f,0.18741203680500307f,-0.9822813896540032f,0.37243203399571f,0f,0f,0f,1f], start_interpolation: 0, interpolation_duration: 1 }
$data merge entity $(bone_ponpon2) { transformation: [-1f,-6.88540652984799e-17f,3.608843279105368e-16f,0.3312499999999999f,0f,0.9822813896540032f,0.18741203680500307f,1.2281739951890263f,-3.6739403974420594e-16f,0.18741203680500307f,-0.9822813896540032f,0.2569166491150218f,0f,0f,0f,1f], start_interpolation: 0, interpolation_duration: 1 }
$data merge entity $(bone_ponpon3) { transformation: [-1f,-6.88540652984799e-17f,3.608843279105368e-16f,-0.2937500000000002f,0f,0.9822813896540032f,0.18741203680500307f,1.3333892904453077f,-3.6739403974420594e-16f,0.18741203680500307f,-0.9822813896540032f,0.3724320339957098f,0f,0f,0f,1f], start_interpolation: 0, interpolation_duration: 1 }
$data merge entity $(bone_ponpon4) { transformation: [-1f,-6.88540652984799e-17f,3.608843279105368e-16f,-0.3312500000000001f,0f,0.9822813896540032f,0.18741203680500307f,1.2281739951890263f,-3.6739403974420594e-16f,0.18741203680500307f,-0.9822813896540032f,0.25691664911502154f,0f,0f,0f,1f], start_interpolation: 0, interpolation_duration: 1 }
$data merge entity $(bone_ear_edge_a1) { transformation: [-0.987688977636502f,0.15642535492428766f,-0.001261662463550742f,0.19527670187789192f,0.1538447583837885f,0.9727919509089932f,0.17322704917104614f,1.4430986032567235f,0.028324437738374106f,0.1709003469378718f,-0.9848811083797473f,0.3694789738083701f,0f,0f,0f,1f], start_interpolation: 0, interpolation_duration: 1 }
$data merge entity $(bone_ear_edge_a2) { transformation: [-0.9999992040622141f,-0.000009097610523603472f,-0.001261662463550742f,0.08009168991103383f,-0.00022751431854692306f,0.9848818902146218f,0.17322704917104614f,1.4529974287935747f,0.0012410125596891836f,0.1732271983393678f,-0.9848811083797473f,0.3713675966361853f,0f,0f,0f,1f], start_interpolation: 0, interpolation_duration: 1 }
$data merge entity $(bone_ear_edge_b1) { transformation: [-0.9703029581321564f,0.24187623545688458f,-0.002838337751681263f,0.057809056867717784f,0.238508948223645f,0.9586189536112836f,0.15544511376835893f,1.4489312165243218f,0.0403193633039699f,0.1501518847647713f,-0.987840452929697f,0.3729148865760466f,0f,0f,0f,1f], start_interpolation: 0, interpolation_duration: 1 }
$data merge entity $(bone_ear_edge_b2) { transformation: [-0.9975568184036644f,-0.06980213388690841f,-0.002838337751681263f,0.08691590166961626f,-0.06939405839301505f,0.9854041207876535f,0.15544511376835893f,1.4588249913874143f,-0.00805349092663082f,0.15526229690283908f,-0.987840452929697f,0.3743881243832677f,0f,0f,0f,1f], start_interpolation: 0, interpolation_duration: 1 }
$data merge entity $(bone_ear_right_2) { transformation: [-0.9961946980917455f,0.08710951344545176f,-0.002838337751681263f,0.14460798733679142f,0.0856114641024965f,0.98412778327805f,0.15544511376835893f,1.5671748221962476f,0.01633403526759113f,0.15461060392976855f,-0.987840452929697f,0.3596374652007591f,0f,0f,0f,1f], start_interpolation: 0, interpolation_duration: 1 }
$data merge entity $(bone_ear_right_1) { transformation: [-0.9961946980917455f,0.08714661038574034f,-0.001261662463550742f,0.12499999999999986f,0.0856114641024965f,0.9811539464578015f,0.17322704917104614f,1.3464151842432426f,0.01633403526759113f,0.17245985517956655f,-0.9848811083797473f,0.3208339977853567f,0f,0f,0f,1f], start_interpolation: 0, interpolation_duration: 1 }
$data merge entity $(bone_ear_edge_a3) { transformation: [-0.9876883405951377f,-0.15643446504023095f,3.608843279105368e-16f,-0.19523827377799102f,-0.15366266370949858f,0.9701878757448482f,0.18741203680500307f,1.4423698061689119f,-0.02931770171969108f,0.1851046836394883f,-0.9822813896540032f,0.3709551256561446f,0f,0f,0f,1f], start_interpolation: 0, interpolation_duration: 1 }
$data merge entity $(bone_ear_edge_a4) { transformation: [-1f,-6.938893903907228e-17f,3.608843279105368e-16f,-0.08005326181113294f,-1.3877787807814457e-17f,0.9822813896540032f,0.18741203680500307f,1.452268631705763f,-3.677613769070831e-16f,0.1874120368050031f,-0.9822813896540032f,0.3728437484839599f,0f,0f,0f,1f], start_interpolation: 0, interpolation_duration: 1 }
$data merge entity $(bone_ear_edge_b3) { transformation: [-0.9702957262759965f,-0.24192189559966779f,3.608843279105368e-16f,-0.05771677939820312f,-0.23763537579737232f,0.9531034343817262f,0.18741203680500307f,1.448025485530458f,-0.045339075202061395f,0.18184509836457413f,-0.9822813896540032f,0.3720341875215402f,0f,0f,0f,1f], start_interpolation: 0, interpolation_duration: 1 }
$data merge entity $(bone_ear_edge_b4) { transformation: [-0.9975640502598243f,0.06975647374412522f,3.608843279105368e-16f,-0.08682420206637917f,0.06852048596674237f,0.9798886015580961f,0.18741203680500307f,1.457849457007669f,0.013073202824720874f,0.18695551050264214f,-0.9822813896540032f,0.37390852874743563f,0f,0f,0f,1f], start_interpolation: 0, interpolation_duration: 1 }
$data merge entity $(bone_ear_left_2) { transformation: [-0.9961946980917455f,-0.08715574274765825f,3.608843279105368e-16f,-0.1446100421182232f,-0.0856114641024965f,0.97854351240751f,0.18741203680500307f,1.566587474534932f,-0.01633403526759186f,0.1866988774237191f,-0.9822813896540032f,0.36284124520569333f,0f,0f,0f,1f], start_interpolation: 0, interpolation_duration: 1 }
$data merge entity $(bone_ear_left_1) { transformation: [-0.9961946980917455f,-0.08715574274765825f,3.608843279105368e-16f,-0.12500000000000014f,-0.0856114641024965f,0.97854351240751f,0.18741203680500307f,1.3464151842432426f,-0.01633403526759186f,0.1866988774237191f,-0.9822813896540032f,0.3208339977853566f,0f,0f,0f,1f], start_interpolation: 0, interpolation_duration: 1 }
$data merge entity $(bone_head) { transformation: [-1f,-6.88540652984799e-17f,3.608843279105368e-16f,-1.1422935401604265e-16f,0f,0.9822813896540032f,0.18741203680500307f,0.8371393458954094f,-3.6739403974420594e-16f,0.18741203680500307f,-0.9822813896540032f,0.25548162234948013f,0f,0f,0f,1f], start_interpolation: 0, interpolation_duration: 1 }
$data merge entity $(bone_body_1) { transformation: [-1f,-3.653609031581321e-16f,3.859780930365351e-17f,2.2780984668256896e-17f,0f,0.10505834370782613f,0.9944660599625148f,0.7977424670049746f,-3.6739403974420594e-16f,0.9944660599625148f,-0.10505834370782613f,-0.1174431501364629f,0f,0f,0f,1f], start_interpolation: 0, interpolation_duration: 1 }
$data merge entity $(bone_leg_left_2) { transformation: [-0.9845478717137147f,-0.17276856919527228f,-0.02857463564444993f,0.18856975043211874f,0.04576945910809621f,-0.41138313216639827f,0.9103126249711777f,0.90981737893772f,-0.16902853284859026f,0.8949385118918406f,0.4129339111962965f,-0.7845331373105009f,0f,0f,0f,1f], start_interpolation: 0, interpolation_duration: 1 }
$data merge entity $(bone_leg_left_1) { transformation: [-0.9845478717137147f,-0.1726186422781428f,0.029466805765899086f,0.1250000000000001f,0.04576945910809621f,-0.09123770911157147f,0.9947767774978589f,0.8779945969698493f,-0.16902853284859026f,0.9807540388772931f,0.0977285542148772f,-0.4228725942938434f,0f,0f,0f,1f], start_interpolation: 0, interpolation_duration: 1 }
$data merge entity $(bone_leg_right_2) { transformation: [-0.9851145182474643f,0.1665293046532785f,0.04263070055443622f,-0.1949041696841557f,-0.04310791358846773f,-0.47939723444537763f,0.8765386468331975f,0.959660364421392f,0.16640641130712377f,0.861653226244653f,0.479439906534766f,-0.7807460391385961f,0f,0f,0f,1f], start_interpolation: 0, interpolation_duration: 1 }
$data merge entity $(bone_leg_right_1) { transformation: [-0.9851145182474643f,0.17180514666053212f,-0.005690124692790304f,-0.12499999999999988f,-0.04310791358846773f,-0.21486212671111068f,0.9756925613589702f,0.867223233403944f,0.16640641130712377f,0.9614141969443408f,0.21906996186093766f,-0.3908641825682494f,0f,0f,0f,1f], start_interpolation: 0, interpolation_duration: 1 }
$data merge entity $(bone_skirt_forward_right) { transformation: [-0.9687930558876517f,0.24787096414034723f,2.045369693776813e-16f,6.97252329126867e-17f,0.13799564042271636f,0.539350055170643f,0.8306977315556776f,0.8443770753945271f,0.20590584762990505f,0.8047741938727652f,-0.5567237005806842f,-0.24521944252573036f,0f,0f,0f,1f], start_interpolation: 0, interpolation_duration: 1 }
$data merge entity $(bone_skirt_forward_left) { transformation: [-0.9687930558876515f,-0.24786963689090372f,-0.0008111543855088298f,8.362103093309781e-17f,-0.13799564042271634f,0.5366287200502343f,0.8324582992808538f,0.8468931575753075f,-0.20590584762990571f,0.8065917554282456f,-0.5540871068586521f,-0.2830420431048958f,0f,0f,0f,1f], start_interpolation: 0, interpolation_duration: 1 }
$data merge entity $(bone_skirt_forward) { transformation: [-1f,-3.0519339540258832e-16f,2.045369693776813e-16f,6.97252329126867e-17f,0f,0.5567237005806842f,0.8306977315556776f,0.8443770753945271f,-3.6739403974420594e-16f,0.8306977315556776f,-0.5567237005806842f,-0.24521944252573036f,0f,0f,0f,1f], start_interpolation: 0, interpolation_duration: 1 }
$data merge entity $(bone_skirt_back_right) { transformation: [-0.954499707594511f,0.2982118512098289f,-6.777503249366623e-17f,6.138882763044142e-17f,-0.05501264506036745f,-0.17608137775575633f,0.9828371977550996f,0.8340029709812148f,0.29309370018042896f,0.9381178178702512f,0.18447504630410946f,-0.22252880419079868f,0f,0f,0f,1f], start_interpolation: 0, interpolation_duration: 1 }
$data merge entity $(bone_skirt_back_left) { transformation: [-0.953547048892469f,-0.301244129483818f,-6.777503249366623e-17f,6.138882763044142e-17f,0.05557202473536842f,-0.17590563599758516f,0.9828371977550996f,0.8340029709812148f,-0.29607393606205007f,0.9371815094611191f,0.18447504630410946f,-0.22252880419079868f,0f,0f,0f,1f], start_interpolation: 0, interpolation_duration: 1 }
$data merge entity $(bone_skirt_back) { transformation: [-1f,-3.61088528494121e-16f,-6.777503249366623e-17f,6.138882763044142e-17f,0f,-0.18447504630410946f,0.9828371977550996f,0.8340029709812148f,-3.6739403974420594e-16f,0.9828371977550996f,0.18447504630410946f,-0.22252880419079868f,0f,0f,0f,1f], start_interpolation: 0, interpolation_duration: 1 }
$data merge entity $(bone_skirt_right) { transformation: [-0.9483383645287705f,0.31448201755862204f,-0.041897577437785674f,-0.19374999999999998f,-0.014025474007489557f,0.09037430557490361f,0.9958091036793745f,0.8264188651161529f,0.31695052049454336f,0.9449516101494894f,-0.0812946617812361f,-0.16460387840177226f,0f,0f,0f,1f], start_interpolation: 0, interpolation_duration: 1 }
$data merge entity $(bone_skirt_left) { transformation: [-0.9507125235131971f,-0.3073487487243252f,0.04101760954468589f,0.19375000000000006f,0.013707751057151227f,0.09049430969873293f,0.9958026297781629f,0.8261594169569354f,-0.30977055249994934f,0.9472842902580731f,-0.08182101340202719f,-0.19318129714741744f,0f,0f,0f,1f], start_interpolation: 0, interpolation_duration: 1 }
$data merge entity $(bone_coat_downer) { transformation: [-1f,-3.6347640368754287e-16f,-5.3509666434556564e-17f,-0.00781249999999991f,0f,-0.14564652837539793f,0.989336691309988f,0.8525495239274987f,-3.6739403974420594e-16f,0.989336691309988f,0.14564652837539793f,-0.30053173285415524f,0f,0f,0f,1f], start_interpolation: 0, interpolation_duration: 1 }
$data merge entity $(bone_body_2) { transformation: [-1f,-3.57429591512702e-16f,-8.498510193339853e-17f,1.0183464350331751e-17f,0f,-0.231318673521673f,0.9728780351514642f,0.8008642578124999f,-3.6739403974420594e-16f,0.9728780351514642f,0.231318673521673f,-0.083154296875f,0f,0f,0f,1f], start_interpolation: 0, interpolation_duration: 1 }
$data merge entity $(bone_book_left) { transformation: [0.30189209305297776f,-0.08620349212181286f,-0.9494367393871471f,-0.09227619186185841f,-0.9374278316853342f,0.15436747470396894f,-0.31208931916240396f,0.6041811874227498f,0.17346534101608269f,0.9842457217075036f,-0.03420723266577065f,0.12433951526487105f,0f,0f,0f,1f], start_interpolation: 0, interpolation_duration: 1 }
$data merge entity $(bone_book_right) { transformation: [0.30189209305297776f,-0.08620349212181286f,-0.9494367393871471f,-0.06397380813814173f,-0.9374278316853342f,0.15436747470396894f,-0.31208931916240396f,0.5162973282022498f,0.17346534101608269f,0.9842457217075036f,-0.03420723266577065f,0.14060189098512882f,0f,0f,0f,1f], start_interpolation: 0, interpolation_duration: 1 }
$data merge entity $(bone_book_loot_1) { transformation: [0.30189209305297776f,-0.08620349212181286f,-0.9494367393871471f,0.06429051090807202f,-0.9374278316853342f,0.15436747470396894f,-0.31208931916240396f,0.6070526556868604f,0.17346534101608269f,0.9842457217075036f,-0.03420723266577065f,0.13760178802486553f,0f,0f,0f,1f], start_interpolation: 0, interpolation_duration: 1 }
$data merge entity $(bone_book_left2) { transformation: [-0.6465386508702147f,-0.14758880707654395f,0.7484686479450193f,0.5065514741411973f,0.7533730980529396f,0.030894437586394985f,0.6568671927081886f,2.065981989111712f,-0.12006976330883078f,0.9885661726722917f,0.09121498882869158f,-0.5220820059154102f,0f,0f,0f,1f], start_interpolation: 0, interpolation_duration: 1 }
$data merge entity $(bone_book_right2) { transformation: [-0.8982054763915381f,-0.14758880707654395f,-0.41405852992780234f,0.5971755780188028f,-0.4226256032173526f,0.030894437586394985f,0.905777640059297f,2.046578325553288f,-0.12089053596298986f,0.9885661726722917f,-0.09012436164899051f,-0.5079458063945894f,0f,0f,0f,1f], start_interpolation: 0, interpolation_duration: 1 }
$data merge entity $(bone_book_loot_2) { transformation: [-0.9666571080277926f,-0.14758880707654395f,0.2092643771048176f,0.5204738695142774f,0.20697241128985377f,0.030894437586394985f,0.9778588623574899f,1.9096013279788766f,-0.15078612822208895f,0.9885661726722917f,0.0006824835886155225f,-0.5151162786932921f,0f,0f,0f,1f], start_interpolation: 0, interpolation_duration: 1 }
$data merge entity $(bone_air_staff_povit_1) { transformation: [-0.000015625f,0f,5.740531871003218e-21f,-0.007217500000000242f,0f,0.000015625f,0f,0.9669867578124999f,-5.740531871003218e-21f,0f,-0.000015625f,0.604345703125f,0f,0f,0f,1f], start_interpolation: 0, interpolation_duration: 1 }