# This file was generated by Animated Java via MC-Build. It is not recommended to edit this file directly.
$data merge entity $(bone_wing_right_1) { transformation: [-0.6783057216395761f,-0.11960359989398324f,-0.43879468014990614f,0.04066085541871142f,-0.4454574691585605f,0.01580648238969077f,0.6842968966243811f,1.1103088281490834f,-0.09172478185478865f,0.8077063689555187f,-0.07836727880197872f,-0.03147209618219713f,0f,0f,0f,1f], start_interpolation: 0, interpolation_duration: 1 }
$data merge entity $(bone_wing_right_2) { transformation: [-0.6587197607889825f,0.14603465514435124f,-0.4298396866774591f,0.04066085541871142f,-0.3972246459677061f,0.18129548946719948f,0.6703316538361285f,1.1103088281490834f,0.21977456036114906f,0.7653795300344262f,-0.07676794658153017f,-0.03147209618219713f,0f,0f,0f,1f], start_interpolation: 0, interpolation_duration: 1 }
$data merge entity $(bone_wing_left_1) { transformation: [-0.6783057216395761f,0.11960359989398264f,0.43879468014990625f,-0.04066085541871142f,0.4454574691585605f,0.01580648238969077f,0.6842968966243811f,1.1103088281490834f,0.09172478185478815f,0.8077063689555188f,-0.0783672788019784f,-0.03147209618219715f,0f,0f,0f,1f], start_interpolation: 0, interpolation_duration: 1 }
$data merge entity $(bone_wing_left_2) { transformation: [-0.6587197607889823f,-0.1460346551443518f,0.4298396866774592f,-0.04066085541871142f,0.3972246459677061f,0.18129548946719948f,0.6703316538361285f,1.1103088281490834f,-0.21977456036114953f,0.765379530034426f,-0.07676794658152987f,-0.03147209618219715f,0f,0f,0f,1f], start_interpolation: 0, interpolation_duration: 1 }
$data merge entity $(bone_staff) { transformation: [-0.7374604485902579f,-0.5014659524137076f,1.2830004814242546f,-0.703798757366403f,-1.3316131605747108f,0.6320789085666912f,-0.5183520945548202f,0.8547026787848264f,-0.3526538350128698f,-1.338063676330448f,-0.725690788652965f,-0.38679139455110767f,0f,0f,0f,1f], start_interpolation: 0, interpolation_duration: 1 }
$data merge entity $(bone_arm_right_2) { transformation: [-0.6384027579578277f,-0.7537010561226596f,0.15613019128735767f,-0.4982226818907161f,0.15271966225003797f,0.07477730377002073f,0.9854364817699416f,0.8461908614768284f,-0.7543995117933691f,0.6529495178346284f,0.06736693376911798f,-0.13249409010666433f,0f,0f,0f,1f], start_interpolation: 0, interpolation_duration: 1 }
$data merge entity $(bone_arm_right_1) { transformation: [-0.6461884801226043f,-0.7537010561226596f,0.11989648100101288f,-0.2984375000000001f,0.09692978503551038f,0.07477730377002073f,0.9924781970470967f,0.7965782583694926f,-0.756997400873879f,0.6529495178346284f,0.024735849080190553f,0.10762955063362745f,0f,0f,0f,1f], start_interpolation: 0, interpolation_duration: 1 }
$data merge entity $(bone_arm_left_2) { transformation: [0.8897206499402375f,0.4065398079466067f,0.20765969667862255f,0.3412769069009409f,0.40584790741897653f,-0.9126835218214318f,0.047919359754342084f,0.5166283688852654f,0.20900871061646997f,0.041643409446925f,-0.9770267065623521f,0.15063466340366952f,0f,0f,0f,1f], start_interpolation: 0, interpolation_duration: 1 }
$data merge entity $(bone_arm_left_1) { transformation: [-0.08194753675672382f,0.8738387822267242f,0.47926024652167964f,0.2984374999999999f,0.9551372921510695f,-0.06846100781579954f,0.2881420544647516f,0.8099825201622672f,0.2846003414647077f,0.48137186569777907f,-0.8290257972782337f,0.22467450723488736f,0f,0f,0f,1f], start_interpolation: 0, interpolation_duration: 1 }
$data merge entity $(bone_himo_right_2) { transformation: [-1f,-3.28455746189906e-16f,1.646062065488395e-16f,-0.15625f,0f,0.44803722636176885f,0.8940149013266239f,0.41401185939463203f,-3.6739403974420594e-16f,0.8940149013266239f,-0.44803722636176885f,0.03548918429475045f,0f,0f,0f,1f], start_interpolation: 0, interpolation_duration: 1 }
$data merge entity $(bone_himo_right_1) { transformation: [-1f,-1.1964827315235742e-16f,3.473653281074927e-16f,-0.15625000000000003f,0f,0.9454843860541177f,0.3256674311746081f,0.5933256032246204f,-3.6739403974420594e-16f,0.3256674311746081f,-0.9454843860541177f,0.09064255022715126f,0f,0f,0f,1f], start_interpolation: 0, interpolation_duration: 1 }
$data merge entity $(bone_himo_left_2) { transformation: [-1f,-2.952056013221291e-16f,2.187053574734907e-16f,0.15625000000000003f,0f,0.5952882567876221f,0.803512222265943f,0.5657826946013872f,-3.6739403974420594e-16f,0.803512222265943f,-0.5952882567876221f,-0.09492873172286434f,0f,0f,0f,1f], start_interpolation: 0, interpolation_duration: 1 }
$data merge entity $(bone_himo_left_1) { transformation: [-1f,-3.650082288211702e-16f,4.180159485473526e-17f,0.15624999999999997f,0f,0.11377864181966357f,0.9935061251274059f,0.5933256032246204f,-3.6739403974420594e-16f,0.9935061251274059f,-0.11377864181966357f,0.09064255022715137f,0f,0f,0f,1f], start_interpolation: 0, interpolation_duration: 1 }
$data merge entity $(bone_ponpon1) { transformation: [-1f,-6.861460183189026e-17f,3.609299334427921e-16f,0.29374999999999984f,0f,0.9824055221311854f,0.1867602476067996f,1.3096877560104623f,-3.6739403974420594e-16f,0.1867602476067996f,-0.9824055221311854f,0.37079034224594054f,0f,0f,0f,1f], start_interpolation: 0, interpolation_duration: 1 }
$data merge entity $(bone_ponpon2) { transformation: [-1f,-6.861460183189026e-17f,3.609299334427921e-16f,0.3312499999999999f,0f,0.9824055221311854f,0.1867602476067996f,1.2043958389572016f,-3.6739403974420594e-16f,0.1867602476067996f,-0.9824055221311854f,0.25534479359529194f,0f,0f,0f,1f], start_interpolation: 0, interpolation_duration: 1 }
$data merge entity $(bone_ponpon3) { transformation: [-1f,-6.861460183189026e-17f,3.609299334427921e-16f,-0.2937500000000002f,0f,0.9824055221311854f,0.1867602476067996f,1.3096877560104623f,-3.6739403974420594e-16f,0.1867602476067996f,-0.9824055221311854f,0.3707903422459403f,0f,0f,0f,1f], start_interpolation: 0, interpolation_duration: 1 }
$data merge entity $(bone_ponpon4) { transformation: [-1f,-6.861460183189026e-17f,3.609299334427921e-16f,-0.3312500000000001f,0f,0.9824055221311854f,0.1867602476067996f,1.2043958389572016f,-3.6739403974420594e-16f,0.1867602476067996f,-0.9824055221311854f,0.2553447935952917f,0f,0f,0f,1f], start_interpolation: 0, interpolation_duration: 1 }
$data merge entity $(bone_ear_edge_a1) { transformation: [-0.9876887895654861f,0.15642804446511804f,-0.0010591843483248316f,0.195270669323649f,0.15383536402365522f,0.9725025106160945f,0.17485293140551683f,1.4192797102494896f,0.028381961566709593f,0.17253734016209918f,-0.9845939927236067f,0.36800218887341674f,0f,0f,0f,1f], start_interpolation: 0, interpolation_duration: 1 }
$data merge entity $(bone_ear_edge_a2) { transformation: [-0.9999994390435455f,-0.000006411761615129907f,-0.0010591843483248316f,0.0800856573567909f,-0.0001915145811372393f,0.9845945438103255f,0.17485293140551683f,1.4291797867168257f,0.0010417460149360486f,0.17485303616988315f,-0.9845939927236067f,0.3698842433720059f,0f,0f,0f,1f], start_interpolation: 0, interpolation_duration: 1 }
$data merge entity $(bone_ear_edge_b1) { transformation: [-0.970300823208743f,0.24188971483281935f,-0.002382926464045818f,0.057793768612735025f,0.2384069609443613f,0.9579058722269688f,0.1599326762308565f,1.4250787040811068f,0.040968688698926045f,0.15461470114833037f,-0.9871250481753072f,0.37105659781029987f,0f,0f,0f,1f], start_interpolation: 0, interpolation_duration: 1 }
$data merge entity $(bone_ear_edge_b2) { transformation: [-0.9975589533270778f,-0.06978865451097367f,-0.002382926464045818f,0.08690078400710914f,-0.06927069979343133f,0.9846944242879435f,0.1599326762308565f,1.434963171457628f,-0.008815031883856551f,0.15970734008737236f,-0.9871250481753072f,0.37258780142646275f,0f,0f,0f,1f], start_interpolation: 0, interpolation_duration: 1 }
$data merge entity $(bone_ear_right_2) { transformation: [-0.9961946980917455f,0.08712316084350306f,-0.002382926464045818f,0.14460859396118478f,0.08562228296074441f,0.9834075267833912f,0.1599326762308565f,1.5433739365008647f,0.016277228095906805f,0.1591200525088238f,-0.9871250481753072f,0.3583554711782415f,0f,0f,0f,1f], start_interpolation: 0, interpolation_duration: 1 }
$data merge entity $(bone_ear_right_1) { transformation: [-0.9961946980917455f,0.08714930649415531f,-0.0010591843483248316f,0.12499999999999986f,0.08562228296074441f,0.9808645559094731f,0.17485293140551683f,1.3226794114212337f,0.016277228095906805f,0.17409687342999566f,-0.9845939927236067f,0.31918367465649256f,0f,0f,0f,1f], start_interpolation: 0, interpolation_duration: 1 }
$data merge entity $(bone_ear_edge_a3) { transformation: [-0.9876883405951377f,-0.15643446504023095f,3.609299334427921e-16f,-0.19523827377799102f,-0.15368208230716068f,0.9703104799452502f,0.1867602476067996f,1.4186672678103194f,-0.029215739425151113f,0.1844609190478969f,-0.9824055221311854f,0.369241125188519f,0f,0f,0f,1f], start_interpolation: 0, interpolation_duration: 1 }
$data merge entity $(bone_ear_edge_a4) { transformation: [-1f,-6.938893903907228e-17f,3.609299334427921e-16f,-0.08005326181113294f,0f,0.9824055221311854f,0.1867602476067996f,1.4285673442776554f,-3.642919299551295e-16f,0.18676024760679963f,-0.9824055221311854f,0.3711231796871083f,0f,0f,0f,1f], start_interpolation: 0, interpolation_duration: 1 }
$data merge entity $(bone_ear_edge_b3) { transformation: [-0.9702957262759965f,-0.24192189559966779f,3.609299334427921e-16f,-0.05771677939820312f,-0.23766540616155768f,0.953223879593828f,0.1867602476067996f,1.424323661889152f,-0.04518139312370062f,0.1812126700911245f,-0.9824055221311854f,0.37031643424870503f,0f,0f,0f,1f], start_interpolation: 0, interpolation_duration: 1 }
$data merge entity $(bone_ear_edge_b4) { transformation: [-0.9975640502598243f,0.06975647374412522f,3.609299334427921e-16f,-0.08682420206637917f,0.06852914501062772f,0.9800124316548028f,0.1867602476067996f,1.4341488748374198f,0.013027736308629693f,0.1863053090301667f,-0.9824055221311854f,0.37218425681451f,0f,0f,0f,1f], start_interpolation: 0, interpolation_duration: 1 }
$data merge entity $(bone_ear_left_2) { transformation: [-0.9961946980917455f,-0.08715574274765825f,3.609299334427921e-16f,-0.1446100421182232f,-0.08562228296074441f,0.9786671725231398f,0.1867602476067996f,1.5428795252389398f,-0.016277228095907533f,0.18604956848019535f,-0.9824055221311854f,0.3610448275645363f,0f,0f,0f,1f], start_interpolation: 0, interpolation_duration: 1 }
$data merge entity $(bone_ear_left_1) { transformation: [-0.9961946980917455f,-0.08715574274765825f,3.609299334427921e-16f,-0.12500000000000014f,-0.08562228296074441f,0.9786671725231398f,0.1867602476067996f,1.3226794114212337f,-0.016277228095907533f,0.18604956848019535f,-0.9824055221311854f,0.31918367465649244f,0f,0f,0f,1f], start_interpolation: 0, interpolation_duration: 1 }
$data merge entity $(bone_head) { transformation: [-1f,-6.861460183189026e-17f,3.609299334427921e-16f,-1.1401782306376834e-16f,0f,0.9824055221311854f,0.1867602476067996f,0.8133603235912885f,-3.6739403974420594e-16f,0.1867602476067996f,-0.9824055221311854f,0.2541692203246072f,0f,0f,0f,1f], start_interpolation: 0, interpolation_duration: 1 }
$data merge entity $(bone_body_1) { transformation: [-1f,-3.650082288211702e-16f,4.180159485473526e-17f,2.2860262744170488e-17f,0f,0.11377864181966357f,0.9935061251274059f,0.7706933329089146f,-3.6739403974420594e-16f,0.9935061251274059f,-0.11377864181966357f,-0.11839557659817002f,0f,0f,0f,1f], start_interpolation: 0, interpolation_duration: 1 }
$data merge entity $(bone_leg_left_2) { transformation: [-0.9844993215584537f,-0.17299159184173593f,-0.028896280089427146f,0.18854277360848462f,0.04265934950293034f,-0.3959935564438428f,0.9172618400189466f,0.8703525845284392f,-0.170121326561167f,0.9018109626784425f,0.3972350964379273f,-0.7865673037398606f,0f,0f,0f,1f], start_interpolation: 0, interpolation_duration: 1 }
$data merge entity $(bone_leg_left_1) { transformation: [-0.9844993215584537f,-0.17279112329601984f,0.030071806747251725f,0.1250000000000001f,0.04265934950293034f,-0.06960233266717783f,0.9966622773975516f,0.846946825532581f,-0.170121326561167f,0.9824961796350086f,0.07589460620941124f,-0.4247117721703009f,0f,0f,0f,1f], start_interpolation: 0, interpolation_duration: 1 }
$data merge entity $(bone_leg_right_2) { transformation: [-0.9850662898239775f,0.16686016375988302f,0.04245103535190426f,-0.19494236052484956f,-0.04034216390246702f,-0.46337702033133044f,0.8852424791211297f,0.9203590059528847f,0.1673825393047019f,0.8703099578764354f,0.4631885822826671f,-0.7841351621345914f,0f,0f,0f,1f], start_interpolation: 0, interpolation_duration: 1 }
$data merge entity $(bone_leg_right_1) { transformation: [-0.9850662898239775f,0.17204973162109605f,-0.006579855737964665f,-0.12499999999999988f,-0.04034216390246702f,-0.19348854561953652f,0.9802727643496492f,0.8369453075436094f,0.1673825393047019f,0.9658991006120388f,0.19753990222930795f,-0.3926201763838293f,0f,0f,0f,1f], start_interpolation: 0, interpolation_duration: 1 }
$data merge entity $(bone_skirt_forward_right) { transformation: [-0.9692706765450513f,0.24599665768034062f,2.0622028179834434e-16f,6.995875047871942e-17f,0.13807926798053285f,0.5440569264410463f,0.8276087098052328f,0.8155716188860842f,0.2035889764792261f,0.8021768540674951f,-0.5613054635886933f,-0.24659168932591252f,0f,0f,0f,1f], start_interpolation: 0, interpolation_duration: 1 }
$data merge entity $(bone_skirt_forward_left) { transformation: [-0.9692706765450511f,-0.24599336836565738f,-0.0012721281448736226f,8.385947940511898e-17f,-0.13807926798053285f,0.5397698197906243f,0.8304111375681067f,0.8178786897706549f,-0.20358897647922683f,0.8050688196442058f,-0.5571496426390543f,-0.28442771120606547f,0f,0f,0f,1f], start_interpolation: 0, interpolation_duration: 1 }
$data merge entity $(bone_skirt_forward) { transformation: [-1f,-3.0405850722283473e-16f,2.0622028179834434e-16f,6.995875047871942e-17f,0f,0.5613054635886933f,0.8276087098052328f,0.8155716188860842f,-3.6739403974420594e-16f,0.8276087098052328f,-0.5613054635886933f,-0.24659168932591252f,0f,0f,0f,1f], start_interpolation: 0, interpolation_duration: 1 }
$data merge entity $(bone_skirt_back_right) { transformation: [-0.9552343868166062f,0.2958500739278297f,-6.303170613931346e-17f,6.157171491133458e-17f,-0.05075731477325153f,-0.16388413161496082f,0.9851729220811031f,0.8055044193652685f,0.29146348182939036f,0.9410710521324667f,0.1715643133002337f,-0.2237632417734584f,0f,0f,0f,1f], start_interpolation: 0, interpolation_duration: 1 }
$data merge entity $(bone_skirt_back_left) { transformation: [-0.9543871254770645f,-0.29857195903772654f,-6.303170613931346e-17f,6.157171491133458e-17f,0.051224293123013f,-0.16373877180505655f,0.9851729220811031f,0.8055044193652685f,-0.2941450093366765f,0.9402363532028241f,0.1715643133002337f,-0.2237632417734584f,0f,0f,0f,1f], start_interpolation: 0, interpolation_duration: 1 }
$data merge entity $(bone_skirt_back) { transformation: [-1f,-3.6194665968998033e-16f,-6.303170613931346e-17f,6.157171491133458e-17f,0f,-0.1715643133002337f,0.9851729220811031f,0.8055044193652685f,-3.6739403974420594e-16f,0.9851729220811031f,0.1715643133002337f,-0.2237632417734584f,0f,0f,0f,1f], start_interpolation: 0, interpolation_duration: 1 }
$data merge entity $(bone_skirt_right) { transformation: [-0.948679949309044f,0.31360260208316804f,-0.040740173608564516f,-0.19374999999999998f,-0.009719662106488338f,0.09985180098956112f,0.9949548462154836f,0.7987015442554838f,0.3160884084358765f,0.9442896937941276f,-0.09167929017322965f,-0.16573021569337207f,0f,0f,0f,1f], start_interpolation: 0, interpolation_duration: 1 }
$data merge entity $(bone_skirt_left) { transformation: [-0.9511264059312212f,-0.306275923092823f,0.03941597232083645f,0.19375000000000006f,0.009491114500933108f,0.09858731197902135f,0.9950831425877343f,0.7980539706296333f,-0.3086559228103163f,0.9468239545186794f,-0.09086209585807366f,-0.1943095758333504f,0f,0f,0f,1f], start_interpolation: 0, interpolation_duration: 1 }
$data merge entity $(bone_coat_downer) { transformation: [-1f,-3.6417671483489495e-16f,-4.851495451539419e-17f,-0.00781249999999991f,0f,-0.13205155573338154f,0.9912428494715074f,0.8230481706134234f,-3.6739403974420594e-16f,0.9912428494715074f,0.13205155573338154f,-0.3023257283582965f,0f,0f,0f,1f], start_interpolation: 0, interpolation_duration: 1 }
$data merge entity $(bone_body_2) { transformation: [-1f,-3.5856255559183386e-16f,-8.007043253923526e-17f,1.0318783215037885e-17f,0f,-0.21794156648535568f,0.9759618197439432f,0.7743518518518517f,-3.6739403974420594e-16f,0.9759618197439432f,0.21794156648535568f,-0.08425925925925927f,0f,0f,0f,1f], start_interpolation: 0, interpolation_duration: 1 }
$data merge entity $(bone_book_left) { transformation: [0.30189058756025106f,-0.08620270651254083f,-0.9494372894153879f,-0.09227612129188685f,-0.9374280913256826f,0.15436906762842628f,-0.3120877513665313f,0.577668793632743f,0.1734665579759216f,0.9842455406804966f,-0.03420627010568557f,0.12323449583561932f,0f,0f,0f,1f], start_interpolation: 0, interpolation_duration: 1 }
$data merge entity $(bone_book_right) { transformation: [0.30189058756025106f,-0.08620270651254083f,-0.9494372894153879f,-0.06397387870811329f,-0.9374280913256826f,0.15436906762842628f,-0.3120877513665313f,0.48978491007096026f,0.1734665579759216f,0.9842455406804966f,-0.03420627010568557f,0.13949698564586197f,0f,0f,0f,1f], start_interpolation: 0, interpolation_duration: 1 }
$data merge entity $(bone_book_loot_1) { transformation: [0.30189058756025106f,-0.08620270651254083f,-0.9494372894153879f,0.06429059341230813f,-0.9374280913256826f,0.15436906762842628f,-0.3120877513665313f,0.5805400145568314f,0.1734665579759216f,0.9842455406804966f,-0.03420627010568557f,0.13649668125659348f,0f,0f,0f,1f], start_interpolation: 0, interpolation_duration: 1 }
$data merge entity $(bone_book_left2) { transformation: [-0.5547768991225361f,-0.13866632243876498f,0.8203622634064123f,0.5064388543558909f,0.8250475361201369f,0.03550492777223113f,0.5639467734157007f,2.03743860034621f,-0.1073273280300714f,0.9897025063751211f,0.09470899393789552f,-0.522821546433938f,0f,0f,0f,1f], start_interpolation: 0, interpolation_duration: 1 }
$data merge entity $(bone_book_right2) { transformation: [-0.8386360980386471f,-0.13866632243876498f,-0.5267458078502583f,0.5972881181241094f,-0.5357521646097724f,0.03550492777223113f,0.8436284835280468f,2.018576804477494f,-0.0982807874533775f,0.9897025063751211f,-0.1040664964930929f,-0.5094160837645803f,0f,0f,0f,1f], start_interpolation: 0, interpolation_duration: 1 }
$data merge entity $(bone_book_loot_2) { transformation: [-0.9690588135276644f,-0.13866632243876498f,0.2041976173848848f,0.5212338436322674f,0.20119248926630326f,0.03550492777223113f,0.9789080561353639f,1.8811714939915474f,-0.14299160180648304f,0.9897025063751211f,-0.0065077405924847485f,-0.5151426540103864f,0f,0f,0f,1f], start_interpolation: 0, interpolation_duration: 1 }
$data merge entity $(bone_air_staff_povit_1) { transformation: [-0.000015625f,0f,5.740531871003218e-21f,-0.007217500000000242f,0f,0.000015625f,0f,0.9404743518518517f,-5.740531871003218e-21f,0f,-0.000015625f,0.6032407407407407f,0f,0f,0f,1f], start_interpolation: 0, interpolation_duration: 1 }