# This file was generated by Animated Java via MC-Build. It is not recommended to edit this file directly.
$data merge entity $(bone_wing_right_1) { transformation: [0.4467094992503051f,0.21504050781487935f,-0.6489627475616032f,-0.3038204189632192f,-0.3811800213960596f,0.7218787151828007f,-0.023180946895513883f,1.3267945637973066f,0.5675357777378318f,0.31558381613953534f,0.4952317037738667f,-0.3111191922748433f,0f,0f,0f,1f], start_interpolation: 0, interpolation_duration: 1 }
$data merge entity $(bone_wing_right_2) { transformation: [0.48489619882173346f,0.027157419808460245f,-0.6357186098562644f,-0.3038204189632192f,-0.07436414252334239f,0.7962124886691692f,-0.022707866346625846f,1.3267945637973066f,0.6319380117345388f,0.072857034228654f,0.485124934309094f,-0.3111191922748433f,0f,0f,0f,1f], start_interpolation: 0, interpolation_duration: 1 }
$data merge entity $(bone_wing_left_1) { transformation: [-0.3759671403428633f,0.20256672126053554f,-0.6961033524302341f,-0.299465299006172f,0.016007465569560123f,0.7862684893892807f,0.22015918805260462f,1.3043134038500293f,0.7248012933714272f,0.08770992233321893f,-0.3659433003838869f,-0.2315588969080488f,0f,0f,0f,1f], start_interpolation: 0, interpolation_duration: 1 }
$data merge entity $(bone_wing_left_2) { transformation: [-0.4161965133399126f,0.042387773405028584f,-0.681897161564311f,-0.299465299006172f,-0.28026411866733886f,0.7175932959408486f,0.21566614339846985f,1.3043134038500293f,0.6230830490964427f,0.351088504919363f,-0.3584750697638076f,-0.2315588969080488f,0f,0f,0f,1f], start_interpolation: 0, interpolation_duration: 1 }
$data merge entity $(bone_staff) { transformation: [-1.3595273432542163f,-0.7331330733539012f,-0.23581253083497797f,0.43756235237080343f,0.03694604225093674f,0.4157981679300483f,-1.5057068517835759f,1.2925554365106011f,0.769237702473121f,-1.3156876644176156f,-0.34444967236621876f,-0.35272066333460184f,0f,0f,0f,1f], start_interpolation: 0, interpolation_duration: 1 }
$data merge entity $(bone_arm_right_2) { transformation: [0.45612852130877285f,0.16187955877553234f,0.8750667291694456f,0.3508875148776778f,0.12266372019190014f,0.9624935671334304f,-0.24199120846726652f,1.2994309818956171f,-0.8814195276923222f,0.21771803250397936f,0.41916401864334757f,-0.10104068454811524f,0f,0f,0f,1f], start_interpolation: 0, interpolation_duration: 1 }
$data merge entity $(bone_arm_right_1) { transformation: [0.8811993644981423f,0.16187955877553234f,0.4441651589878586f,0.029130437205524204f,-0.04168759918232964f,0.9624935671334304f,-0.2680825941779478f,1.315224953305089f,-0.47090320033153754f,0.21771803250397936f,0.8548970898535758f,0.07985520832950821f,0f,0f,0f,1f], start_interpolation: 0, interpolation_duration: 1 }
$data merge entity $(bone_arm_left_2) { transformation: [-0.47289590876685084f,0.6142761940903174f,-0.6316915519820484f,0.24411430098455306f,0.7797138991014418f,-0.042168767816465225f,-0.6247143591825526f,1.2796682965921469f,-0.4103848133393835f,-0.7879635476306983f,-0.4590182486412102f,-0.7128619190713711f,0f,0f,0f,1f], start_interpolation: 0, interpolation_duration: 1 }
$data merge entity $(bone_arm_left_1) { transformation: [-0.669963662947724f,0.16141680357521457f,-0.7246332216047158f,0.02597251421928003f,0.619170972806301f,0.6600259015851114f,-0.42543285683038146f,1.4758906980924094f,0.40960468352274443f,-0.7336964118491527f,-0.5421379699632847f,-0.5545197006287714f,0f,0f,0f,1f], start_interpolation: 0, interpolation_duration: 1 }
$data merge entity $(bone_himo_right_2) { transformation: [0.05435048979660069f,-0.5233130910845466f,-0.8504054520982369f,0.26690636402502244f,-0.21297603798658424f,0.8259908550353952f,-0.5219006750727896f,1.0775856630612655f,0.9755445820168378f,0.2094815411854551f,-0.06656014122701247f,-0.20091508887053403f,0f,0f,0f,1f], start_interpolation: 0, interpolation_duration: 1 }
$data merge entity $(bone_himo_right_1) { transformation: [0.058092430475174595f,-0.1354010281647848f,-0.9890863617972934f,0.23533688148289222f,-0.23944013482698992f,0.9599506559488388f,-0.14547563362098465f,1.2566671883415415f,0.9691716521625672f,0.2452780049562399f,0.02334542630081704f,-0.15477955402685895f,0f,0f,0f,1f], start_interpolation: 0, interpolation_duration: 1 }
$data merge entity $(bone_himo_left_2) { transformation: [0.05260432006762826f,-0.3501864113467664f,-0.9352017230620867f,0.19424231682531487f,-0.27154387135640556f,0.8961948047468781f,-0.35085438271949926f,1.1622065958640766f,0.9609873627883972f,0.27240475262516683f,-0.04794725548165729f,-0.5044079220469763f,0f,0f,0f,1f], start_interpolation: 0, interpolation_duration: 1 }
$data merge entity $(bone_himo_left_1) { transformation: [0.05260432006762826f,0.16433053324463637f,-0.9850016555081297f,0.2188980314617584f,-0.27154387135640556f,0.9515546590101809f,0.14424859390924463f,1.3415246481404182f,0.9609873627883972f,0.2598830636258389f,0.0946788350237255f,-0.45508810489823315f,0f,0f,0f,1f], start_interpolation: 0, interpolation_duration: 1 }
$data merge entity $(bone_ponpon1) { transformation: [-0.8494367104514512f,0.10850429183422698f,-0.5164146527655568f,0.3770170782314884f,-0.10930562678856803f,0.9212270734083006f,0.37335366500402245f,1.9995535925517696f,0.5162456342573523f,0.37358733633934993f,-0.7706639651865744f,-0.18176281940474073f,0f,0f,0f,1f], start_interpolation: 0, interpolation_duration: 1 }
$data merge entity $(bone_ponpon2) { transformation: [-0.8494367104514512f,0.10850429183422698f,-0.5164146527655568f,0.34689404469736845f,-0.10930562678856803f,0.9212270734083006f,0.37335366500402245f,1.9235010754744304f,0.5162456342573523f,0.37358733633934993f,-0.7706639651865744f,-0.3200701944680515f,0f,0f,0f,1f], start_interpolation: 0, interpolation_duration: 1 }
$data merge entity $(bone_ponpon3) { transformation: [-0.8494367104514512f,0.10850429183422698f,-0.5164146527655568f,-0.12202698915873922f,-0.10930562678856803f,0.9212270734083006f,0.37335366500402245f,1.9353365368134858f,0.5162456342573523f,0.37358733633934993f,-0.7706639651865744f,0.12153149072145372f,0f,0f,0f,1f], start_interpolation: 0, interpolation_duration: 1 }
$data merge entity $(bone_ponpon4) { transformation: [-0.8494367104514512f,0.10850429183422698f,-0.5164146527655568f,-0.2158577759767179f,-0.10930562678856803f,0.9212270734083006f,0.37335366500402245f,1.851086097727004f,0.5162456342573523f,0.37358733633934993f,-0.7706639651865744f,0.02194253822744438f,0f,0f,0f,1f], start_interpolation: 0, interpolation_duration: 1 }
$data merge entity $(bone_ear_edge_a1) { transformation: [-0.8220049241387298f,0.24004960133420444f,-0.5164146527655568f,0.29362633180049896f,0.0361517712686928f,0.9269844066985161f,0.37335366500402245f,2.09531475865318f,0.5683317289451797f,0.2882292466719666f,-0.7706639651865744f,-0.10787590076925586f,0f,0f,0f,1f], start_interpolation: 0, interpolation_duration: 1 }
$data merge entity $(bone_ear_edge_a2) { transformation: [-0.8494367104514512f,0.108504291834227f,-0.5164146527655568f,0.19687739342145522f,-0.10930562678856803f,0.9212270734083006f,0.37335366500402245f,2.0920079465466803f,0.5162456342573523f,0.37358733633934993f,-0.7706639651865744f,-0.044647358628697995f,0f,0f,0f,1f], start_interpolation: 0, interpolation_duration: 1 }
$data merge entity $(bone_ear_edge_b1) { transformation: [-0.7979552459317484f,0.3107785898337151f,-0.5164146527655568f,0.17743526091672168f,0.11680621734580367f,0.9203061166902179f,0.37335366500402245f,2.0855870325744683f,0.5912898892077962f,0.2375990734063131f,-0.7706639651865744f,-0.03473002670777103f,0f,0f,0f,1f], start_interpolation: 0, interpolation_duration: 1 }
$data merge entity $(bone_ear_edge_b2) { transformation: [-0.8549364021017903f,0.04898627124282265f,-0.5164146527655568f,0.2032453450641557f,-0.17330091593397615f,0.9113582354730269f,0.37335366500402245f,2.0979819940180136f,0.48892795062022265f,0.4086887713960535f,-0.7706639651865744f,-0.04602029296306322f,0f,0f,0f,1f], start_interpolation: 0, interpolation_duration: 1 }
$data merge entity $(bone_ear_right_2) { transformation: [-0.8367475751701081f,0.1821246876619801f,-0.5164146527655568f,0.24755723555056322f,-0.02859945605621468f,0.9272481393571802f,0.37335366500402245f,2.212452347444304f,0.54684144553996f,0.3271719520415427f,-0.7706639651865744f,-0.060806742138941744f,0f,0f,0f,1f], start_interpolation: 0, interpolation_duration: 1 }
$data merge entity $(bone_ear_right_1) { transformation: [-0.8367475751701081f,0.1821246876619801f,-0.5164146527655568f,0.20657918082661778f,-0.02859945605621468f,0.9272481393571802f,0.37335366500402245f,2.0038215160889385f,0.54684144553996f,0.3271719520415427f,-0.7706639651865744f,-0.13442043134828874f,0f,0f,0f,1f], start_interpolation: 0, interpolation_duration: 1 }
$data merge entity $(bone_ear_edge_a3) { transformation: [-0.8559525458340426f,-0.025712753435808068f,-0.5164146527655568f,-0.03805878226389379f,-0.25207155754971716f,0.8927860721934027f,0.37335366500402245f,2.0526334748763375f,0.45144785873307763f,0.4497464659207737f,-0.7706639651865744f,0.09370591218640309f,0f,0f,0f,1f], start_interpolation: 0, interpolation_duration: 1 }
$data merge entity $(bone_ear_edge_a4) { transformation: [-0.8494367104514512f,0.10850429183422697f,-0.5164146527655568f,0.06087703467394039f,-0.10930562678856802f,0.9212270734083006f,0.37335366500402245f,2.07450740262921f,0.5162456342573524f,0.37358733633935f,-0.7706639651865744f,0.03800693520741824f,0f,0f,0f,1f], start_interpolation: 0, interpolation_duration: 1 }
$data merge entity $(bone_ear_edge_b3) { transformation: [-0.8504543738542198f,-0.10021608853500723f,-0.5164146527655568f,0.07938175845699846f,-0.32892378240753695f,0.8674192678254175f,0.37335366500402245f,2.0729694950777917f,0.4105319760493039f,0.48738131827549597f,-0.7706639651865744f,0.024862044067662903f,0f,0f,0f,1f], start_interpolation: 0, interpolation_duration: 1 }
$data merge entity $(bone_ear_edge_b4) { transformation: [-0.8397986485328721f,0.16749369042262824f,-0.5164146527655568f,0.05574201588248152f,-0.04477781161680916f,0.9266077856433507f,0.37335366500402245f,2.0790012463634477f,0.5410482210572098f,0.3366658213328689f,-0.7706639651865744f,0.043624937566229496f,0f,0f,0f,1f], start_interpolation: 0, interpolation_duration: 1 }
$data merge entity $(bone_ear_left_2) { transformation: [-0.8556611194623496f,0.0340581128289327f,-0.5164146527655568f,0.0018830786002648299f,-0.1891799157005184f,0.9081949131786683f,0.37335366500402245f,2.1808389648569966f,0.4817208819804095f,0.41715949542941355f,-0.7706639651865744f,0.08850186368766723f,0f,0f,0f,1f], start_interpolation: 0, interpolation_duration: 1 }
$data merge entity $(bone_ear_left_1) { transformation: [-0.8556611194623496f,0.0340581128289327f,-0.5164146527655568f,-0.005779996786245016f,-0.1891799157005184f,0.9081949131786683f,0.37335366500402245f,1.9764951093917966f,0.4817208819804095f,0.41715949542941355f,-0.7706639651865744f,-0.005359022783950673f,0f,0f,0f,1f], start_interpolation: 0, interpolation_duration: 1 }
$data merge entity $(bone_head) { transformation: [-0.8494367104514512f,0.10850429183422698f,-0.5164146527655568f,0.060929100354068684f,-0.10930562678856803f,0.9212270734083006f,0.37335366500402245f,1.5063621355872376f,0.5162456342573523f,0.37358733633934993f,-0.7706639651865744f,-0.23726998802795615f,0f,0f,0f,1f], start_interpolation: 0, interpolation_duration: 1 }
$data merge entity $(bone_body_1) { transformation: [0.05260432006762826f,0.16433053324463637f,-0.9850016555081297f,-0.0006948496126699548f,-0.27154387135640556f,0.9515546590101809f,0.14424859390924463f,1.1495291384584199f,0.9609873627883972f,0.2598830636258389f,0.0946788350237255f,-0.33472613688764574f,0f,0f,0f,1f], start_interpolation: 0, interpolation_duration: 1 }
$data merge entity $(bone_leg_left_2) { transformation: [0.01696962210336659f,-0.4035576764109392f,-0.9147968264786848f,0.1609308686777133f,-0.14141908052316535f,0.9047619628545963f,-0.4017541962885772f,0.5029415105778082f,0.9898043622805728f,0.13618734295558416f,-0.041717286932957405f,-0.5261245878133866f,0f,0f,0f,1f], start_interpolation: 0, interpolation_duration: 1 }
$data merge entity $(bone_leg_left_1) { transformation: [0.01696962210336659f,-0.3648988146925416f,-0.9308925217025044f,0.036854731904795664f,-0.14141908052316535f,0.9207909426680334f,-0.36351710216232874f,0.8203075059191074f,0.9898043622805728f,0.13781471233686451f,-0.0359781805245329f,-0.47865345695748046f,0f,0f,0f,1f], start_interpolation: 0, interpolation_duration: 1 }
$data merge entity $(bone_leg_right_2) { transformation: [0.05669507201319467f,0.6763765856133083f,-0.7343707396427924f,0.2921671720472903f,0.1447158571400811f,0.7222184115283113f,0.6763563311906928f,0.7279598881208724f,0.9878476550063934f,-0.1446211619494385f,-0.0569361924856586f,-0.22549363141894485f,0f,0f,0f,1f], start_interpolation: 0, interpolation_duration: 1 }
$data merge entity $(bone_leg_right_1) { transformation: [0.05669507201319467f,-0.9866165747067193f,-0.1528836267341909f,-0.012890902037270148f,0.1447158571400811f,0.15963371706856785f,-0.9765113399582638f,0.8516708877931778f,0.9878476550063934f,0.03323869565511239f,0.15182950836223008f,-0.2261087605572525f,0f,0f,0f,1f], start_interpolation: 0, interpolation_duration: 1 }
$data merge entity $(bone_skirt_forward_right) { transformation: [-0.1336204953670484f,-0.44337433132335596f,-0.8863209156628494f,0.00267996030250649f,-0.0929999676859616f,0.8960041011152898f,-0.43419771624801484f,1.0438501122870814f,0.9866592974417637f,0.024410102583736f,-0.16095831032778884f,-0.3406697389608967f,0f,0f,0f,1f], start_interpolation: 0, interpolation_duration: 1 }
$data merge entity $(bone_skirt_forward_left) { transformation: [0.06887488729865264f,-0.6240850255336855f,-0.7783149303490312f,-0.01787921256304418f,-0.1656164212905983f,0.7621892021933407f,-0.6258105312782567f,1.03380514678311f,0.9837822172099336f,0.17200436321354765f,-0.050863033108624334f,-0.3442400616505745f,0f,0f,0f,1f], start_interpolation: 0, interpolation_duration: 1 }
$data merge entity $(bone_skirt_forward) { transformation: [-0.07047024960470144f,-0.5021545475478054f,-0.8619018240482557f,0.00267996030250649f,-0.20290549161852853f,0.8532016505806703f,-0.4804958947977216f,1.0438501122870814f,0.9766592575671899f,0.14102394769498797f,-0.16201524861823027f,-0.3406697389608967f,0f,0f,0f,1f], start_interpolation: 0, interpolation_duration: 1 }
$data merge entity $(bone_skirt_back_right) { transformation: [0.00975069608715631f,0.025449881230673092f,-0.9996285447460775f,0.00934978877857376f,0.03130809737441333f,0.999178192094262f,0.02574380473116597f,1.054968057448613f,0.9994622188780375f,-0.03154748783321397f,0.00894589552828827f,-0.3338394474525783f,0f,0f,0f,1f], start_interpolation: 0, interpolation_duration: 1 }
$data merge entity $(bone_skirt_back_left) { transformation: [0.004456579715434515f,-0.04756350084912344f,-0.9988582743734047f,0.009441911545054197f,-0.20026480889192808f,0.9785900708928528f,-0.04749188845898816f,1.0615561497480677f,0.9797316700080281f,0.20024781281426493f,-0.005164130748114053f,-0.33973126832984224f,0f,0f,0f,1f], start_interpolation: 0, interpolation_duration: 1 }
$data merge entity $(bone_skirt_back) { transformation: [0.007814693441897863f,0.02255433607876793f,-0.9997150756542863f,0.009582876145546497f,-0.05590279263884032f,0.9981919752738945f,0.022082986074796862f,1.0677948495935294f,0.9984056331679966f,0.05571429280576791f,0.009061414655846058f,-0.3393830539998062f,0f,0f,0f,1f], start_interpolation: 0, interpolation_duration: 1 }
$data merge entity $(bone_skirt_right) { transformation: [-0.0012274619266446137f,-0.13958892890990754f,-0.9902087781185359f,0.015036058487270671f,0.02981055317165398f,0.9897643335736556f,-0.13956322905800603f,1.067307019780523f,0.9995548130326914f,-0.029689979981169384f,0.0029463251516305853f,-0.1445176174397006f,0f,0f,0f,1f], start_interpolation: 0, interpolation_duration: 1 }
$data merge entity $(bone_skirt_left) { transformation: [0.02473267393764377f,-0.3334702239138572f,-0.9424361541254328f,-0.01976959150719998f,-0.21664298676673988f,0.9185339209423727f,-0.33069812875644944f,1.0982774287246724f,0.9759375549309908f,0.21235123225701552f,-0.04952618533913839f,-0.5315059264986528f,0f,0f,0f,1f], start_interpolation: 0, interpolation_duration: 1 }
$data merge entity $(bone_coat_downer) { transformation: [0.007814693441897863f,-0.19573063482824282f,-0.980626559479266f,0.024531611021321016f,-0.05590279263884032f,0.9790373627665305f,-0.19585892903397462f,0.9324561726828744f,0.9984056331679966f,0.05635034069896777f,-0.003291012233687252f,-0.3392529763801135f,0f,0f,0f,1f], start_interpolation: 0, interpolation_duration: 1 }
$data merge entity $(bone_body_2) { transformation: [0.007814693441897863f,-0.10951858452053104f,-0.9939540282181207f,4.0957830193641e-17f,-0.05590279263884032f,0.9923820604554596f,-0.10978489814794751f,1.154628279883382f,0.9984056331679966f,0.05642274125559384f,0.0016327668591478153f,-0.3344460641399417f,0f,0f,0f,1f], start_interpolation: 0, interpolation_duration: 1 }
$data merge entity $(bone_book_left) { transformation: [0.8255282086607552f,0.14606733805419134f,0.545130726944581f,0.3396066517945564f,-1.3877787807814457e-17f,0.9659258262890683f,-0.25881904510252074f,1.126503279883382f,-0.5643608568153576f,0.21366242267077112f,0.7973990170755744f,-0.2866935491815137f,0f,0f,0f,1f], start_interpolation: 0, interpolation_duration: 1 }
$data merge entity $(bone_book_right) { transformation: [0.8255282086607552f,0.14606733805419134f,0.545130726944581f,0.4169999213565022f,-1.3877787807814457e-17f,0.9659258262890683f,-0.25881904510252074f,1.126503279883382f,-0.5643608568153576f,0.21366242267077112f,0.7973990170755744f,-0.33960237950795347f,0f,0f,0f,1f], start_interpolation: 0, interpolation_duration: 1 }
$data merge entity $(bone_book_loot_1) { transformation: [0.8255282086607552f,0.14606733805419134f,0.545130726944581f,0.29653367753384213f,-1.3877787807814457e-17f,0.9659258262890683f,-0.25881904510252074f,1.1653261366487602f,-0.5643608568153576f,0.21366242267077112f,0.7973990170755744f,-0.43275781690606974f,0f,0f,0f,1f], start_interpolation: 0, interpolation_duration: 1 }
$data merge entity $(bone_book_left2) { transformation: [-0.1003014894406371f,-0.8306196836842629f,-0.5477321903012868f,-0.25730513967865665f,-0.460723676948145f,0.5267047895121196f,-0.7143638836086097f,2.5433797169281056f,0.8818578710400965f,0.1807014271699284f,-0.43551542969610146f,-1.0263562418404348f,0f,0f,0f,1f], start_interpolation: 0, interpolation_duration: 1 }
$data merge entity $(bone_book_right2) { transformation: [0.49374716705000254f,-0.8306196836842629f,-0.25745810553632253f,-0.28022402107422195f,0.5466074141229343f,0.5267047895121196f,-0.6510010749075863f,2.5383768428386584f,0.6763387242025524f,0.1807014271699284f,0.7140818751115416f,-1.1171238496442166f,0f,0f,0f,1f], start_interpolation: 0, interpolation_duration: 1 }
$data merge entity $(bone_book_loot_2) { transformation: [0.24446806821936398f,-0.8306196836842629f,-0.5003062109322127f,-0.19371864873660738f,0.05336399028743725f,0.5267047895121196f,-0.8483715867740952f,2.6681340178994963f,0.9681878165736724f,0.1807014271699284f,0.17308768314659584f,-1.097703198214315f,0f,0f,0f,1f], start_interpolation: 0, interpolation_duration: 1 }
$data merge entity $(bone_air_staff_povit_1) { transformation: [1.2229582926900368e-7f,0f,-0.000015624521392034492f,0.6875354321389736f,0f,0.000015625f,0f,1.320750779883382f,0.000015624521392034492f,0f,1.2229582926900368e-7f,-0.3326098017063693f,0f,0f,0f,1f], start_interpolation: 0, interpolation_duration: 1 }