# This file was generated by Animated Java via MC-Build. It is not recommended to edit this file directly.
$data merge entity $(bone_wing_right_1) { transformation: [-0.8077146457219423f,-0.12022408260034265f,-0.00936298529464476f,0.14752282972115216f,-0.11487657506073164f,0.747851384188303f,0.3073534189079401f,1.5144867287914636f,-0.03667244241985849f,0.3053013618950784f,-0.7565650367525697f,-0.4258526521242564f,0f,0f,0f,1f], start_interpolation: 0, interpolation_duration: 1 }
$data merge entity $(bone_wing_right_2) { transformation: [-0.7760706552240498f,0.19398508777177711f,-0.009171903962100991f,0.14752282972115216f,0.1763835606235658f,0.7198882768206317f,0.30108090015471684f,1.5144867287914636f,0.08125993872669951f,0.2900528479749813f,-0.741124933961701f,-0.4258526521242564f,0f,0f,0f,1f], start_interpolation: 0, interpolation_duration: 1 }
$data merge entity $(bone_wing_left_1) { transformation: [-0.6179683047208661f,0.13116228749877387f,0.5175481360636441f,0.08898549369118768f,0.33853810993178235f,0.7084138210438696f,0.22469145671850801f,1.5236700822289564f,-0.4128578047326703f,0.38456567311261375f,-0.590425372574051f,-0.4443099838367718f,0f,0f,0f,1f], start_interpolation: 0, interpolation_duration: 1 }
$data merge entity $(bone_wing_left_2) { transformation: [-0.6084459456481899f,-0.11295485298214394f,0.5069859292052025f,0.08898549369118768f,0.04081978596156066f,0.7680410994667389f,0.22010591678547725f,1.5236700822289564f,-0.5178100774399168f,0.193272012246226f,-0.5783758751745807f,-0.4443099838367718f,0f,0f,0f,1f], start_interpolation: 0, interpolation_duration: 1 }
$data merge entity $(bone_staff) { transformation: [-0.26845804611749463f,-1.5356857490021405f,-0.10490856869918909f,-0.9494661545374763f,-0.5952101329262197f,0.2017755690816398f,-1.4305305894610338f,1.6631946359836824f,1.4195285925745662f,-0.20582067445598282f,-0.6196633560488756f,-0.22693821445449036f,0f,0f,0f,1f], start_interpolation: 0, interpolation_duration: 1 }
$data merge entity $(bone_arm_right_2) { transformation: [-0.9940733833580407f,0.06788504006781071f,0.08491012798300138f,-0.6891041714539354f,0.09544433337437308f,0.9189145218348173f,0.3827355232896611f,1.6356040534751253f,-0.0520431333205397f,0.3885713871299339f,-0.9199477101325376f,-0.2422380247302668f,0f,0f,0f,1f], start_interpolation: 0, interpolation_duration: 1 }
$data merge entity $(bone_arm_right_1) { transformation: [-0.9685518199911791f,0.06788504006781071f,0.23937208134359883f,-0.3293803397344471f,0.15414228208745462f,0.9189145218348173f,0.3630926306522355f,1.5836882290635506f,-0.19531392388830426f,0.3885713871299339f,-0.9004802875350868f,-0.1758761177827127f,0f,0f,0f,1f], start_interpolation: 0, interpolation_duration: 1 }
$data merge entity $(bone_arm_left_2) { transformation: [0.7886761409389416f,0.4420389964802996f,0.4273072317482455f,0.28021595515859193f,0.610077951352644f,-0.4766278466875718f,-0.6329540181050515f,1.1973479847746717f,-0.0761238332391369f,0.7598864529340275f,-0.6455832561802713f,0.1885561255442336f,0f,0f,0f,1f], start_interpolation: 0, interpolation_duration: 1 }
$data merge entity $(bone_arm_left_1) { transformation: [0.09713852711561183f,0.7943725650035711f,0.5996134876063556f,0.28839196382950827f,0.8436597314792457f,0.2539018270818369f,-0.4730455788662151f,1.4776325057863509f,-0.52801738989372f,0.5518207047349277f,-0.6455164953707f,0.0081813260614155f,0f,0f,0f,1f], start_interpolation: 0, interpolation_duration: 1 }
$data merge entity $(bone_himo_right_2) { transformation: [-0.6136954150118916f,-0.5108999890861858f,0.6019627386683644f,-0.15469235232403594f,-0.7023145180991699f,0.7015851447128247f,-0.12055124381529793f,1.2315332634859821f,-0.3607384859708109f,-0.49674891632495777f,-0.7893720661826508f,0.03871276464669561f,0f,0f,0f,1f], start_interpolation: 0, interpolation_duration: 1 }
$data merge entity $(bone_himo_right_1) { transformation: [-0.8490023307733454f,-0.30185006686025667f,0.4336837320881264f,-0.2085787165347833f,-0.2964422438107991f,0.9515286539771155f,0.0819464260655548f,1.410457051269601f,-0.43739803203243366f,-0.058989471916243874f,-0.8973311561386893f,0.022043918936533097f,0f,0f,0f,1f], start_interpolation: 0, interpolation_duration: 1 }
$data merge entity $(bone_himo_left_2) { transformation: [-0.9432153398707543f,0.18873262331408225f,0.2733584085582192f,0.07908768405720559f,0.1479718829238222f,0.9754800771602943f,-0.16292004458422288f,1.188377315098779f,-0.2974040088776145f,-0.11321932679684693f,-0.9480148941568336f,0.049975894390256334f,0f,0f,0f,1f], start_interpolation: 0, interpolation_duration: 1 }
$data merge entity $(bone_himo_left_1) { transformation: [-0.9432153398707543f,0.026768042033764886f,0.33110163780654445f,0.0861760771748274f,0.1479718829238222f,0.9262505499985306f,0.34664714118451667f,1.3642158378559068f,-0.2974040088776145f,0.37595663387297507f,-0.8776146449042572f,0.11498267171078758f,0f,0f,0f,1f], start_interpolation: 0, interpolation_duration: 1 }
$data merge entity $(bone_ponpon1) { transformation: [-0.9639255333254166f,-0.0406017019178201f,0.26305715729606693f,0.26675527394676185f,-0.004504483084123656f,0.9906442014407744f,0.13639565896286865f,2.133286777899425f,-0.26613394341093743f,0.13029032179385705f,-0.9550901298890053f,0.12891831032602252f,0f,0f,0f,1f], start_interpolation: 0, interpolation_duration: 1 }
$data merge entity $(bone_ponpon2) { transformation: [-0.9639255333254166f,-0.0406017019178201f,0.26305715729606693f,0.33263930268269876f,-0.004504483084123656f,0.9906442014407744f,0.13639565896286865f,2.0224122638627513f,-0.26613394341093743f,0.13029032179385705f,-0.9550901298890053f,0.03307234330260629f,0f,0f,0f,1f], start_interpolation: 0, interpolation_duration: 1 }
$data merge entity $(bone_ponpon3) { transformation: [-0.9639255333254166f,-0.0406017019178201f,0.26305715729606693f,-0.2995509768819204f,-0.004504483084123656f,0.9906442014407744f,0.13639565896286865f,2.130640394087502f,-0.26613394341093743f,0.13029032179385705f,-0.9550901298890053f,-0.02743538142790322f,0f,0f,0f,1f], start_interpolation: 0, interpolation_duration: 1 }
$data merge entity $(bone_ponpon4) { transformation: [-0.9639255333254166f,-0.0406017019178201f,0.26305715729606693f,-0.30596136314538974f,-0.004504483084123656f,0.9906442014407744f,0.13639565896286865f,2.0194280438195196f,-0.26613394341093743f,0.13029032179385705f,-0.9550901298890053f,-0.14324139420713974f,0f,0f,0f,1f], start_interpolation: 0, interpolation_duration: 1 }
$data merge entity $(bone_ear_edge_a1) { transformation: [-0.958409515986701f,0.11068934755183063f,0.26305715729606693f,0.17321652598040138f,0.1505218702749973f,0.9791523838427814f,0.13639565896286865f,2.2416004862989323f,-0.24247549615384753f,0.17031875279471823f,-0.9550901298890053f,0.09571985448093275f,0f,0f,0f,1f], start_interpolation: 0, interpolation_duration: 1 }
$data merge entity $(bone_ear_edge_a2) { transformation: [-0.9639255333254168f,-0.04060170191782011f,0.26305715729606693f,0.06177759299841488f,-0.004504483084123656f,0.9906442014407744f,0.13639565896286865f,2.251064738153119f,-0.26613394341093743f,0.13029032179385705f,-0.9550901298890053f,0.06637819846637139f,0f,0f,0f,1f], start_interpolation: 0, interpolation_duration: 1 }
$data merge entity $(bone_ear_edge_b1) { transformation: [-0.9451152661264942f,0.19379903438861273f,0.26305715729606693f,0.04042227383827959f,0.23528784239176354f,0.9623075680044886f,0.13639565896286865f,2.2466848529580727f,-0.22670854628194995f,0.1908037704850925f,-0.9550901298890053f,0.059870889172433085f,0f,0f,0f,1f], start_interpolation: 0, interpolation_duration: 1 }
$data merge entity $(bone_ear_edge_b2) { transformation: [-0.9587452276191667f,-0.1077428443692891f,0.26305715729606693f,0.06807359689071413f,-0.0735973566172986f,0.9879168250996797f,0.13639565896286865f,2.2567235763014333f,-0.2745742479119605f,0.11140837568237029f,-0.9550901298890053f,0.06892041910969321f,0f,0f,0f,1f], start_interpolation: 0, interpolation_duration: 1 }
$data merge entity $(bone_ear_right_2) { transformation: [-0.9637961771415049f,0.04356444562637538f,0.26305715729606693f,0.12774287162689266f,0.08185298900918346f,0.9872670927395216f,0.13639565896286865f,2.3650035247572756f,-0.2537656736394495f,0.15298962929205126f,-0.9550901298890053f,0.06809886807139073f,0f,0f,0f,1f], start_interpolation: 0, interpolation_duration: 1 }
$data merge entity $(bone_ear_right_1) { transformation: [-0.9637961771415049f,0.04356444562637538f,0.26305715729606693f,0.11794087136095821f,0.08185298900918346f,0.9872670927395216f,0.13639565896286865f,2.1428684288908837f,-0.2537656736394495f,0.15298962929205126f,-0.9550901298890053f,0.03367620148067926f,0f,0f,0f,1f], start_interpolation: 0, interpolation_duration: 1 }
$data merge entity $(bone_ear_edge_a3) { transformation: [-0.9457065049482266f,-0.19089300273693094f,0.26305715729606693f,-0.2031737883735657f,-0.1594199211201912f,0.977743071039686f,0.13639565896286865f,2.2398415912957192f,-0.2832392897333306f,0.0870537106616441f,-0.9550901298890053f,-0.008199208929629123f,0f,0f,0f,1f], start_interpolation: 0, interpolation_duration: 1 }
$data merge entity $(bone_ear_edge_a4) { transformation: [-0.9639255333254165f,-0.040601701917820116f,0.26305715729606693f,-0.09255317317305586f,-0.004504483084123656f,0.9906442014407744f,0.13639565896286865f,2.250343541025805f,-0.26613394341093743f,0.13029032179385705f,-0.9550901298890053f,0.023768417968961446f,0f,0f,0f,1f], start_interpolation: 0, interpolation_duration: 1 }
$data merge entity $(bone_ear_edge_b3) { transformation: [-0.9254703847414306f,-0.27259035008939825f,0.26305715729606693f,-0.07084708088819686f,-0.24402920376297893f,0.960128101831673f,0.13639565896286865f,2.2461648844451343f,-0.2897487095352711f,0.062036514338315134f,-0.9550901298890053f,0.02915010096798728f,0f,0f,0f,1f], start_interpolation: 0, interpolation_duration: 1 }
$data merge entity $(bone_ear_edge_b4) { transformation: [-0.9644096907267611f,0.026737247944123688f,0.26305715729606693f,-0.09931053367406217f,0.06461033583784807f,0.9885452588116568f,0.13639565896286865f,2.2559413800024326f,-0.2563970610893068f,0.14853750655430148f,-0.9550901298890053f,0.022706684550826188f,0f,0f,0f,1f], start_interpolation: 0, interpolation_duration: 1 }
$data merge entity $(bone_ear_left_2) { transformation: [-0.9567188341665716f,-0.12445884599444307f,0.26305715729606693f,-0.1510437523191456f,-0.09082767334127935f,0.9864819096017395f,0.13639565896286865f,2.363700737780244f,-0.27647677317699954f,0.10659942627536431f,-0.9550901298890053f,-0.00887241346009817f,0f,0f,0f,1f], start_interpolation: 0, interpolation_duration: 1 }
$data merge entity $(bone_ear_left_1) { transformation: [-0.9567188341665716f,-0.12445884599444307f,0.26305715729606693f,-0.12304051197039595f,-0.09082767334127935f,0.9864819096017395f,0.13639565896286865f,2.141742308119853f,-0.27647677317699954f,0.10659942627536431f,-0.9550901298890053f,-0.0328572843720551f,0f,0f,0f,1f], start_interpolation: 0, interpolation_duration: 1 }
$data merge entity $(bone_head) { transformation: [-0.9639255333254166f,-0.0406017019178201f,0.26305715729606693f,0.010038015762661855f,-0.004504483084123656f,0.9906442014407744f,0.13639565896286865f,1.6303378509243818f,-0.26613394341093743f,0.13029032179385705f,-0.9550901298890053f,-0.03651776480600827f,0f,0f,0f,1f], start_interpolation: 0, interpolation_duration: 1 }
$data merge entity $(bone_body_1) { transformation: [-0.9432153398707543f,0.026768042033764886f,0.33110163780654445f,2.1737664689072602e-17f,0.1479718829238222f,0.9262505499985306f,0.34664714118451667f,1.2829938946749329f,-0.2974040088776145f,0.37595663387297507f,-0.8776146449042572f,-0.17750150250837393f,0f,0f,0f,1f], start_interpolation: 0, interpolation_duration: 1 }
$data merge entity $(bone_leg_left_2) { transformation: [-0.9961946980917455f,-0.0789899283371657f,-0.03683360850073478f,0.15449017443161378f,-0.08418598282936919f,0.7627131825174734f,0.6412342173567478f,0.6134501559902672f,-0.022557566113149956f,0.6418950010985885f,-0.7664606733392745f,-0.2899145868458043f,0f,0f,0f,1f], start_interpolation: 0, interpolation_duration: 1 }
$data merge entity $(bone_leg_left_1) { transformation: [-0.9961946980917455f,-0.08641011328638344f,0.011376107230962319f,0.12500000000000003f,-0.08418598282936919f,0.9878006675883219f,0.1310059594336036f,0.9554629972131329f,-0.022557566113149956f,0.12954973343816736f,-0.9913163081363843f,-0.26396904675399147f,0f,0f,0f,1f], start_interpolation: 0, interpolation_duration: 1 }
$data merge entity $(bone_leg_right_2) { transformation: [-0.9961946980917455f,0.08641011328638344f,-0.011376107230962086f,-0.1528983737256081f,0.0841859828293692f,0.9878006675883217f,0.1310059594336035f,0.6517034416813438f,0.022557566113149716f,0.12954973343816717f,-0.9913163081363842f,-0.16678018333555203f,0f,0f,0f,1f], start_interpolation: 0, interpolation_duration: 1 }
$data merge entity $(bone_leg_right_1) { transformation: [-0.9961946980917455f,0.0735064078868434f,-0.04682874644349317f,-0.12499999999999996f,0.0841859828293692f,0.9506169479287995f,-0.29873087989959674f,1.0163333730050086f,0.022557566113149716f,-0.30153644275627306f,-0.9531877726350373f,-0.2955404020615458f,0f,0f,0f,1f], start_interpolation: 0, interpolation_duration: 1 }
$data merge entity $(bone_skirt_forward_right) { transformation: [-0.9832549075639546f,0.18198577803797852f,0.009537470488067022f,2.587211842780805e-17f,0.1751760302947924f,0.9582957084101589f,-0.22579347566488694f,1.1820701959141346f,-0.050230918382577f,-0.2203418068242692f,-0.9741285043585673f,-0.21126187930937498f,0f,0f,0f,1f], start_interpolation: 0, interpolation_duration: 1 }
$data merge entity $(bone_skirt_forward_left) { transformation: [-0.9817961881363971f,-0.13756875437842733f,-0.13096214254359215f,2.86366022401071e-17f,-0.08588745959849256f,0.9365326174364493f,-0.3398970443551264f,1.1768976591807894f,0.1694095311502795f,-0.32246161678004626f,-0.9312995846982007f,-0.23383560272271986f,0f,0f,0f,1f], start_interpolation: 0, interpolation_duration: 1 }
$data merge entity $(bone_skirt_forward) { transformation: [-1f,3.37558405526728e-17f,1.1772060590738184e-16f,2.587211842780805e-17f,0f,0.9612616959383189f,-0.2756373558169992f,1.1820701959141346f,-1.2246467991473532e-16f,-0.2756373558169992f,-0.9612616959383189f,-0.21126187930937498f,0f,0f,0f,1f], start_interpolation: 0, interpolation_duration: 1 }
$data merge entity $(bone_skirt_back_right) { transformation: [-0.9961946980917455f,0.08703629883128314f,-0.004561379138762597f,-0.006249999999999975f,0.0762281301974733f,0.8954704154301142f,0.43854533090208103f,1.1920487438604643f,0.04225394254377947f,0.4365288281146736f,-0.8986974944687098f,-0.20370678669954975f,0f,0f,0f,1f], start_interpolation: 0, interpolation_duration: 1 }
$data merge entity $(bone_skirt_back_left) { transformation: [-0.9962219384923967f,-0.08669128340618791f,0.005144963346742878f,2.4575811086100545e-17f,-0.07595531739347458f,0.898506903603476f,0.43233798576640314f,1.1975151170300855f,-0.04210271993717101f,0.4303137989401248f,-0.9016969532030205f,-0.20067672657301014f,0f,0f,0f,1f], start_interpolation: 0, interpolation_duration: 1 }
$data merge entity $(bone_skirt_back) { transformation: [-1f,-5.937205496305204e-17f,1.0711002248194562e-16f,2.420473574258147e-17f,0f,0.8746197071393959f,0.484809620246337f,1.2029814901997067f,-1.2246467991473532e-16f,0.484809620246337f,-0.8746197071393959f,-0.19764666644647053f,0f,0f,0f,1f], start_interpolation: 0, interpolation_duration: 1 }
$data merge entity $(bone_skirt_right) { transformation: [-0.9723699203976766f,0.23330315524772702f,-0.00814712570610319f,-0.18124999999999997f,0.22915631501078754f,0.960582425632604f,0.15738102444850038f,1.231476260726254f,0.04454347535265715f,0.15116560891035286f,-0.9875043480847412f,-0.1870142606679359f,0f,0f,0f,1f], start_interpolation: 0, interpolation_duration: 1 }
$data merge entity $(bone_skirt_left) { transformation: [-0.9799247046208296f,-0.1988822841491543f,0.01390720408259383f,0.19375000000000003f,-0.19570498393173186f,0.9728876999169317f,0.12324399626197947f,1.2299575823338031f,-0.038041195276442376f,0.11804812748179151f,-0.992278946194054f,-0.21850766062634464f,0f,0f,0f,1f], start_interpolation: 0, interpolation_duration: 1 }
$data merge entity $(bone_coat_downer) { transformation: [-1f,-2.1265768495757713e-17f,1.2060416625018979e-16f,-0.007812499999999971f,0f,0.9848077530122081f,0.17364817766693033f,1.0716759481885365f,-1.2246467991473532e-16f,0.17364817766693033f,-0.9848077530122081f,-0.23282988039009445f,0f,0f,0f,1f], start_interpolation: 0, interpolation_duration: 1 }
$data merge entity $(bone_body_2) { transformation: [-1f,-3.169619151431765e-17f,1.1829179713786698e-16f,2.143131898507868e-17f,0f,0.9659258262890683f,0.25881904510252074f,1.2875f,-1.2246467991473532e-16f,0.25881904510252074f,-0.9659258262890683f,-0.175f,0f,0f,0f,1f], start_interpolation: 0, interpolation_duration: 1 }
$data merge entity $(bone_book_left) { transformation: [0.3240281398874013f,-0.2448550958400443f,-0.9138116581671921f,-0.15821906687063308f,0f,0.9659258262890683f,-0.25881904510252074f,1.2593750000000001f,0.9460474430815352f,0.08386465375200321f,0.3129871487616479f,0.15877902610555308f,0f,0f,0f,1f], start_interpolation: 0, interpolation_duration: 1 }
$data merge entity $(bone_book_right) { transformation: [0.3240281398874013f,-0.2448550958400443f,-0.9138116581671921f,-0.1278414287561892f,0f,0.9659258262890683f,-0.25881904510252074f,1.2593750000000001f,0.9460474430815352f,0.08386465375200321f,0.3129871487616479f,0.24747097389444703f,0f,0f,0f,1f], start_interpolation: 0, interpolation_duration: 1 }
$data merge entity $(bone_book_loot_1) { transformation: [0.3240281398874013f,-0.2448550958400443f,-0.9138116581671921f,-0.005958499088332292f,0f,0.9659258262890683f,-0.25881904510252074f,1.2981978567653782f,0.9460474430815352f,0.08386465375200321f,0.3129871487616479f,0.15617692768575286f,0f,0f,0f,1f], start_interpolation: 0, interpolation_duration: 1 }
$data merge entity $(bone_book_left2) { transformation: [-0.038697557556386014f,-0.9555527368775606f,0.29226950933166773f,1.2633849450844468f,-0.803106107671253f,-0.14429622200326f,-0.578099628210152f,2.435273203196267f,0.5945780679274172f,-0.25709447166633054f,-0.7618263278322104f,-0.4766828835455744f,0f,0f,0f,1f], start_interpolation: 0, interpolation_duration: 1 }
$data merge entity $(bone_book_right2) { transformation: [-0.28866816838479914f,-0.9555527368775606f,-0.05991373471224161f,1.2859240398263898f,0.6351412566646294f,-0.14429622200326f,-0.7587978547663807f,2.446837564979317f,0.7164260412937548f,-0.25709447166633054f,0.6485646922202672f,-0.5669453743419426f,0f,0f,0f,1f], start_interpolation: 0, interpolation_duration: 1 }
$data merge entity $(bone_book_loot_2) { transformation: [-0.24041701058072562f,-0.9555527368775606f,0.17064181219510907f,1.249058220626152f,-0.12335319235253239f,-0.14429622200326f,-0.9818159655719728f,2.588327778923588f,0.9627999018279274f,-0.25709447166633054f,-0.08317921422292991f,-0.509337246810319f,0f,0f,0f,1f], start_interpolation: 0, interpolation_duration: 1 }
$data merge entity $(bone_air_staff_povit_1) { transformation: [-0.000015625f,0f,1.9135106236677393e-21f,-0.007217500000000062f,0f,0.000015625f,0f,1.4536225f,-1.9135106236677393e-21f,0f,-0.000015625f,0.5125f,0f,0f,0f,1f], start_interpolation: 0, interpolation_duration: 1 }