# This file was generated by Animated Java via MC-Build. It is not recommended to edit this file directly.
$data merge entity $(bone_wing_right_1) { transformation: [-0.8050694946588998f,-0.12711415314154695f,0.0514737339350417f,0.16970875094004007f,-0.09926567259072654f,0.7516215511779316f,0.3035717616881299f,1.5105675561451435f,-0.09462494099981668f,0.2930042325981509f,-0.7563987603538191f,-0.415708959591536f,0f,0f,0f,1f], start_interpolation: 0, interpolation_duration: 1 }
$data merge entity $(bone_wing_right_2) { transformation: [-0.7762596331013398f,0.18675780551364787f,0.050423249569020445f,0.16970875094004007f,0.19192515120666612f,0.717448256944383f,0.29737641961286193f,1.5105675561451435f,0.02420161878204813f,0.3006485002244199f,-0.7409620509588433f,-0.415708959591536f,0f,0f,0f,1f], start_interpolation: 0, interpolation_duration: 1 }
$data merge entity $(bone_wing_left_1) { transformation: [-0.5794799827342281f,0.11701927584866637f,0.563430459892467f,0.11284733903402852f,0.34847504159617787f,0.7076792155769388f,0.2114230774286359f,1.520802218620721f,-0.4579438169026034f,0.3904370133129114f,-0.5520786571136512f,-0.4384021462652552f,0f,0f,0f,1f], start_interpolation: 0, interpolation_duration: 1 }
$data merge entity $(bone_wing_left_2) { transformation: [-0.5683112166688576f,-0.11132637542568706f,0.5519318790783351f,0.11284733903402852f,0.05008834020373307f,0.7711013562776514f,0.20710832074641886f,1.520802218620721f,-0.5608150489992204f,0.18168416684275315f,-0.5408117457439849f,-0.4384021462652552f,0f,0f,0f,1f], start_interpolation: 0, interpolation_duration: 1 }
$data merge entity $(bone_staff) { transformation: [-0.5532253896190916f,-1.4584441779075954f,-0.09104118962448318f,-0.9180055085916046f,-0.5520968588568065f,0.29874354996697455f,-1.4308555481926106f,1.7083355248383254f,1.3529733835967546f,-0.4744461205243081f,-0.6211039784111688f,-0.3598942698156996f,0f,0f,0f,1f], start_interpolation: 0, interpolation_duration: 1 }
$data merge entity $(bone_arm_right_2) { transformation: [-0.9615122890174606f,0.059638172755049235f,0.26821149568734404f,-0.6612853624808454f,0.157788654300208f,0.9189968958008663f,0.36131350110741917f,1.6638909043306387f,-0.22493745495700057f,0.38972810247505946f,-0.8930370359053742f,-0.32950185226443085f,0f,0f,0f,1f], start_interpolation: 0, interpolation_duration: 1 }
$data merge entity $(bone_arm_right_1) { transformation: [-0.9078918592915421f,0.059638172755049235f,0.4149405501786798f,-0.32267165739680426f,0.21222792432701013f,0.9189968958008663f,0.33227099428662205f,1.590288739479001f,-0.36151304259735273f,0.38972810247505946f,-0.8470066860262639f,-0.20134620204404297f,0f,0f,0f,1f], start_interpolation: 0, interpolation_duration: 1 }
$data merge entity $(bone_arm_left_2) { transformation: [0.8041105117770242f,0.376240746464716f,0.460270774163824f,0.25119563823888513f,0.594109320413118f,-0.48126538274139596f,-0.6445290891597064f,1.1940731802751887f,-0.020985715331040017f,0.7917237725838797f,-0.6105186874106259f,0.2078712695749435f,0f,0f,0f,1f], start_interpolation: 0, interpolation_duration: 1 }
$data merge entity $(bone_arm_left_1) { transformation: [0.15192114834250126f,0.757200664825381f,0.6352693270372003f,0.2779988755905431f,0.8388567951703128f,0.24113757673595052f,-0.4880286326461857f,1.4732085022954884f,-0.5227229111899417f,0.6070418620440562f,-0.5985490254299954f,0.0275205374081616f,0f,0f,0f,1f], start_interpolation: 0, interpolation_duration: 1 }
$data merge entity $(bone_himo_right_2) { transformation: [-0.9162996189083774f,0.2835043488777289f,0.282878582709574f,-0.25144554681512854f,0.09930341648082373f,0.8450993919566179f,-0.5253054817815925f,1.2325518777806876f,-0.38798690681980286f,-0.45324640305464087f,-0.8025172012202801f,0.030061256036145206f,0f,0f,0f,1f], start_interpolation: 0, interpolation_duration: 1 }
$data merge entity $(bone_himo_right_1) { transformation: [-0.9153349951191069f,0.15581797519234664f,0.3713254708705853f,-0.2199088922736224f,0.10550388976764438f,0.9826885088359261f,-0.15228993350094044f,1.4158541611030429f,-0.3886267823429072f,-0.10022002399112367f,-0.9159285839174455f,0.005545447888325505f,0f,0f,0f,1f], start_interpolation: 0, interpolation_duration: 1 }
$data merge entity $(bone_himo_left_2) { transformation: [-0.9160538361060787f,0.2158271171548019f,0.3380296212700671f,0.060498153589361815f,0.16488338062201208f,0.9709978694611403f,-0.1731375415575222f,1.1883288221088313f,-0.36559381853362105f,-0.10286784241235686f,-0.9250726278770939f,0.05510017769248721f,0f,0f,0f,1f], start_interpolation: 0, interpolation_duration: 1 }
$data merge entity $(bone_himo_left_1) { transformation: [-0.9160538361060787f,0.017896955646585166f,0.40065579782891164f,0.06635793150952722f,0.16488338062201208f,0.9274775927526748f,0.3355574253929719f,1.364328104658664f,-0.36559381853362105f,0.3734501491769515f,-0.8525703172933704f,0.11979351618008208f,0f,0f,0f,1f], start_interpolation: 0, interpolation_duration: 1 }
$data merge entity $(bone_ponpon1) { transformation: [-0.9420330122430723f,-0.030259695619278132f,0.3341528911520478f,0.26071042876385114f,0.012729638343535344f,0.9919844010030484f,0.12571755833719428f,2.1299073180094625f,-0.3352786306221833f,0.1226837356280435f,-0.9340968583934226f,0.14359081590436523f,0f,0f,0f,1f], start_interpolation: 0, interpolation_duration: 1 }
$data merge entity $(bone_ponpon2) { transformation: [-0.9420330122430723f,-0.030259695619278132f,0.3341528911520478f,0.33114596222088055f,0.012729638343535344f,0.9919844010030484f,0.12571755833719428f,2.017217927540311f,-0.3352786306221833f,0.1226837356280435f,-0.9340968583934226f,0.053256717124808284f,0f,0f,0f,1f], start_interpolation: 0, interpolation_duration: 1 }
$data merge entity $(bone_ponpon3) { transformation: [-0.9420330122430723f,-0.030259695619278132f,0.3341528911520478f,-0.2927339659289539f,0.012729638343535344f,0.9919844010030484f,0.12571755833719428f,2.1373859805362896f,-0.3352786306221833f,0.1226837356280435f,-0.9340968583934226f,-0.053385379586167486f,0f,0f,0f,1f], start_interpolation: 0, interpolation_duration: 1 }
$data merge entity $(bone_ponpon4) { transformation: [-0.9420330122430723f,-0.030259695619278132f,0.3341528911520478f,-0.2929509083901548f,0.012729638343535344f,0.9919844010030484f,0.12571755833719428f,2.025651312942903f,-0.3352786306221833f,0.1226837356280435f,-0.9340968583934226f,-0.16886537566238816f,0f,0f,0f,1f], start_interpolation: 0, interpolation_duration: 1 }
$data merge entity $(bone_ear_edge_a1) { transformation: [-0.9351686819446811f,0.1174792817673635f,0.3341528911520478f,0.1719878143893515f,0.1677534644710684f,0.977780072758536f,0.12571755833719428f,2.239828302791673f,-0.31195882976412426f,0.17362242848127726f,-0.9340968583934226f,0.10322784931456848f,0f,0f,0f,1f], start_interpolation: 0, interpolation_duration: 1 }
$data merge entity $(bone_ear_edge_a2) { transformation: [-0.9420330122430722f,-0.030259695619278118f,0.3341528911520478f,0.06317479206614661f,0.01272963834353534f,0.9919844010030484f,0.12571755833719428f,2.2512911728327007f,-0.3352786306221833f,0.12268373562804351f,-0.9340968583934226f,0.06584510719588181f,0f,0f,0f,1f], start_interpolation: 0, interpolation_duration: 1 }
$data merge entity $(bone_ear_edge_b1) { transformation: [-0.9213710887148412f,0.19853755870151102f,0.3341528911520478f,0.04226380060876267f,0.2523342603777298f,0.9594386465873459f,0.12571755833719428f,2.247290448047892f,-0.2956395405219882f,0.20015074623764423f,-0.9340968583934226f,0.057826206868191156f,0f,0f,0f,1f], start_interpolation: 0, interpolation_duration: 1 }
$data merge entity $(bone_ear_edge_b2) { transformation: [-0.9376274575086905f,-0.09589888560622968f,0.3341528911520478f,0.06938132104742174f,-0.05649870423883113f,0.9904559515420497f,0.12571755833719428f,2.2568409341095395f,-0.3430198935122016f,0.09899702922015396f,-0.9340968583934226f,0.06881228561564176f,0f,0f,0f,1f], start_interpolation: 0, interpolation_duration: 1 }
$data merge entity $(bone_ear_right_2) { transformation: [-0.9410855984709613f,0.051959038533063856f,0.3341528911520478f,0.1310904524114143f,0.09913833548996678f,0.987100139784213f,0.12571755833719428f,2.3639316724711796f,-0.32331020210756034f,0.15143834505404044f,-0.9340968583934226f,0.07184566569571793f,0f,0f,0f,1f], start_interpolation: 0, interpolation_duration: 1 }
$data merge entity $(bone_ear_right_1) { transformation: [-0.9410855984709613f,0.051959038533063856f,0.3341528911520478f,0.11939966874147494f,0.09913833548996678f,0.987100139784213f,0.12571755833719428f,2.141834141019732f,-0.32331020210756034f,0.15143834505404044f,-0.9340968583934226f,0.03777203805855889f,0f,0f,0f,1f], start_interpolation: 0, interpolation_duration: 1 }
$data merge entity $(bone_ear_edge_a3) { transformation: [-0.9257013633517173f,-0.17725357887360105f,0.3341528911520478f,-0.19585398391508524f,-0.1426076337272631f,0.981762781087389f,0.12571755833719428f,2.2447989280236933f,-0.3503427588683445f,0.06872416203967244f,-0.9340968583934226f,-0.02769059284007893f,0f,0f,0f,1f], start_interpolation: 0, interpolation_duration: 1 }
$data merge entity $(bone_ear_edge_a4) { transformation: [-0.9420330122430725f,-0.030259695619278132f,0.3341528911520478f,-0.08765083866150283f,0.01272963834353534f,0.9919844010030484f,0.12571755833719428f,2.253329270974853f,-0.3352786306221834f,0.12268373562804352f,-0.9340968583934226f,0.012164811202130359f,0f,0f,0f,1f], start_interpolation: 0, interpolation_duration: 1 }
$data merge entity $(bone_ear_edge_b3) { transformation: [-0.9067301228658718f,-0.25725926537710714f,0.3341528911520478f,-0.06647842249815342f,-0.227631233014187f,0.9655978030640784f,0.12571755833719428f,2.248759875504078f,-0.35499930428675774f,0.037928262489285415f,-0.9340968583934226f,0.01912380134708689f,0f,0f,0f,1f], start_interpolation: 0, interpolation_duration: 1 }
$data merge entity $(bone_ear_edge_b4) { transformation: [-0.9418490768346334f,0.03552691656303658f,0.3341528911520478f,-0.0942012081689627f,0.08189596340747088f,0.9886800021762836f,0.12571755833719428f,2.2590514154930816f,-0.325903923945864f,0.1457727392080792f,-0.9340968583934226f,0.010591686468283158f,0f,0f,0f,1f], start_interpolation: 0, interpolation_duration: 1 }
$data merge entity $(bone_ear_left_2) { transformation: [-0.9358109859769289f,-0.11224813521665364f,0.3341528911520478f,-0.14136441474304018f,-0.07377593903705618f,0.9893190619536927f,0.12571755833719428f,2.367613339545197f,-0.3446953863109993f,0.0929954288954522f,-0.9340968583934226f,-0.025123648095510237f,0f,0f,0f,1f], start_interpolation: 0, interpolation_duration: 1 }
$data merge entity $(bone_ear_left_1) { transformation: [-0.9358109859769289f,-0.11224813521665364f,0.3341528911520478f,-0.11610858431929315f,-0.07377593903705618f,0.9893190619536927f,0.12571755833719428f,2.1450165506056162f,-0.3446953863109993f,0.0929954288954522f,-0.9340968583934226f,-0.04604761959698695f,0f,0f,0f,1f], start_interpolation: 0, interpolation_duration: 1 }
$data merge entity $(bone_head) { transformation: [-0.9420330122430723f,-0.030259695619278132f,0.3341528911520478f,0.006711358367469459f,0.012729638343535344f,0.9919844010030484f,0.12571755833719428f,1.6311046666005744f,-0.3352786306221833f,0.1226837356280435f,-0.9340968583934226f,-0.03782267845379189f,0f,0f,0f,1f], start_interpolation: 0, interpolation_duration: 1 }
$data merge entity $(bone_body_1) { transformation: [-0.9160538361060787f,0.017896955646585166f,0.40065579782891164f,2.1782362079011152e-17f,0.16488338062201208f,0.9274775927526748f,0.3355574253929719f,1.2833005693183213f,-0.36559381853362105f,0.3734501491769515f,-0.8525703172933704f,-0.1778664843951487f,0f,0f,0f,1f], start_interpolation: 0, interpolation_duration: 1 }
$data merge entity $(bone_leg_left_2) { transformation: [-0.9962018791694147f,-0.07885743317059905f,-0.03692317934673859f,0.15447641169969478f,-0.0840799758197216f,0.7609479547743458f,0.6433418747376042f,0.6138245321826468f,-0.02263567108530144f,0.6440028845886364f,-0.7646881135705152f,-0.29170581117595973f,0f,0f,0f,1f], start_interpolation: 0, interpolation_duration: 1 }
$data merge entity $(bone_leg_left_1) { transformation: [-0.9962018791694147f,-0.08635091030136807f,0.011195366427768447f,0.12500000000000003f,-0.0840799758197216f,0.9873915869726364f,0.13412088443569645f,0.9557831430716353f,-0.02263567108530144f,0.132670170972165f,-0.9909017368683609f,-0.26464299562227056f,0f,0f,0f,1f], start_interpolation: 0, interpolation_duration: 1 }
$data merge entity $(bone_leg_right_2) { transformation: [-0.9962082566666959f,0.08625538961937167f,-0.011362971033713979f,-0.1528739899533819f,0.0840094902123809f,0.9876707835888362f,0.13209401500170292f,0.6517720121912054f,0.022616695235124544f,0.13063855099711053f,-0.9911720607896577f,-0.168181730313741f,0f,0f,0f,1f], start_interpolation: 0, interpolation_duration: 1 }
$data merge entity $(bone_leg_right_1) { transformation: [-0.9962082566666959f,0.07341238383183353f,-0.046687592026470784f,-0.12499999999999996f,0.0840094902123809f,0.9512177312164016f,-0.2968623138321491f,1.0167711740869325f,0.022616695235124544f,-0.29965888893815423f,-0.9537782946665291f,-0.2961886982153353f,0f,0f,0f,1f], start_interpolation: 0, interpolation_duration: 1 }
$data merge entity $(bone_skirt_forward_right) { transformation: [-0.9832382121922361f,0.18207483701783297f,0.009558860284836494f,2.5927209434898606e-17f,0.1815639445359112f,0.982571390304314f,-0.03984968004900427f,1.1824065547173608f,-0.01664788663993173f,-0.03744618378923299f,-0.9991599627637443f,-0.21171173152087716f,0f,0f,0f,1f], start_interpolation: 0, interpolation_duration: 1 }
$data merge entity $(bone_skirt_forward_left) { transformation: [-0.9886759944471007f,-0.0632316123914905f,-0.13609386906987625f,2.8762086025568405e-17f,-0.04253389740620333f,0.9877789843389586f,-0.1499451422011857f,1.1816051461905155f,0.1439119368762539f,-0.14245855991363782f,-0.9792828565495557f,-0.2348602555903766f,0f,0f,0f,1f], start_interpolation: 0, interpolation_duration: 1 }
$data merge entity $(bone_skirt_forward) { transformation: [-1f,1.1182073733676585e-17f,1.2195310186146637e-16f,2.5927209434898606e-17f,0f,0.9958226481821116f,-0.09130856130487566f,1.1824065547173608f,-1.2246467991473532e-16f,-0.09130856130487566f,-0.9958226481821116f,-0.21171173152087716f,0f,0f,0f,1f], start_interpolation: 0, interpolation_duration: 1 }
$data merge entity $(bone_skirt_back_right) { transformation: [-0.9922375614584293f,0.12418580851726464f,-0.006519708117930047f,-0.006249999999999975f,0.11189621059307683f,0.9144612489627979f,0.3888956957852703f,1.1920264907852178f,0.05425734683837318f,0.38514738621508643f,-0.9212587211015955f,-0.2035426068728766f,0f,0f,0f,1f], start_interpolation: 0, interpolation_duration: 1 }
$data merge entity $(bone_skirt_back_left) { transformation: [-0.9989334475167411f,-0.04611265439814014f,0.0023644315756585657f,2.4591078987121187e-17f,-0.04154665015137636f,0.9200026893881407f,0.38970364044974926f,1.1976797498051714f,-0.020145552698236473f,0.3891897668528118f,-0.9209372845549998f,-0.20080139844600461f,0f,0f,0f,1f], start_interpolation: 0, interpolation_duration: 1 }
$data merge entity $(bone_skirt_back) { transformation: [-1f,-5.343179392748166e-17f,1.1019365328506768e-16f,2.4257130275074427e-17f,0f,0.8997994635007318f,0.43630370785015693f,1.203303496452051f,-1.2246467991473532e-16f,0.43630370785015693f,-0.8997994635007318f,-0.19807450027194112f,0f,0f,0f,1f], start_interpolation: 0, interpolation_duration: 1 }
$data merge entity $(bone_skirt_right) { transformation: [-0.9870697948576818f,0.1601930440691051f,-0.005604347552369802f,-0.18121720116618073f,0.1573137474702205f,0.9748508378045393f,0.1578550882571206f,1.2318192416391145f,0.030750690016480918f,0.15493234866760844f,-0.987446384569739f,-0.1874057945294849f,0f,0f,0f,1f], start_interpolation: 0, interpolation_duration: 1 }
$data merge entity $(bone_skirt_left) { transformation: [-0.9975580123694087f,-0.06967276634066248f,0.00487007063955492f,0.19375000000000003f,-0.06854548262298592f,0.9900230620436199f,0.12310911190385816f,1.230307838800756f,-0.013398834635024871f,0.12247465963297949f,-0.9923811913666084f,-0.21893925848550969f,0f,0f,0f,1f], start_interpolation: 0, interpolation_duration: 1 }
$data merge entity $(bone_coat_downer) { transformation: [-1f,-2.1408251292339145e-17f,1.205789558887563e-16f,-0.007812499999999971f,0f,0.9846018947888326f,0.17481163799427235f,1.0720396161743362f,-1.2246467991473532e-16f,0.17481163799427235f,-0.9846018947888326f,-0.23341283131187224f,0f,0f,0f,1f], start_interpolation: 0, interpolation_duration: 1 }
$data merge entity $(bone_body_2) { transformation: [-1f,-3.183593489306568e-17f,1.1825426451550514e-16f,2.1471485971931182e-17f,0f,0.9656193491693962f,0.2599601363856999f,1.287795189504373f,-1.2246467991473532e-16f,0.2599601363856999f,-0.9656193491693962f,-0.1753279883381924f,0f,0f,0f,1f], start_interpolation: 0, interpolation_duration: 1 }
$data merge entity $(bone_book_left) { transformation: [0.34157255109722906f,-0.24325247983747464f,-0.9078306138205794f,-0.15061580516941736f,0f,0.9659258262890683f,-0.25881904510252074f,1.2594733965014577f,0.9398554103355106f,0.08840548150821678f,0.329933748656256f,0.15870849046851143f,0f,0f,0f,1f], start_interpolation: 0, interpolation_duration: 1 }
$data merge entity $(bone_book_right) { transformation: [0.34157255109722906f,-0.24325247983747464f,-0.9078306138205794f,-0.11859337850405215f,0f,0.9659258262890683f,-0.25881904510252074f,1.2594733965014577f,0.9398554103355106f,0.08840548150821678f,0.329933748656256f,0.24681993518746556f,0f,0f,0f,1f], start_interpolation: 0, interpolation_duration: 1 }
$data merge entity $(bone_book_loot_1) { transformation: [0.34157255109722906f,-0.24325247983747464f,-0.9078306138205794f,0.001570000236352176f,0f,0.9659258262890683f,-0.25881904510252074f,1.2982962532668358f,0.9398554103355106f,0.08840548150821678f,0.329933748656256f,0.1532741505295501f,0f,0f,0f,1f], start_interpolation: 0, interpolation_duration: 1 }
$data merge entity $(bone_book_left2) { transformation: [0.3465749888220827f,-0.7005448934267532f,0.6237969456615453f,1.1844493646708685f,0.2701179733134706f,-0.5623085081907057f,-0.781566006239631f,2.226293487493845f,0.8982884044759774f,0.4393699965974494f,-0.005652298113219309f,-0.1780808826157727f,0f,0f,0f,1f], start_interpolation: 0, interpolation_duration: 1 }
$data merge entity $(bone_book_right2) { transformation: [0.24437951461302787f,-0.7005448934267532f,0.6704591748430329f,1.1566621513641167f,0.38943193294899897f,-0.5623085081907057f,-0.7294874304715264f,2.1952808565294784f,0.8880435926445884f,0.4393699965974494f,0.13539787167031114f,-0.2620758229235858f,0f,0f,0f,1f], start_interpolation: 0, interpolation_duration: 1 }
$data merge entity $(bone_book_loot_2) { transformation: [0.29639694193868793f,-0.7005448934267532f,0.6491422841743508f,1.07318441539134f,0.3308013969532424f,-0.5623085081907057f,-0.7578783394385454f,2.3244689229274433f,0.8959460299500065f,0.4393699965974494f,0.06507470712020011f,-0.22983955883770926f,0f,0f,0f,1f], start_interpolation: 0, interpolation_duration: 1 }
$data merge entity $(bone_air_staff_povit_1) { transformation: [-0.000015625f,0f,1.9135106236677393e-21f,-0.007217500000000062f,0f,0.000015625f,0f,1.453917689504373f,-1.9135106236677393e-21f,0f,-0.000015625f,0.5121720116618076f,0f,0f,0f,1f], start_interpolation: 0, interpolation_duration: 1 }