execute if entity @s[tag=aj.tultaria.bone.head] run data modify entity @s {} merge value {transformation:[-0.22589572432464458f,-0.3800515803139868f,0.8969570324339318f,0f,-6.938893903907228e-18f,0.9207572368443383f,0.390136015767295f,1.6493938096574767f,-0.9741514880817275f,0.08813005786688408f,-0.20799512294411016f,0f,0f,0f,0f,1f],start_interpolation:0}
execute if entity @s[tag=aj.tultaria.bone.bust] run data modify entity @s {} merge value {transformation:[-0.029084718743111238f,0.49978847504110024f,0.8656590318085555f,-0.0718445932871582f,0f,0.8660254037844387f,-0.49999999999999994f,1.5400188096574767f,-0.9995769500822006f,-0.014542359371555617f,-0.02518810529345974f,0.0020904641596610762f,0f,0f,0f,1f],start_interpolation:0}
execute if entity @s[tag=aj.tultaria.bone.left_wing] run data modify entity @s {} merge value {transformation:[-0.40939231452609237f,0f,0.9123584453530142f,0.1267649136817195f,0f,1f,0f,1.4306438096574767f,-0.9123584453530142f,0f,-0.40939231452609237f,0.058837969537248624f,0f,0f,0f,1f],start_interpolation:0}
execute if entity @s[tag=aj.tultaria.bone.right_wing] run data modify entity @s {} merge value {transformation:[0.35565076181487665f,0f,0.9346189253489883f,0.12312932383883057f,0f,1f,0f,1.4306438096574767f,-0.9346189253489883f,0f,0.35565076181487665f,-0.06610914922302635f,0f,0f,0f,1f],start_interpolation:0}
execute if entity @s[tag=aj.tultaria.bone.body] run data modify entity @s {} merge value {transformation:[-0.029084718743111238f,0f,0.9995769500822006f,-0.4852461156695447f,0f,1f,0f,0.36814380965747673f,-0.9995769500822006f,0f,-0.029084718743111238f,0.5143308344126559f,0f,0f,0f,1f],start_interpolation:0}
execute if entity @s[tag=aj.tultaria.bone.right_ring] run data modify entity @s {} merge value {transformation:[0.43595931869209414f,0.44397968016324724f,0.7828291742440783f,0.007480136377278124f,-0.1852851420878798f,0.8954871813170415f,-0.4046876872581302f,1.1263911357981287f,-0.8806866006514458f,0.0313807536397821f,0.47265881958766f,-0.4237928459984332f,0f,0f,0f,1f],start_interpolation:0}
execute if entity @s[tag=aj.tultaria.bone.sword] run data modify entity @s {} merge value {transformation:[-0.0000029004172680799254f,0.000004439796801632473f,0.000008477958718420245f,-0.08545741212365035f,0.0000017676160124574328f,0.000008954871813170417f,-0.000004084826121414483f,0.9296445741092452f,-0.000009405483150988463f,3.13807536397821e-7f,-0.0000033820720758984515f,-0.46533400832256583f,0f,0f,0f,1f],start_interpolation:0}
execute if entity @s[tag=aj.tultaria.bone.right_hand] run data modify entity @s {} merge value {transformation:[-0.2900417268079925f,0.44397968016324724f,0.8477958718420244f,0.1563328243879753f,0.17676160124574328f,0.8954871813170415f,-0.4084826121414483f,1.2280157629906556f,-0.9405483150988463f,0.0313807536397821f,-0.3382072075898451f,-0.45059652895376523f,0f,0f,0f,1f],start_interpolation:0}
execute if entity @s[tag=aj.tultaria.bone.right_arm] run data modify entity @s {} merge value {transformation:[-0.2900417268079925f,-0.23055454456136354f,0.9288274321381448f,-0.009997872067944488f,0.17676160124574328f,0.9409430336224756f,0.2887586255029861f,1.5243938096574767f,-0.9405483150988463f,0.24793307455729896f,-0.23215955182866407f,-0.34360457659075644f,0f,0f,0f,1f],start_interpolation:0}
execute if entity @s[tag=aj.tultaria.bone.left_ring] run data modify entity @s {} merge value {transformation:[-0.4783702086135411f,0.7762436242089777f,-0.4106187762218723f,-0.4071937228938644f,-0.6504831656615055f,0.0009036601814359172f,0.7595201344199258f,1.5615123248388878f,0.5899437216396348f,0.630432406585502f,0.5045011258905067f,0.32508104173561314f,0f,0f,0f,1f],start_interpolation:0}
execute if entity @s[tag=aj.tultaria.bone.left_hand] run data modify entity @s {} merge value {transformation:[-0.014942928960447821f,0.7762436242089777f,-0.6302559359093685f,-0.34499215060271493f,-0.9996916528053756f,0.0009036601814359172f,0.02481496946466416f,1.5639799251295494f,0.019831999025280902f,0.630432406585502f,0.7759907683352123f,0.496335239796024f,0f,0f,0f,1f],start_interpolation:0}
execute if entity @s[tag=aj.tultaria.bone.left_arm] run data modify entity @s {} merge value {transformation:[-0.014942928960447821f,0.9868605375060642f,0.1608819082038893f,0.009997872067944488f,-0.9996916528053756f,-0.017936654779645345f,0.017171945916859666f,1.5556438096574767f,0.019831999025280902f,-0.16057570155088025f,0.9868242679859994f,0.34360457659075644f,0f,0f,0f,1f],start_interpolation:0}
execute if entity @s[tag=aj.tultaria.bone.leftfoot] run data modify entity @s {} merge value {transformation:[-0.028888058279794116f,-0.3496288314663224f,0.9364428227587187f,-0.2789076240899089f,-0.11609291412523023f,0.9316674929331772f,0.3442646044854453f,0.5571211480064915f,-0.9928181683363451f,-0.09876924024767032f,-0.06750349474036767f,0.16953700781808873f,0f,0f,0f,1f],start_interpolation:0}
execute if entity @s[tag=aj.tultaria.bone.leftleg] run data modify entity @s {} merge value {transformation:[-0.028888058279794116f,0.37940203143855467f,0.9247808273472807f,0.025501335625937042f,-0.11609291412523023f,0.9176325896229045f,-0.3800958638973516f,0.8681438096574767f,-0.9928181683363451f,-0.11834073264206263f,0.017537263726269167f,0.12431089053776952f,0f,0f,0f,1f],start_interpolation:0}
execute if entity @s[tag=aj.tultaria.bone.rightfoot] run data modify entity @s {} merge value {transformation:[-0.028888058279794116f,-0.23198704940555098f,0.9722898173882774f,-0.1915443321809028f,0.11609291412523023f,0.9653345718073874f,0.23377681613744322f,0.4861066098187733f,-0.9928181683363451f,0.11962931656393624f,-0.0009545887650677307f,-0.16415217601542015f,0f,0f,0f,1f],start_interpolation:0}
execute if entity @s[tag=aj.tultaria.bone.rightleg] run data modify entity @s {} merge value {transformation:[-0.028888058279794116f,0.11939749989657324f,0.9924261771574101f,0.01823015594015923f,0.11609291412523023f,0.9865224352899119f,-0.11530793537122008f,0.8681438096574767f,-0.9928181683363451f,0.1118826246032392f,-0.04235992130723946f,-0.12558334698278065f,0f,0f,0f,1f],start_interpolation:0}
execute if entity @s[tag=aj.tultaria.bone.skirt_right_back] run data modify entity @s {} merge value {transformation:[-0.01740646756563125f,-0.04131161656516025f,0.9989946772749393f,0.18631214868231386f,0.16673218774245538f,0.9850360246191041f,0.043639520771962786f,0.9369402484169894f,-0.9858485646677696f,0.16732417798801563f,-0.010258021404424153f,-0.1813964823161594f,0f,0f,0f,1f],start_interpolation:0}
execute if entity @s[tag=aj.tultaria.bone.skirt_right] run data modify entity @s {} merge value {transformation:[-0.01740646756563125f,0.10367930424763983f,0.9944584540128422f,-0.10040320013570145f,0.16673218774245538f,0.9809835629124227f,-0.09935606104442554f,0.9087830487706594f,-0.9858485646677696f,0.16407879560252245f,-0.0343621357910771f,-0.21279482399594443f,0f,0f,0f,1f],start_interpolation:0}
execute if entity @s[tag=aj.tultaria.bone.skirt_left_back] run data modify entity @s {} merge value {transformation:[-0.043053222516751574f,0.10259443817636707f,0.9937911255823322f,0.19717353516601333f,-0.2169664355943884f,0.9700137737273502f,-0.10953923774014235f,0.8683749618446561f,-0.9752291965770863f,-0.2203353354196755f,-0.019502669281662322f,0.17984822484867524f,0f,0f,0f,1f],start_interpolation:0}
execute if entity @s[tag=aj.tultaria.bone.skirt_left] run data modify entity @s {} merge value {transformation:[-0.043053222516751574f,0.2803072870021169f,0.9589443387832456f,-0.08870335235075828f,-0.2169664355943884f,0.9343039445660043f,-0.2828457264903803f,0.896311526997025f,-0.9752291965770863f,-0.220236155119721f,0.020592477308303603f,0.21829726269373134f,0f,0f,0f,1f],start_interpolation:0}
execute if entity @s[tag=aj.tultaria.bone.skirt_back_middle] run data modify entity @s {} merge value {transformation:[-0.029084718743111238f,-0.06331566828020521f,0.9975696493407692f,0.12739924073940861f,0f,0.9979918497107537f,0.06334246530494568f,0.9439114921173106f,-0.9995769500822006f,0.0018422977878896274f,-0.029026312256754613f,-0.003706939305360038f,0f,0f,0f,1f],start_interpolation:0}
execute if entity @s[tag=aj.tultaria.bone.skirt_front_middle] run data modify entity @s {} merge value {transformation:[-0.029084718743111238f,0.15409875564959016f,0.9876272842742256f,-0.18425690169492348f,0f,0.9880452767473358f,-0.15416397470641735f,0.9649938403285773f,-0.9995769500822006f,-0.004483815844656264f,-0.028737018979655766f,0.005361328271758609f,0f,0f,0f,1f],start_interpolation:0}
execute if entity @s[tag=aj.tultaria.bone.lower] run data modify entity @s {} merge value {transformation:[-0.029084718743111238f,0f,0.9995769500822006f,0f,0f,1f,0f,0.9618938096574767f,-0.9995769500822006f,0f,-0.029084718743111238f,0f,0f,0f,0f,1f],start_interpolation:0}