execute if entity @s[tag=aj.tultaria.bone.head] run data modify entity @s {} merge value {transformation:[-0.9684744069696384f,0.03932539366928429f,-0.24598950477116516f,0f,-6.938893903907228e-18f,0.9874612439903881f,0.15786162173547785f,1.6311403672845088f,0.2491130728099335f,0.15288494049353232f,-0.9563309426790927f,0f,0f,0f,0f,1f],start_interpolation:0}
execute if entity @s[tag=aj.tultaria.bone.bust] run data modify entity @s {} merge value {transformation:[-0.6829152738059481f,-0.3652487949338597f,-0.632629470228751f,0.0525045142717423f,0f,0.8660254037844387f,-0.49999999999999994f,1.5217653672845088f,0.7304975898677195f,-0.341457636902974f,-0.5914219757483568f,0.04908453530480256f,0f,0f,0f,1f],start_interpolation:0}
execute if entity @s[tag=aj.tultaria.bone.left_wing] run data modify entity @s {} merge value {transformation:[-0.35138211888365223f,0f,-0.9362321328222156f,-0.04862999412059321f,0f,1f,0f,1.4123903672845088f,0.9362321328222156f,0f,-0.35138211888365223f,-0.131020508592476f,0f,0f,0f,1f],start_interpolation:0}
execute if entity @s[tag=aj.tultaria.bone.right_wing] run data modify entity @s {} merge value {transformation:[-0.9104807689336613f,0f,-0.4135514108330051f,-0.13399440334633672f,0f,1f,0f,1.4123903672845088f,0.4135514108330051f,0f,-0.9104807689336613f,-0.039708309859011026f,0f,0f,0f,1f],start_interpolation:0}
execute if entity @s[tag=aj.tultaria.bone.body] run data modify entity @s {} merge value {transformation:[-0.6829152738059481f,0f,-0.7304975898677195f,0.7067064318368338f,0f,1f,0f,0.34989036728450884f,0.7304975898677195f,0f,-0.6829152738059481f,-0.023791158030885717f,0f,0f,0f,1f],start_interpolation:0}
execute if entity @s[tag=aj.tultaria.bone.right_ring] run data modify entity @s {} merge value {transformation:[0.5016747653543836f,0.12395842669372487f,0.856128926189415f,-0.3941599767489526f,-0.2960735107116503f,0.9545130179576197f,0.035289868295520735f,1.0814223150306619f,-0.8128117285457332f,-0.27118113319523773f,0.5155559008850973f,0.31751281123932246f,0f,0f,0f,1f],start_interpolation:0}
execute if entity @s[tag=aj.tultaria.bone.sword] run data modify entity @s {} merge value {transformation:[-0.000004407321758787472f,0.0000012395842669372488f,-0.000008890385017516404f,-0.4489399896742851f,0.0000029781398729134942f,0.000009545130179576197f,-1.4550859873727008e-7f,0.8817019222697602f,0.000008467951216904907f,-0.0000027118113319523777f,-0.00000457601152621072f,0.3961460136689043f,0f,0f,0f,1f],start_interpolation:0}
execute if entity @s[tag=aj.tultaria.bone.right_hand] run data modify entity @s {} merge value {transformation:[-0.44073217587874713f,0.12395842669372487f,-0.8890385017516403f,-0.45813883211727435f,0.2978139872913494f,0.9545130179576197f,-0.014550859873727007f,1.229200830973378f,0.8467951216904908f,-0.27118113319523773f,-0.457601152621072f,0.23224065111934106f,0f,0f,0f,1f],start_interpolation:0}
execute if entity @s[tag=aj.tultaria.bone.right_arm] run data modify entity @s {} merge value {transformation:[-0.44073217587874713f,0.4358345842799616f,-0.7847313962692573f,-0.23475212537079465f,0.2978139872913494f,0.8956973011129443f,0.3302017167620658f,1.5061403672845088f,0.8467951216904908f,-0.0881734649682124f,-0.5245602557921123f,0.2511085465170286f,0f,0f,0f,1f],start_interpolation:0}
execute if entity @s[tag=aj.tultaria.bone.left_ring] run data modify entity @s {} merge value {transformation:[0.8491756601903218f,-0.26488921520923686f,0.4568746018396799f,0.29240654681721867f,0.2984468146958926f,0.9544253120017449f,-0.0013500400911460667f,1.0851568208694522f,-0.43569507334626467f,0.13749919082018897f,0.889530086947927f,-0.42763811029155296f,0f,0f,0f,1f],start_interpolation:0}
execute if entity @s[tag=aj.tultaria.bone.left_hand] run data modify entity @s {} merge value {transformation:[-0.8152371497939298f,-0.26488921520923686f,-0.5149971779162524f,0.20273662151112676f,-0.2978139872913494f,0.9544253120017449f,-0.01947184593201523f,1.2324602903135984f,0.49668422420034397f,0.13749919082018897f,-0.8569706844194238f,-0.4864948633902194f,0f,0f,0f,1f],start_interpolation:0}
execute if entity @s[tag=aj.tultaria.bone.left_arm] run data modify entity @s {} merge value {transformation:[-0.8152371497939298f,-0.05866245073493723f,-0.5761485107762065f,0.23475212537079465f,-0.2978139872913494f,0.8956973011129443f,0.3302017167620658f,1.5373903672845088f,0.49668422420034397f,0.4407777916964041f,-0.747676213195086f,-0.2511085465170286f,0f,0f,0f,1f],start_interpolation:0}
execute if entity @s[tag=aj.tultaria.bone.leftfoot] run data modify entity @s {} merge value {transformation:[-0.6827883936133664f,0.493166374774646f,-0.5390611619644953f,0.1990943929135066f,-0.01927561868180728f,0.7254010211879195f,0.6880565449030749f,0.44692301534070167f,0.7303618692616093f,0.4801877604137331f,-0.4857893109955498f,0.004374707705407613f,0f,0f,0f,1f],start_interpolation:0}
execute if entity @s[tag=aj.tultaria.bone.leftleg] run data modify entity @s {} merge value {transformation:[-0.6827883936133664f,-0.02724196170592439f,-0.7301081324497704f,0.06938477444738714f,-0.01927561868180728f,0.9996284505244336f,-0.01927203742611673f,0.8498903672845088f,0.7303618692616093f,0.000914562481753296f,-0.6830598096097843f,-0.10625097034797006f,0f,0f,0f,1f],start_interpolation:0}
execute if entity @s[tag=aj.tultaria.bone.rightfoot] run data modify entity @s {} merge value {transformation:[-0.6827883936133664f,-0.011477525204580424f,-0.7305260268888829f,0.11777072796240548f,0.01927561868180728f,0.9992455739181142f,-0.03371547907849137f,0.5368085438675343f,0.7303618692616093f,-0.03710187893135397f,-0.6820520438415613f,0.289478567957863f,0f,0f,0f,1f],start_interpolation:0}
execute if entity @s[tag=aj.tultaria.bone.rightleg] run data modify entity @s {} merge value {transformation:[-0.6827883936133664f,-0.2673877310978591f,-0.6799292689723083f,-0.10134404400409988f,0.01927561868180728f,0.9237078830878467f,-0.38261233284592727f,0.8498903672845088f,0.7303618692616093f,-0.27434931743984353f,-0.6255429577167182f,0.07637342711895982f,0f,0f,0f,1f],start_interpolation:0}
execute if entity @s[tag=aj.tultaria.bone.skirt_right_back] run data modify entity @s {} merge value {transformation:[-0.6825029403744101f,-0.053474243091921406f,-0.7289240301334773f,-0.30192572601017686f,0.05282135874427906f,0.9911031946928206f,-0.1221653041173846f,0.8562581080653023f,0.7289716321234267f,-0.12188093696485507f,-0.6736062624143841f,0.03980759127554401f,0f,0f,0f,1f],start_interpolation:0}
execute if entity @s[tag=aj.tultaria.bone.skirt_right] run data modify entity @s {} merge value {transformation:[-0.6825029403744101f,-0.17316738546084498f,-0.710072385741721f,-0.11272312281571531f,0.05282135874427906f,0.9572999629435357f,-0.28422998611813155f,0.8780172114378145f,0.7289716321234267f,-0.23149478948987207f,-0.6442131029390407f,0.2582413143241233f,0f,0f,0f,1f],start_interpolation:0}
execute if entity @s[tag=aj.tultaria.bone.skirt_left_back] run data modify entity @s {} merge value {transformation:[-0.6822711622211042f,-0.07658323849709381f,-0.7270770721063627f,0.019098971985176405f,-0.0309425205701332f,0.9966321780082538f,-0.0759398589628085f,0.857569612714725f,0.7304441262836129f,-0.02931397857373877f,-0.6823430728291654f,-0.30366320485685117f,0f,0f,0f,1f],start_interpolation:0}
execute if entity @s[tag=aj.tultaria.bone.skirt_left] run data modify entity @s {} merge value {transformation:[-0.6822711622211042f,-0.2266886754619512f,-0.695067123103064f,0.2500756163936946f,-0.0309425205701332f,0.9588167510583591f,-0.28233490452060567f,0.8780172114378145f,0.7304441262836129f,-0.17112183468861825f,-0.6611873381051474f,-0.12983553029310269f,0f,0f,0f,1f],start_interpolation:0}
execute if entity @s[tag=aj.tultaria.bone.skirt_back_middle] run data modify entity @s {} merge value {transformation:[-0.6829152738059481f,0.08518212726306752f,-0.725514117021499f,-0.09174471004618298f,0f,0.9931779749648142f,0.11660836181333951f,0.93744310028852f,0.7304975898677195f,0.0796336313358198f,-0.6782564087111331f,-0.0857687481115193f,0f,0f,0f,1f],start_interpolation:0}
execute if entity @s[tag=aj.tultaria.bone.skirt_front_middle] run data modify entity @s {} merge value {transformation:[-0.6829152738059481f,-0.07386702466986199f,-0.7267533222964783f,0.13651333429505907f,0f,0.9948743601304432f,-0.10111877943805131f,0.9418259059622467f,0.7304975898677195f,-0.06905555894686008f,-0.6794148960509989f,0.1276212849451769f,0f,0f,0f,1f],start_interpolation:0}
execute if entity @s[tag=aj.tultaria.bone.lower] run data modify entity @s {} merge value {transformation:[-0.6829152738059481f,0f,-0.7304975898677195f,0f,0f,1f,0f,0.9436403672845088f,0.7304975898677195f,0f,-0.6829152738059481f,0f,0f,0f,0f,1f],start_interpolation:0}