execute if entity @s[tag=aj.tultaria.bone.head] run data modify entity @s {} merge value {transformation:[-0.9629627493743687f,0.04270582788603352f,-0.26623101919559494f,0f,0f,0.9873775659804803f,0.15838416018801313f,1.6598172920398386f,0.26963446240671235f,0.15251804635199953f,-0.9508078156071355f,0f,0f,0f,0f,1f],start_interpolation:0}
execute if entity @s[tag=aj.tultaria.bone.bust] run data modify entity @s {} merge value {transformation:[-0.6504842870630966f,-0.37975985579179333f,-0.6577633649064162f,0.054590479270070214f,0f,0.8660254037844387f,-0.49999999999999994f,1.5504422920398386f,0.7595197115835868f,-0.32524214353154823f,-0.5633359173592509f,0.04675355813266008f,0f,0f,0f,1f],start_interpolation:0}
execute if entity @s[tag=aj.tultaria.bone.left_wing] run data modify entity @s {} merge value {transformation:[-0.3103135088600413f,0f,-0.9506342757438156f,-0.05428469600650487f,0f,1f,0f,1.4410672920398386f,0.9506342757438156f,0f,-0.3103135088600413f,-0.12878051785686123f,0f,0f,0f,1f],start_interpolation:0}
execute if entity @s[tag=aj.tultaria.bone.right_wing] run data modify entity @s {} merge value {transformation:[-0.8916247292155413f,0f,-0.4527751563980874f,-0.13559523188939193f,0f,1f,0f,1.4410672920398386f,0.4527751563980874f,0f,-0.8916247292155413f,-0.033840553908912885f,0f,0f,0f,1f],start_interpolation:0}
execute if entity @s[tag=aj.tultaria.bone.body] run data modify entity @s {} merge value {transformation:[-0.6504842870630966f,0f,-0.7595197115835868f,0.7050019993233416f,0f,1f,0f,0.37856729203983863f,0.7595197115835868f,0f,-0.6504842870630966f,-0.0545177122602451f,0f,0f,0f,1f],start_interpolation:0}
execute if entity @s[tag=aj.tultaria.bone.right_ring] run data modify entity @s {} merge value {transformation:[-0.08512623090430205f,0.275588102055483f,0.9574992025153253f,-0.43844488380961727f,-0.3372508795341783f,0.8962943687278162f,-0.28795528965488465f,1.1371547385145204f,-0.9375581950286878f,-0.3474299966788448f,0.016644168416816818f,0.3729695757053759f,0f,0f,0f,1f],start_interpolation:0}
execute if entity @s[tag=aj.tultaria.bone.sword] run data modify entity @s {} merge value {transformation:[-0.0000037435664630500732f,0.0000027558810205548302f,-0.00000885385960681964f,-0.5242625819669413f,0.0000043296167212100125f,0.000008962943687278162f,9.591973238594854e-7f,0.9561191434276224f,0.000008200007877078255f,-0.000003474299966788448f,-0.000004548528394616041f,0.46748783647815517f,0f,0f,0f,1f],start_interpolation:0}
execute if entity @s[tag=aj.tultaria.bone.right_hand] run data modify entity @s {} merge value {transformation:[-0.3743566463050073f,0.275588102055483f,-0.8853859606819638f,-0.4783891766773822f,0.43296167212100123f,0.8962943687278162f,0.09591973238594853f,1.2861932085394243f,0.8200007877078255f,-0.3474299966788448f,-0.45485283946160404f,0.27604118502478103f,0f,0f,0f,1f],start_interpolation:0}
execute if entity @s[tag=aj.tultaria.bone.right_arm] run data modify entity @s {} merge value {transformation:[-0.3743566463050073f,0.5345464385593255f,-0.7577052239431958f,-0.22360397367793944f,0.43296167212100123f,0.8233452718338997f,0.36694243938654497f,1.5348172920398386f,0.8200007877078255f,-0.19068997973753846f,-0.539662894579795f,0.261084900856858f,0f,0f,0f,1f],start_interpolation:0}
execute if entity @s[tag=aj.tultaria.bone.left_ring] run data modify entity @s {} merge value {transformation:[0.39036676572643464f,-0.30373092226353515f,0.8691152484436258f,0.30475065657343586f,0.4252986675105935f,0.8967433916690147f,0.12236148459243816f,1.143007496489386f,-0.8165383222053919f,0.32186770008637744f,0.47923517401283183f,-0.5072467746515421f,0f,0f,0f,1f],start_interpolation:0}
execute if entity @s[tag=aj.tultaria.bone.left_hand] run data modify entity @s {} merge value {transformation:[-0.7526982900581568f,-0.30373092226353515f,-0.5841171209650244f,0.20253171987928745f,-0.43296167212100123f,0.8967433916690147f,0.09162685180741736f,1.291713668794615f,0.4959732599825451f,0.32186770008637744f,-0.8064810655082933f,-0.5325625464044481f,0f,0f,0f,1f],start_interpolation:0}
execute if entity @s[tag=aj.tultaria.bone.left_arm] run data modify entity @s {} merge value {transformation:[-0.7526982900581568f,-0.10624154420336049f,-0.6497368839990632f,0.22360397367793944f,-0.43296167212100123f,0.8233452718338997f,0.36694243938654497f,1.5660672920398386f,0.4959732599825451f,0.5575081144109447f,-0.6657290948638488f,-0.261084900856858f,0f,0f,0f,1f],start_interpolation:0}
execute if entity @s[tag=aj.tultaria.bone.leftfoot] run data modify entity @s {} merge value {transformation:[-0.6486250964404862f,0.42228430137075956f,-0.6332151712359547f,0.2303822537541964f,-0.07555235562843539f,0.7921322144380506f,0.6056553445718651f,0.4868783987827016f,0.7573488798609029f,0.44068415408916134f,-0.48189226027002746f,-0.006343227878200658f,0f,0f,0f,1f],start_interpolation:0}
execute if entity @s[tag=aj.tultaria.bone.leftleg] run data modify entity @s {} merge value {transformation:[-0.6486250964404862f,-0.10638865731216965f,-0.7536358124869622f,0.06469604219199611f,-0.07555235562843539f,0.9942918415589944f,-0.07533641462279679f,0.8785672920398386f,0.7573488798609029f,0.008073871719147807f,-0.6529605552932721f,-0.10916930772745359f,0f,0f,0f,1f],start_interpolation:0}
execute if entity @s[tag=aj.tultaria.bone.rightfoot] run data modify entity @s {} merge value {transformation:[-0.6486250964404862f,-0.03562394174485414f,-0.7602739105362811f,0.11879136880295242f,0.07555235562843539f,0.9909567102448774f,-0.11089021588780718f,0.5663222951262131f,0.7573488798609029f,-0.12936666183839368f,-0.6400679190353366f,0.29746480600352276f,0f,0f,0f,1f],start_interpolation:0}
execute if entity @s[tag=aj.tultaria.bone.rightleg] run data modify entity @s {} merge value {transformation:[-0.6486250964404862f,-0.2452509775744992f,-0.7205119306897856f,-0.09792502957377804f,0.07555235562843539f,0.9212389335030896f,-0.38158966044310544f,0.8785672920398386f,0.7573488798609029f,-0.3019450039276069f,-0.579009403012242f,0.0807106201684431f,0f,0f,0f,1f],start_interpolation:0}
execute if entity @s[tag=aj.tultaria.bone.skirt_right_back] run data modify entity @s {} merge value {transformation:[-0.6492723323881028f,-0.15272209842322776f,-0.7450646945390171f,-0.2978803832267558f,-0.02399366058828011f,0.9832570274090269f,-0.18063754399996296f,0.8771589545265384f,0.7601774415535411f,-0.09940613011263472f,-0.6420659457167484f,0.05302880470249044f,0f,0f,0f,1f],start_interpolation:0}
execute if entity @s[tag=aj.tultaria.bone.skirt_right] run data modify entity @s {} merge value {transformation:[-0.6492723323881028f,-0.25692879494550985f,-0.7158442796608498f,-0.10078089027517567f,-0.02399366058828011f,0.9476627895186807f,-0.31837013304210404f,0.9067218282063289f,0.7601774415535411f,-0.18953319416271316f,-0.6214558919694879f,0.26341464400262665f,0f,0f,0f,1f],start_interpolation:0}
execute if entity @s[tag=aj.tultaria.bone.skirt_left_back] run data modify entity @s {} merge value {transformation:[-0.6516568227658938f,-0.10569420236831581f,-0.751113920073637f,0.007102175231718855f,0.03925601240294722f,0.9842175385266638f,-0.17255376653882232f,0.8680052761045669f,0.7574974262879578f,-0.14193157662141365f,-0.6372229411476641f,-0.30129568135739593f,0f,0f,0f,1f],start_interpolation:0}
execute if entity @s[tag=aj.tultaria.bone.skirt_left] run data modify entity @s {} merge value {transformation:[-0.6516568227658938f,-0.2415570741736458f,-0.7190226458598702f,0.2447888872270944f,0.03925601240294722f,0.9359252884298562f,-0.3500040285021158f,0.9067218282063289f,0.7574974262879578f,-0.25630847507282706f,-0.6004195323046725f,-0.1400802027761538f,0f,0f,0f,1f],start_interpolation:0}
execute if entity @s[tag=aj.tultaria.bone.skirt_back_middle] run data modify entity @s {} merge value {transformation:[-0.6504842870630966f,0.02363969538591841f,-0.7591517352190377f,-0.09654263497531437f,0f,0.9995155143981952f,0.031124531760512206f,0.9568498754219841f,0.7595197115835868f,0.02024601885240948f,-0.6501691367918143f,-0.08268313004302973f,0f,0f,0f,1f],start_interpolation:0}
execute if entity @s[tag=aj.tultaria.bone.skirt_front_middle] run data modify entity @s {} merge value {transformation:[-0.6504842870630966f,-0.10854476009857454f,-0.7517235045807452f,0.14043338655032378f,0f,0.9897353460562773f,-0.142912367438444f,0.9743834452734753f,0.7595197115835868f,-0.09296224944569552f,-0.6438072909605648f,0.1202729961274881f,0f,0f,0f,1f],start_interpolation:0}
execute if entity @s[tag=aj.tultaria.bone.lower] run data modify entity @s {} merge value {transformation:[-0.6504842870630966f,0f,-0.7595197115835868f,0f,0f,1f,0f,0.9723172920398386f,0.7595197115835868f,0f,-0.6504842870630966f,0f,0f,0f,0f,1f],start_interpolation:0}