execute if entity @s[tag=aj.tultaria.bone.head] run data modify entity @s {} merge value {transformation:[-0.8752299708793272f,0.16915910386359106f,-0.4531640935187149f,0f,0f,0.9368565235512263f,0.3497139606585796f,1.7179426560172757f,0.48370703744577853f,0.3060801396033028f,-0.8199649078258475f,0f,0f,0f,0f,1f],start_interpolation:0}
execute if entity @s[tag=aj.tultaria.bone.bust] run data modify entity @s {} merge value {transformation:[-0.5483038679208183f,-0.41813959045487115f,-0.7242390153238794f,0.0601075661278877f,0f,0.8660254037844387f,-0.49999999999999994f,1.6085676560172757f,0.8362791809097424f,-0.2741519339604091f,-0.4748450786126962f,0.03940934050680883f,0f,0f,0f,1f],start_interpolation:0}
execute if entity @s[tag=aj.tultaria.bone.left_wing] run data modify entity @s {} merge value {transformation:[-0.18653653380280993f,0f,-0.9824480248628082f,-0.07026590586866666f,0f,1f,0f,1.4991926560172757f,0.9824480248628082f,0f,-0.18653653380280993f,-0.12080543229696122f,0f,0f,0f,1f],start_interpolation:0}
execute if entity @s[tag=aj.tultaria.bone.right_wing] run data modify entity @s {} merge value {transformation:[-0.8265969085348219f,0f,-0.562794412552821f,-0.13880388935876897f,0f,1f,0f,1.4991926560172757f,0.562794412552821f,0f,-0.8265969085348219f,-0.01627053468324341f,0f,0f,0f,1f],start_interpolation:0}
execute if entity @s[tag=aj.tultaria.bone.body] run data modify entity @s {} merge value {transformation:[-0.5483038679208183f,0f,-0.8362791809097424f,0.6922915244152803f,0f,1f,0f,0.4366926560172757f,0.8362791809097424f,0f,-0.5483038679208183f,-0.14398765649446205f,0f,0f,0f,1f],start_interpolation:0}
execute if entity @s[tag=aj.tultaria.bone.right_ring] run data modify entity @s {} merge value {transformation:[0.3980072988080734f,0.8766648835958994f,0.2702755482193837f,-0.6196227869983675f,-0.7337824776142219f,0.12740005909021962f,0.667332376323929f,1.520601828408968f,0.5505937391960014f,-0.46392661791882134f,0.69398748370887f,0.5437252820818683f,0f,0f,0f,1f],start_interpolation:0}
execute if entity @s[tag=aj.tultaria.bone.sword] run data modify entity @s {} merge value {transformation:[3.5061841375715445e-7f,0.000008766648835958996f,-0.000004798222057691075f,-0.8177947697071216f,0.000009448180294714708f,0.0000012740005909021962f,0.0000030180807830383763f,1.5269743801274633f,0.000003257139212023198f,-0.000004639266179188214f,-0.000008238219071628362f,0.6425155724897637f,0f,0f,0f,1f],start_interpolation:0}
execute if entity @s[tag=aj.tultaria.bone.right_hand] run data modify entity @s {} merge value {transformation:[0.03506184137571544f,0.8766648835958994f,-0.4798222057691074f,-0.527627230727362f,0.9448180294714708f,0.12740005909021962f,0.3018080783038376f,1.5688025949827995f,0.3257139212023198f,-0.46392661791882134f,-0.8238219071628362f,0.39400344423553657f,0f,0f,0f,1f],start_interpolation:0}
execute if entity @s[tag=aj.tultaria.bone.right_arm] run data modify entity @s {} merge value {transformation:[0.03506184137571544f,0.8381725203787225f,-0.5442770373268779f,-0.1884794545977813f,0.9448180294714708f,0.14969644351341038f,0.291392975181426f,1.5929426560172757f,0.3257139212023198f,-0.5244595321675599f,-0.7866718761043849f,0.28747096843772396f,0f,0f,0f,1f],start_interpolation:0}
execute if entity @s[tag=aj.tultaria.bone.left_ring] run data modify entity @s {} merge value {transformation:[0.9763296945306055f,-0.07564147928547373f,0.20262945044903907f,0.2561220119636898f,0.2110049205736414f,0.12731623590901542f,-0.9691581396076034f,1.5471835959875178f,0.04751053642599277f,0.9889736814928216f,0.14026334604253968f,-0.8156210325964486f,0f,0f,0f,1f],start_interpolation:0}
execute if entity @s[tag=aj.tultaria.bone.left_hand] run data modify entity @s {} merge value {transformation:[-0.31268259562155515f,-0.07564147928547373f,-0.9468410431571248f,0.15553668302935406f,-0.9448180294714708f,0.12731623590901542f,0.30184344826351084f,1.5953745811230056f,0.09771635267965045f,0.9889736814928216f,-0.11127700451360555f,-0.6715261140363458f,0f,0f,0f,1f],start_interpolation:0}
execute if entity @s[tag=aj.tultaria.bone.left_arm] run data modify entity @s {} merge value {transformation:[-0.31268259562155515f,-0.14676526228647963f,-0.9384506125424756f,0.1884794545977813f,-0.9448180294714708f,0.14969644351341038f,0.291392975181426f,1.6241926560172757f,0.09771635267965045f,0.9777785703242922f,-0.18547393842146392f,-0.28747096843772396f,0f,0f,0f,1f],start_interpolation:0}
execute if entity @s[tag=aj.tultaria.bone.leftfoot] run data modify entity @s {} merge value {transformation:[-0.495802803609146f,-0.1787042317257958f,-0.8498496205191854f,0.38314725057777965f,-0.42700718198147136f,0.9022962061997185f,0.059383691480384804f,0.6595558816907245f,0.7562039714716877f,0.3923344922905555f,-0.5236689791171124f,-0.05475366787273794f,0f,0f,0f,1f],start_interpolation:0}
execute if entity @s[tag=aj.tultaria.bone.leftleg] run data modify entity @s {} merge value {transformation:[-0.495802803609146f,-0.5509294732086258f,-0.6713093887942998f,0.05024437640770167f,-0.42700718198147136f,0.8277668468246057f,-0.3639600442827377f,0.9366926560172757f,0.7562039714716877f,0.10620151998966765f,-0.6456599652156938f,-0.1165290447244857f,0f,0f,0f,1f],start_interpolation:0}
execute if entity @s[tag=aj.tultaria.bone.rightfoot] run data modify entity @s {} merge value {transformation:[-0.49580280360914597f,-0.051545693290213704f,-0.8669040439613496f,0.10432946712604531f,0.4270071819814714f,0.8547612390414449f,-0.2950391343001407f,0.6610809760105096f,0.7562039714716876f,-0.5164554828207025f,-0.4017826374980405f,0.3735050976422626f,0f,0f,0f,1f],start_interpolation:0}
execute if entity @s[tag=aj.tultaria.bone.rightleg] run data modify entity @s {} merge value {transformation:[-0.49580280360914597f,-0.1269052122075741f,-0.8591127091644384f,-0.0868315905725029f,0.4270071819814714f,0.8257942595778637f,-0.36841377197994435f,0.9366926560172757f,0.7562039714716876f,-0.5495078779806513f,-0.3552416720595269f,0.0925407505029499f,0f,0f,0f,1f],start_interpolation:0}
execute if entity @s[tag=aj.tultaria.bone.skirt_right_back] run data modify entity @s {} merge value {transformation:[-0.6157394875628067f,-0.11745899208268759f,-0.7791458583826338f,-0.2869590854879431f,0.5050599224080294f,0.7001475374752958f,-0.5046859424874786f,0.9107256940174324f,0.6047969562035571f,-0.7042704103866627f,-0.37178465651599213f,0.0978745016991815f,0f,0f,0f,1f],start_interpolation:0}
execute if entity @s[tag=aj.tultaria.bone.skirt_right] run data modify entity @s {} merge value {transformation:[-0.6157394875628067f,-0.11745899208268759f,-0.7791458583826338f,-0.07972498479899705f,0.5050599224080294f,0.7001475374752958f,-0.5046859424874786f,1.0246925168250807f,0.6047969562035571f,-0.7042704103866627f,-0.37178465651599213f,0.26535574187483185f,0f,0f,0f,1f],start_interpolation:0}
execute if entity @s[tag=aj.tultaria.bone.skirt_left_back] run data modify entity @s {} merge value {transformation:[-0.13387175115645092f,-0.4577559073371474f,-0.8789413424912098f,-0.050601268127042964f,-0.7200793393339542f,0.6542847165661613f,-0.23107846012191197f,0.9193422141929848f,0.6808554173293191f,0.6019726231033126f,-0.41721081209316213f,-0.22566608861789356f,0f,0f,0f,1f],start_interpolation:0}
execute if entity @s[tag=aj.tultaria.bone.skirt_left] run data modify entity @s {} merge value {transformation:[-0.13387175115645092f,-0.4577559073371474f,-0.8789413424912098f,0.22939422088082062f,-0.7200793393339542f,0.6542847165661613f,-0.23107846012191197f,0.9659427156710735f,0.6808554173293191f,0.6019726231033126f,-0.41721081209316213f,-0.16722556845218994f,0f,0f,0f,1f],start_interpolation:0}
execute if entity @s[tag=aj.tultaria.bone.skirt_back_middle] run data modify entity @s {} merge value {transformation:[-0.5483038679208183f,-0.18027681403354348f,-0.8166168861497936f,-0.10604109443942149f,0f,0.9764883603361268f,-0.21557013273657033f,0.950058690121189f,0.8362791809097424f,-0.11819793758766575f,-0.5354123449519561f,-0.06952551679744232f,0f,0f,0f,1f],start_interpolation:0}
execute if entity @s[tag=aj.tultaria.bone.skirt_front_middle] run data modify entity @s {} merge value {transformation:[-0.5483038679208183f,-0.3527517772908483f,-0.7582407612633454f,0.13961508349899537f,0f,0.9066837708891625f,-0.42181102357123007f,1.05667844255532f,0.8362791809097424f,-0.2312806157557449f,-0.49713821855956086f,0.0915381992641632f,0f,0f,0f,1f],start_interpolation:0}
execute if entity @s[tag=aj.tultaria.bone.lower] run data modify entity @s {} merge value {transformation:[-0.5483038679208183f,0f,-0.8362791809097424f,0f,0f,1f,0f,1.0304426560172757f,0.8362791809097424f,0f,-0.5483038679208183f,0f,0f,0f,0f,1f],start_interpolation:0}