execute if entity @s[tag=aj.tultaria.bone.head] run data modify entity @s {} merge value {transformation:[-0.8894290347188653f,0.13727264756943444f,-0.43597271982125835f,0f,-1.3877787807814457e-17f,0.9538354780339559f,0.30032962032362875f,1.7340261707496158f,0.45707328974582145f,0.2671218843019284f,-0.8483689685083486f,0f,0f,0f,0f,1f],start_interpolation:0}
execute if entity @s[tag=aj.tultaria.bone.bust] run data modify entity @s {} merge value {transformation:[-0.5212180912378915f,-0.4267117590851958f,-0.7390864469226498f,0.061339815368496975f,0f,0.8660254037844387f,-0.49999999999999994f,1.6246511707496158f,0.8534235181703917f,-0.2606090456189457f,-0.45138810792404943f,0.03746255030772347f,0f,0f,0f,1f],start_interpolation:0}
execute if entity @s[tag=aj.tultaria.bone.left_wing] run data modify entity @s {} merge value {transformation:[-0.1549516852747524f,0f,-0.987922049167096f,-0.0741018090689306f,0f,1f,0f,1.5152761707496158f,0.987922049167096f,0f,-0.1549516852747524f,-0.11849123129038591f,0f,0f,0f,1f],start_interpolation:0}
execute if entity @s[tag=aj.tultaria.bone.right_wing] run data modify entity @s {} merge value {transformation:[-0.8081337676638245f,0f,-0.5889989928357023f,-0.1392540704736671f,0f,1f,0f,1.5152761707496158f,0.5889989928357023f,0f,-0.8081337676638245f,-0.011813291519087f,0f,0f,0f,1f],start_interpolation:0}
execute if entity @s[tag=aj.tultaria.bone.body] run data modify entity @s {} merge value {transformation:[-0.5212180912378915f,0f,-0.8534235181703917f,0.6873208047041417f,0f,1f,0f,0.45277617074961585f,0.8534235181703917f,0f,-0.5212180912378915f,-0.1661027134662501f,0f,0f,0f,1f],start_interpolation:0}
execute if entity @s[tag=aj.tultaria.bone.right_ring] run data modify entity @s {} merge value {transformation:[0.2658977631996112f,0.8328830397629243f,-0.48539079266165946f,-0.5931553514022956f,0.7433426432008715f,0.14344889394634974f,0.6533483983486226f,1.5348610853280067f,0.6137915723798959f,-0.5345355525134315f,-0.5809747402207562f,0.5673958229655438f,0f,0f,0f,1f],start_interpolation:0}
execute if entity @s[tag=aj.tultaria.bone.sword] run data modify entity @s {} merge value {transformation:[4.548347218122673e-7f,0.000008328830397629244f,-0.000005515769174227745f,-0.7825455471795029f,0.000009448180294714708f,0.0000014344889394634975f,0.0000029451877021883635f,1.5376090589828955f,0.0000032442278733773684f,-0.000005345355525134316f,-0.000007803983586317785f,0.6822699628285397f,0f,0f,0f,1f],start_interpolation:0}
execute if entity @s[tag=aj.tultaria.bone.right_hand] run data modify entity @s {} merge value {transformation:[0.045483472181226725f,0.8328830397629243f,-0.5515769174227745f,-0.5147277124477238f,0.9448180294714708f,0.14344889394634974f,0.2945187702188363f,1.5848861097151397f,0.32442278733773683f,-0.5345355525134315f,-0.7803983586317784f,0.4107122967635909f,0f,0f,0f,1f],start_interpolation:0}
execute if entity @s[tag=aj.tultaria.bone.right_arm] run data modify entity @s {} merge value {transformation:[0.045483472181226725f,0.8209321255382609f,-0.5692114712631611f,-0.1791687188630252f,0.9448180294714708f,0.14969644351341038f,0.291392975181426f,1.6090261707496158f,0.32442278733773683f,-0.5510548249118858f,-0.768822759156715f,0.2933643343710722f,0f,0f,0f,1f],start_interpolation:0}
execute if entity @s[tag=aj.tultaria.bone.left_ring] run data modify entity @s {} merge value {transformation:[0.10220400762046011f,-0.09498655136178212f,-0.99021810521052f,0.2374792637780438f,-0.9829387551709431f,0.143383455302873f,-0.1152067199793721f,1.5614403090361206f,0.1529239824530913f,0.9850983401700585f,-0.0787115987951083f,-0.8175154304974565f,0f,0f,0f,1f],start_interpolation:0}
execute if entity @s[tag=aj.tultaria.bone.left_hand] run data modify entity @s {} merge value {transformation:[-0.30938998111166693f,-0.09498655136178212f,-0.9461793670589725f,0.13393329946598667f,-0.9448180294714708f,0.143383455302873f,0.2945506339002784f,1.6114580958553457f,0.10768811806958657f,0.9850983401700585f,-0.13410641081181113f,-0.6761662908594921f,0f,0f,0f,1f],start_interpolation:0}
execute if entity @s[tag=aj.tultaria.bone.left_arm] run data modify entity @s {} merge value {transformation:[-0.30938998111166693f,-0.11535051097776378f,-0.9439131841461328f,0.1791687188630252f,-0.9448180294714708f,0.14969644351341038f,0.291392975181426f,1.6402761707496158f,0.10768811806958657f,0.9819802617245443f,-0.15529982231163586f,-0.2933643343710722f,0f,0f,0f,1f],start_interpolation:0}
execute if entity @s[tag=aj.tultaria.bone.leftfoot] run data modify entity @s {} merge value {transformation:[-0.47758435753802686f,-0.21988003752580104f,-0.8506267986212535f,0.37611603562126183f,-0.40052673110306064f,0.916207064347615f,-0.011956291708633049f,0.6707198569192876f,0.781979231889752f,0.3349886331462273f,-0.5256339948632847f,-0.06122872640092443f,0f,0f,0f,1f],start_interpolation:0}
execute if entity @s[tag=aj.tultaria.bone.leftleg] run data modify entity @s {} merge value {transformation:[-0.47758435753802686f,-0.53159821183217f,-0.6995116315057452f,0.04648362194475912f,-0.40052673110306064f,0.8403671658398167f,-0.3651867525667526f,0.9527761707496158f,0.781979231889752f,0.10576562652957391f,-0.6142655070390327f,-0.11807958551712784f,0f,0f,0f,1f],start_interpolation:0}
execute if entity @s[tag=aj.tultaria.bone.rightfoot] run data modify entity @s {} merge value {transformation:[-0.47758435753802686f,-0.13195375289473543f,-0.8686203938038671f,0.11232272238185f,0.4005267311030606f,0.8472485127427386f,-0.348924483702583f,0.6664546769813495f,0.781979231889752f,-0.514546562278102f,-0.3517816313295802f,0.3617213986268095f,0f,0f,0f,1f],start_interpolation:0}
execute if entity @s[tag=aj.tultaria.bone.rightleg] run data modify entity @s {} merge value {transformation:[-0.47758435753802686f,-0.13559105322574982f,-0.8680600484529408f,-0.08382090086471376f,0.4005267311030606f,0.8457795126724836f,-0.35247035849187763f,0.9527761707496158f,0.781979231889752f,-0.5160155833195623f,-0.3496232238631829f,0.0952762940254701f,0f,0f,0f,1f],start_interpolation:0}
execute if entity @s[tag=aj.tultaria.bone.skirt_right_back] run data modify entity @s {} merge value {transformation:[-0.5888065409858669f,-0.2128724289753658f,-0.7797385371227886f,-0.28117051632730544f,0.4012088093119994f,0.7604848984717274f,-0.5105822269986433f,0.9189515472723218f,0.7016682610911701f,-0.6134721250216462f,-0.3623721887765663f,0.10913518742271622f,0f,0f,0f,1f],start_interpolation:0}
execute if entity @s[tag=aj.tultaria.bone.skirt_right] run data modify entity @s {} merge value {transformation:[-0.5888065409858669f,-0.2181699375436443f,-0.7782729184832663f,-0.06704584131321735f,0.4012088093119994f,0.7569952187562153f,-0.5157419220023494f,1.029229536954219f,0.7016682610911701f,-0.6159221680800522f,-0.358192035429128f,0.2702989660512608f,0f,0f,0f,1f],start_interpolation:0}
execute if entity @s[tag=aj.tultaria.bone.skirt_left_back] run data modify entity @s {} merge value {transformation:[-0.21231644952977105f,-0.4347537812703508f,-0.8751633418569383f,-0.0556889962809583f,-0.6214634857083893f,0.7512104494655368f,-0.22240952440254214f,0.9447976774443416f,0.7541252291166574f,0.49666086043186275f,-0.42967793581336106f,-0.24244986663542795f,0f,0f,0f,1f],start_interpolation:0}
execute if entity @s[tag=aj.tultaria.bone.skirt_left] run data modify entity @s {} merge value {transformation:[-0.21231644952977105f,-0.4428361719835594f,-0.8711015153482513f,0.22362045470751518f,-0.6214634857083893f,0.7491195144429205f,-0.22935363309087123f,0.9819041510268538f,0.7541252291166574f,0.4926622350695765f,-0.43425690661864946f,-0.17467291475067687f,0f,0f,0f,1f],start_interpolation:0}
execute if entity @s[tag=aj.tultaria.bone.skirt_back_middle] run data modify entity @s {} merge value {transformation:[-0.5212180912378915f,-0.20393381886554915f,-0.8286994020084981f,-0.10873969552725644f,0f,0.9710294881316391f,-0.2389596894432342f,0.9704743770722186f,0.8534235181703917f,-0.12455011321440188f,-0.5061181363396798f,-0.06641145379496108f,0f,0f,0f,1f],start_interpolation:0}
execute if entity @s[tag=aj.tultaria.bone.skirt_front_middle] run data modify entity @s {} merge value {transformation:[-0.5212180912378915f,-0.3447377469126307f,-0.780696860003889f,0.14368903795339122f,0f,0.914782453707841f,-0.4039468558959979f,1.0713122433062783f,0.8534235181703917f,-0.21054440919165965f,-0.4768011644195157f,0.08775634195602583f,0f,0f,0f,1f],start_interpolation:0}
execute if entity @s[tag=aj.tultaria.bone.lower] run data modify entity @s {} merge value {transformation:[-0.5212180912378915f,0f,-0.8534235181703917f,0f,0f,1f,0f,1.0465261707496158f,0.8534235181703917f,0f,-0.5212180912378915f,0f,0f,0f,0f,1f],start_interpolation:0}