execute if entity @s[tag=aj.tultaria.bone.head] run data modify entity @s {} merge value {transformation:[-0.9768382957291984f,0.03494829995346311f,-0.2111055667841042f,0f,-6.938893903907228e-18f,0.9865721616069694f,0.16332596224162224f,1.5898236206165048f,0.21397884006806628f,0.15954305460443768f,-0.9637214689580234f,0f,0f,0f,0f,1f],start_interpolation:0}
execute if entity @s[tag=aj.tultaria.bone.bust] run data modify entity @s {} merge value {transformation:[-0.7464567410870139f,-0.3327169719467864f,-0.576282699952303f,0.04782806471735057f,0f,0.8660254037844387f,-0.49999999999999994f,1.4804486206165048f,0.6654339438935729f,-0.3732283705435069f,-0.6464505006074974f,0.05365157826562916f,0f,0f,0f,1f],start_interpolation:0}
execute if entity @s[tag=aj.tultaria.bone.left_wing] run data modify entity @s {} merge value {transformation:[-0.43498555933393795f,0f,-0.9004374287927736f,-0.03652569666875827f,0f,1f,0f,1.3710736206165048f,0.9004374287927736f,0f,-0.43498555933393795f,-0.13489671412922505f,0f,0f,0f,1f],start_interpolation:0}
execute if entity @s[tag=aj.tultaria.bone.right_wing] run data modify entity @s {} merge value {transformation:[-0.9442866506568f,0f,-0.3291241732102984f,-0.12983278930463504f,0f,1f,0f,1.3710736206165048f,0.3291241732102984f,0f,-0.9442866506568f,-0.05171747114252839f,0f,0f,0f,1f],start_interpolation:0}
execute if entity @s[tag=aj.tultaria.bone.body] run data modify entity @s {} merge value {transformation:[-0.7464567410870139f,0f,-0.6654339438935729f,0.7059453424902934f,0f,1f,0f,0.30857362061650484f,0.6654339438935729f,0f,-0.7464567410870139f,0.04051139859672048f,0f,0f,0f,1f],start_interpolation:0}
execute if entity @s[tag=aj.tultaria.bone.right_ring] run data modify entity @s {} merge value {transformation:[0.984093442657923f,-0.0047149790568044025f,-0.17758903426217376f,-0.36563340347302997f,0.04227895445299924f,0.9771418210732858f,0.2083419101379843f,1.026838325594073f,0.17254734459863136f,-0.2125361862885391f,0.9617982030498315f,0.2523406614132804f,0f,0f,0f,1f],start_interpolation:0}
execute if entity @s[tag=aj.tultaria.bone.sword] run data modify entity @s {} merge value {transformation:[-0.000005333055774730169f,-4.714979056804403e-8f,-0.000008459095282644984f,-0.39448513747951863f,0.0000017733328020871902f,0.00000977141821073286f,-0.0000011724661717933978f,0.8167982388473869f,0.000008271263922560978f,-0.000002125361862885391f,-0.000005202790604582655f,0.316551291602241f,0f,0f,0f,1f],start_interpolation:0}
execute if entity @s[tag=aj.tultaria.bone.right_hand] run data modify entity @s {} merge value {transformation:[-0.5333055774730169f,-0.0047149790568044025f,-0.8459095282644983f,-0.4456741372254524f,0.177333280208719f,0.9771418210732858f,-0.11724661717933976f,1.1685248647762108f,0.8271263922560977f,-0.2125361862885391f,-0.5202790604582654f,0.17035572038773378f,0f,0f,0f,1f],start_interpolation:0}
execute if entity @s[tag=aj.tultaria.bone.right_arm] run data modify entity @s {} merge value {transformation:[-0.5333055774730169f,0.33863590752938283f,-0.7751844188113712f,-0.256594504748661f,0.177333280208719f,0.9407702724387732f,0.2889709366456987f,1.4648236206165048f,0.8271263922560977f,0.01664381648624305f,-0.5617694496910492f,0.2287429182134157f,0f,0f,0f,1f],start_interpolation:0}
execute if entity @s[tag=aj.tultaria.bone.left_ring] run data modify entity @s {} merge value {transformation:[0.71962003142673f,-0.21178614880966473f,-0.6612818140110635f,0.2933339658530548f,0.17769543791685294f,0.9768070894096644f,-0.1194664866084111f,1.0290000054945145f,0.6712461111343067f,-0.03153628467956093f,0.7405633808362928f,-0.34455021036913097f,0f,0f,0f,1f],start_interpolation:0}
execute if entity @s[tag=aj.tultaria.bone.left_hand] run data modify entity @s {} merge value {transformation:[-0.8827042297963139f,-0.21178614880966473f,-0.4194995469271294f,0.2209142975771263f,-0.177333280208719f,0.9768070894096644f,-0.12000340749093646f,1.1703757937624992f,0.4351851909591046f,-0.03153628467956093f,-0.8997884819881267f,-0.43383292503669924f,0f,0f,0f,1f],start_interpolation:0}
execute if entity @s[tag=aj.tultaria.bone.left_arm] run data modify entity @s {} merge value {transformation:[-0.8827042297963139f,-0.02220381235218094f,-0.46940412590509406f,0.256594504748661f,-0.177333280208719f,0.9407702724387732f,0.2889709366456987f,1.4960736206165048f,0.4351851909591046f,0.3383168414556177f,-0.8343593736258867f,-0.2287429182134157f,0f,0f,0f,1f],start_interpolation:0}
execute if entity @s[tag=aj.tultaria.bone.leftfoot] run data modify entity @s {} merge value {transformation:[-0.7461458280396854f,0.4654640588699515f,-0.4760353066730267f,0.17018814370836083f,0.02885937501590621f,0.7369407805474419f,0.6753409675414472f,0.39797427630934956f,0.6651567783407635f,0.4901647639992468f,-0.5632982907491371f,0.02087760229471257f,0f,0f,0f,1f],start_interpolation:0}
execute if entity @s[tag=aj.tultaria.bone.leftleg] run data modify entity @s {} merge value {transformation:[-0.7461458280396854f,0.040737310003089264f,-0.6645350817471448f,0.07875072511320483f,0.02885937501590621f,0.9991671364736913f,0.02884735455211199f,0.8085736206165048f,0.6651567783407635f,0.0023462661136732406f,-0.7467000437007222f,-0.09950798419797505f,0f,0f,0f,1f],start_interpolation:0}
execute if entity @s[tag=aj.tultaria.bone.rightfoot] run data modify entity @s {} merge value {transformation:[-0.7461458280396854f,0.0650215602201947f,-0.6625998792676496f,0.1022359522302804f,-0.02885937501590621f,0.991125582364911f,0.12975830014109768f,0.4955640468993675f,0.6651567783407635f,0.1159408327050806f,-0.737647736754468f,0.28895083085055645f,0f,0f,0f,1f],start_interpolation:0}
execute if entity @s[tag=aj.tultaria.bone.rightleg] run data modify entity @s {} merge value {transformation:[-0.7461458280396854f,-0.2745530126400012f,-0.6065369292543296f,-0.10786346015854864f,-0.02885937501590621f,0.9234947195877687f,-0.38252403763319204f,0.8085736206165048f,0.6651567783407635f,-0.267914438102555f,-0.6969851605906173f,0.06685050177541818f,0f,0f,0f,1f],start_interpolation:0}
execute if entity @s[tag=aj.tultaria.bone.skirt_right_back] run data modify entity @s {} merge value {transformation:[-0.7441272743238557f,0.0017475605223980228f,-0.6680355871056345f,-0.30537870052564653f,0.05933846086838489f,0.9962167472730067f,-0.06349125541806061f,0.8223161449186045f,0.6653972848375025f,-0.0868857783817974f,-0.7414157503357134f,0.01151469075120648f,0f,0f,0f,1f],start_interpolation:0}
execute if entity @s[tag=aj.tultaria.bone.skirt_right] run data modify entity @s {} merge value {transformation:[-0.7441272743238557f,-0.13010033783387068f,-0.6552469013302252f,-0.13621321573452427f,0.05933846086838489f,0.9641034493978997f,-0.2588116804181035f,0.8367047913509644f,0.6653972848375025f,-0.23147017292641417f,-0.7096957181611677f,0.24637716244310776f,0f,0f,0f,1f],start_interpolation:0}
execute if entity @s[tag=aj.tultaria.bone.skirt_left_back] run data modify entity @s {} merge value {transformation:[-0.7465201044204491f,0.022606705623478135f,-0.6649786993257266f,0.045399559816010654f,-0.04162944115469243f,0.9958776124055335f,0.08059014045528054f,0.8573959395667338f,0.664059276966469f,0.08784485170063897f,-0.7425015546815126f,-0.3004117005230755f,0f,0f,0f,1f],start_interpolation:0}
execute if entity @s[tag=aj.tultaria.bone.skirt_left] run data modify entity @s {} merge value {transformation:[-0.7465201044204491f,-0.12498072132576098f,-0.6535193593100164f,0.26034192796795186f,-0.04162944115469243f,0.9890490104806048f,-0.14159464854465548f,0.8367047913509644f,0.664059276966469f,-0.0784976061050844f,-0.7435478481648249f,-0.10713462025035286f,0f,0f,0f,1f],start_interpolation:0}
execute if entity @s[tag=aj.tultaria.bone.skirt_back_middle] run data modify entity @s {} merge value {transformation:[-0.7464567410870139f,0.10375265801397074f,-0.6572957626828205f,-0.08238449284368055f,0f,0.9877701140955714f,0.15591729121435466f,0.9047959309156285f,0.6654339438935729f,0.11638551307898208f,-0.7373276603109281f,-0.09241557424073296f,0f,0f,0f,1f],start_interpolation:0}
execute if entity @s[tag=aj.tultaria.bone.skirt_front_middle] run data modify entity @s {} merge value {transformation:[-0.7464567410870139f,-0.04097153537110097f,-0.6641714138496849f,0.1254951776869241f,0f,0.9981026966606171f,-0.06157115330091098f,0.8967792042305862f,0.6654339438935729f,-0.045960202437966946f,-0.7450404862194446f,0.140775387576711f,0f,0f,0f,1f],start_interpolation:0}
execute if entity @s[tag=aj.tultaria.bone.lower] run data modify entity @s {} merge value {transformation:[-0.7464567410870139f,0f,-0.6654339438935729f,0f,0f,1f,0f,0.9023236206165048f,0.6654339438935729f,0f,-0.7464567410870139f,0f,0f,0f,0f,1f],start_interpolation:0}