execute if entity @s[tag=aj.tultaria.bone.head] run data modify entity @s {} merge value {transformation:[-0.9443445035650778f,0.05926501124598192f,-0.32357551982256066f,0f,6.938893903907228e-18f,0.9836373672188924f,0.18015973415468237f,1.722960855900573f,0.3289581410854986f,0.1701328547127199f,-0.9288925412343851f,0f,0f,0f,0f,1f],start_interpolation:0}
execute if entity @s[tag=aj.tultaria.bone.bust] run data modify entity @s {} merge value {transformation:[-0.586018853585894f,-0.4051487082670616f,-0.7017381473394517f,0.05824012681339019f,0f,0.8660254037844387f,-0.49999999999999994f,1.613585855900573f,0.8102974165341233f,-0.29300942679294695f,-0.5075072143020177f,0.04212010510148617f,0f,0f,0f,1f],start_interpolation:0}
execute if entity @s[tag=aj.tultaria.bone.left_wing] run data modify entity @s {} merge value {transformation:[-0.23132342789789279f,0f,-0.9728769047035541f,-0.06466099871764708f,0f,1f,0f,1.504210855900573f,0.9728769047035541f,0f,-0.23132342789789279f,-0.12389594523161945f,0f,0f,0f,1f],start_interpolation:0}
execute if entity @s[tag=aj.tultaria.bone.right_wing] run data modify entity @s {} merge value {transformation:[-0.851498221089579f,0f,-0.5243574920617444f,-0.1379133554158838f,0f,1f,0f,1.504210855900573f,0.5243574920617444f,0f,-0.851498221089579f,-0.022608768164854076f,0f,0f,0f,1f],start_interpolation:0}
execute if entity @s[tag=aj.tultaria.bone.body] run data modify entity @s {} merge value {transformation:[-0.586018853585894f,0f,-0.8102974165341233f,0.6981581350600087f,0f,1f,0f,0.4417108559005729f,0.8102974165341233f,0f,-0.586018853585894f,-0.11213928147411467f,0f,0f,0f,1f],start_interpolation:0}
execute if entity @s[tag=aj.tultaria.bone.right_ring] run data modify entity @s {} merge value {transformation:[-0.7258088552944587f,0.682532225035674f,-0.08573953209575874f,-0.5633592525089054f,0.5528777735123667f,0.504638426074385f,-0.6630733190870944f,1.3667324045334588f,-0.40930144530914614f,-0.5286679683099964f,-0.7436279352948116f,0.5086918924058019f,0f,0f,0f,1f],start_interpolation:0}
execute if entity @s[tag=aj.tultaria.bone.sword] run data modify entity @s {} merge value {transformation:[-0.000001427441302500461f,0.00000682532225035674f,-0.000007167802139198668f,-0.728323621648271f,0.000008014688287267414f,0.0000050463842607438505f,0.0000032091708509917774f,1.2864029791820724f,0.000005807510911384871f,-0.000005286679683099964f,-0.000006190624761883386f,0.6328136308812486f,0f,0f,0f,1f],start_interpolation:0}
execute if entity @s[tag=aj.tultaria.bone.right_hand] run data modify entity @s {} merge value {transformation:[-0.1427441302500461f,0.682532225035674f,-0.7167802139198667f,-0.5239117374020689f,0.8014688287267413f,0.504638426074385f,0.3209170850991777f,1.4756681353356293f,0.580751091138487f,-0.5286679683099964f,-0.6190624761883385f,0.36805041521470827f,0f,0f,0f,1f],start_interpolation:0}
execute if entity @s[tag=aj.tultaria.bone.right_arm] run data modify entity @s {} merge value {transformation:[-0.1427441302500461f,0.7677194764653451f,-0.6246846554341913f,-0.20144398092015106f,0.8014688287267413f,0.4599899221558046f,0.3821740285452196f,1.597960855900573f,0.580751091138487f,-0.4461121798055655f,-0.6809640909553039f,0.2785397369336049f,0f,0f,0f,1f],start_interpolation:0}
execute if entity @s[tag=aj.tultaria.bone.left_ring] run data modify entity @s {} merge value {transformation:[-0.9286807955031662f,-0.29001919725163966f,0.2311727606988354f,0.3126145016354496f,0.05654449737665593f,0.5053044188759409f,0.8610866182219237f,1.38360206500482f,-0.3665442672857234f,0.8127461531683567f,-0.4528675199547986f,-0.7211590647497831f,0f,0f,0f,1f],start_interpolation:0}
execute if entity @s[tag=aj.tultaria.bone.left_hand] run data modify entity @s {} merge value {transformation:[-0.5068365086126914f,-0.29001919725163966f,-0.8117916104289399f,0.1911935385871678f,-0.8014688287267413f,0.5053044188759409f,0.31986741135012975f,1.4925434502682604f,0.31743419808943496f,0.8127461531683567f,-0.4885480737791882f,-0.6399688602340262f,0f,0f,0f,1f],start_interpolation:0}
execute if entity @s[tag=aj.tultaria.bone.left_arm] run data modify entity @s {} merge value {transformation:[-0.5068365086126914f,-0.18325039378776176f,-0.8423396267028683f,0.20144398092015106f,-0.8014688287267413f,0.4599899221558046f,0.3821740285452196f,1.629210855900573f,0.31743419808943496f,0.8688087043139744f,-0.3800091646152632f,-0.2785397369336049f,0f,0f,0f,1f],start_interpolation:0}
execute if entity @s[tag=aj.tultaria.bone.leftfoot] run data modify entity @s {} merge value {transformation:[-0.5657164714368905f,0.04798243571845762f,-0.8232026237856133f,0.3220208104409167f,-0.2609385557193025f,0.9365875483724446f,0.2339120227196926f,0.6040554812586583f,0.7822249958190536f,0.3471331878346085f,-0.5173225355807187f,-0.03401100160896607f,0f,0f,0f,1f],start_interpolation:0}
execute if entity @s[tag=aj.tultaria.bone.leftleg] run data modify entity @s {} merge value {transformation:[-0.5657164714368905f,-0.3590550765768585f,-0.7423235992000929f,0.0555271007115528f,-0.2609385557193025f,0.9319110701391244f,-0.25189844678218304f,0.9417108559005729f,0.7822249958190536f,0.05119774737757668f,-0.620888755397731f,-0.11410633948895685f,0f,0f,0f,1f],start_interpolation:0}
execute if entity @s[tag=aj.tultaria.bone.rightfoot] run data modify entity @s {} merge value {transformation:[-0.5657164714368905f,-0.10093474041500385f,-0.8183990787643579f,0.10876191061985992f,0.2609385557193024f,0.9195658955697246f,-0.29378501296726284f,0.639419460161103f,0.7822249958190536f,-0.3797508945116602f,-0.49387580830961486f,0.33376242426668934f,0f,0f,0f,1f],start_interpolation:0}
execute if entity @s[tag=aj.tultaria.bone.rightleg] run data modify entity @s {} merge value {transformation:[-0.5657164714368905f,-0.16881243800165094f,-0.8071352022560612f,-0.0909776126849207f,0.2609385557193024f,0.8918721061052733f,-0.3694255222510602f,0.9417108559005729f,0.7822249958190536f,-0.4196027968535039f,-0.4604970670792581f,0.08846801464457399f,0f,0f,0f,1f],start_interpolation:0}
execute if entity @s[tag=aj.tultaria.bone.skirt_right_back] run data modify entity @s {} merge value {transformation:[-0.6079190036369059f,-0.17663104205635924f,-0.7741033264359455f,-0.28887279763905105f,0.21963811591531954f,0.8994894143807044f,-0.37772727126092714f,0.9136036294955354f,0.7630161093019466f,-0.3996501825336028f,-0.5080217992828434f,0.08414480117682718f,0f,0f,0f,1f],start_interpolation:0}
execute if entity @s[tag=aj.tultaria.bone.skirt_right] run data modify entity @s {} merge value {transformation:[-0.6079190036369059f,-0.227211163269622f,-0.7607953550743962f,-0.07969587518367904f,0.21963811591531954f,0.8726701885706676f,-0.4361259451319126f,0.9885858559005729f,0.7630161093019466f,-0.43222890841046313f,-0.48060855972404315f,0.2701745187905541f,0f,0f,0f,1f],start_interpolation:0}
execute if entity @s[tag=aj.tultaria.bone.skirt_left_back] run data modify entity @s {} merge value {transformation:[-0.5064317706224616f,-0.41569753305039203f,-0.7554617281636554f,-0.012521899551135723f,-0.3030520713092607f,0.9060352270759744f,-0.2953973753650396f,0.9103706795872684f,0.8072708986327732f,0.07934562567152448f,-0.5848230227234809f,-0.29692325729170477f,0f,0f,0f,1f],start_interpolation:0}
execute if entity @s[tag=aj.tultaria.bone.skirt_left] run data modify entity @s {} merge value {transformation:[-0.5064317706224616f,-0.4805232976007423f,-0.715977808432012f,0.23470555800236595f,-0.3030520713092607f,0.876547291261701f,-0.37393086026288513f,0.9702249055607629f,0.8072708986327732f,0.02760809020347313f,-0.589534977398247f,-0.15806926611843902f,0f,0f,0f,1f],start_interpolation:0}
execute if entity @s[tag=aj.tultaria.bone.skirt_back_middle] run data modify entity @s {} merge value {transformation:[-0.586018853585894f,-0.05923360399357573f,-0.8081294966772384f,-0.10479344800687582f,0f,0.9973245381107622f,-0.07310106484966347f,0.9870978062878294f,0.8102974165341233f,-0.042838602219107874f,-0.5844509824767502f,-0.07578814273773044f,0f,0f,0f,1f],start_interpolation:0}
execute if entity @s[tag=aj.tultaria.bone.skirt_front_middle] run data modify entity @s {} merge value {transformation:[-0.586018853585894f,-0.23274076733906618f,-0.7761531024612973f,0.14317039575078044f,0f,0.9578619981057436f,-0.2872288157286319f,1.0504267592482581f,0.8102974165341233f,-0.16832150131012688f,-0.5613251900234216f,0.10354290841031932f,0f,0f,0f,1f],start_interpolation:0}
execute if entity @s[tag=aj.tultaria.bone.lower] run data modify entity @s {} merge value {transformation:[-0.586018853585894f,0f,-0.8102974165341233f,0f,0f,1f,0f,1.035460855900573f,0.8102974165341233f,0f,-0.586018853585894f,0f,0f,0f,0f,1f],start_interpolation:0}