execute if entity @s[tag=aj.axia.bone.wing_right_1] run data modify entity @s {} merge value {transformation:[0.6835018689857559f,-0.07826836876595157f,-0.4400496585479187f,-0.3023072428422679f,-0.07659917104827442f,0.771639196011596f,-0.25622248655756047f,1.1291148299129818f,0.44034328260135863f,0.2557175357181025f,0.6384753557018196f,0.23491491200377224f,0f,0f,0f,1f],start_interpolation:0}
execute if entity @s[tag=aj.axia.bone.wing_right_2] run data modify entity @s {} merge value {transformation:[0.5892454326702172f,-0.3270616018259572f,-0.43106905327143064f,-0.3023072428422679f,0.21994298423346023f,0.7270676506497824f,-0.2509934562196511f,1.1291148299129818f,0.4943833570861466f,0.06635766715041319f,0.6254452464017825f,0.23491491200377224f,0f,0f,0f,1f],start_interpolation:0}
execute if entity @s[tag=aj.axia.bone.wing_left_1] run data modify entity @s {} merge value {transformation:[0.37151087391776694f,-0.26429558033108574f,-0.6775484936318255f,-0.2655315353371244f,0.07989414908366503f,0.7710582024831149f,-0.25696423441823424f,1.129229686486308f,0.722870002107916f,0.050611649305340047f,0.37661899242011015f,0.2754622815140544f,0f,0f,0f,1f],start_interpolation:0}
execute if entity @s[tag=aj.axia.bone.wing_left_2] run data modify entity @s {} merge value {transformation:[0.43530399904460015f,-0.099924461200925f,-0.663720973353625f,-0.2655315353371244f,-0.21674314812116696f,0.7277770372372099f,-0.25172006636888256f,1.129229686486308f,0.6352423444310875f,0.3167896559610707f,0.3689328905339855f,0.2754622815140544f,0f,0f,0f,1f],start_interpolation:0}
execute if entity @s[tag=aj.axia.bone.blade] run data modify entity @s {} merge value {transformation:[1.9318202185734472f,-0.44286864443190727f,-0.26821261508341976f,0.24568076831969454f,0.31452788678149934f,0.1808348230553044f,1.9668174737904178f,1.5948384405657354f,-0.4112698038363696f,-1.9419490545711038f,0.24431745312767128f,-0.2885507475156f,0f,0f,0f,1f],start_interpolation:0}
execute if entity @s[tag=aj.axia.bone.arm_right_2] run data modify entity @s {} merge value {transformation:[-0.22143432221595344f,-0.286783599090117f,0.9320525780435786f,0.32033158220759217f,0.09041741152765186f,0.945624420950545f,0.3124406282713336f,1.5555524066476591f,-0.9709745272855519f,0.1534588602683642f,-0.18346347202572494f,0.06249423002948307f,0f,0f,0f,1f],start_interpolation:0}
execute if entity @s[tag=aj.axia.bone.arm_right_1] run data modify entity @s {} merge value {transformation:[0.5549411955409413f,-0.286783599090117f,0.7808939984303315f,0.11540228707391273f,0.2945549962524701f,0.945624420950545f,0.13795582149606356f,1.4556723730142753f,-0.7779959020935125f,0.1534588602683642f,0.6092394886502651f,0.29499066646370625f,0f,0f,0f,1f],start_interpolation:0}
execute if entity @s[tag=aj.axia.bone.arm_left_2] run data modify entity @s {} merge value {transformation:[-0.4500594920825469f,-0.8421274364751057f,-0.2970990311701911f,-0.5467597838234983f,0.8269382288030782f,-0.26744248645705715f,-0.49461872405085344f,1.2877238694738313f,0.3370750944973943f,-0.468290398335833f,0.8167524003613574f,-0.35950042104635394f,0f,0f,0f,1f],start_interpolation:0}
execute if entity @s[tag=aj.axia.bone.arm_left_1] run data modify entity @s {} merge value {transformation:[0.6116895550782733f,-0.7331903258267103f,-0.2970990311701911f,-0.30888921503153444f,0.5582195546665185f,0.6661405606973796f,-0.49461872405085344f,1.4468711606887876f,0.5605593786531964f,0.13670661837637157f,0.8167524003613574f,-0.17659511757520183f,0f,0f,0f,1f],start_interpolation:0}
execute if entity @s[tag=aj.axia.bone.ear_edge_a1] run data modify entity @s {} merge value {transformation:[-0.6159651859606173f,-0.2608551965128257f,-0.7433313232581797f,-0.25407964614766815f,-0.24611830236388949f,0.9600754670776965f,-0.13296946550640748f,2.0984727491711297f,0.7483399434254584f,0.10104288182646852f,-0.6555743017432752f,0.019397885393245853f,0f,0f,0f,1f],start_interpolation:0}
execute if entity @s[tag=aj.axia.bone.ear_edge_a2] run data modify entity @s {} merge value {transformation:[-0.5675748892663695f,-0.3540018205285269f,-0.7433313232581797f,-0.32302317840140593f,-0.39327706974243165f,0.9097539599571671f,-0.13296946550640748f,2.062341064054102f,0.7233200477583035f,0.21686503499813353f,-0.6555743017432752f,0.10489894571405f,0f,0f,0f,1f],start_interpolation:0}
execute if entity @s[tag=aj.axia.bone.ear_edge_b1] run data modify entity @s {} merge value {transformation:[-0.5766710320294338f,0.17066016979091536f,-0.7989528316897332f,-0.37893305421472f,-0.1687781046978356f,0.9319562889513305f,0.3208916123220904f,2.0411094483830734f,0.7993525331120892f,0.3198946419229307f,-0.5086284949511632f,0.08042601525519925f,0f,0f,0f,1f],start_interpolation:0}
execute if entity @s[tag=aj.axia.bone.ear_edge_b2] run data modify entity @s {} merge value {transformation:[-0.601183635498551f,-0.015893682509147272f,-0.7989528316897332f,-0.3611836578848413f,-0.4485078475813924f,0.8341877988793865f,0.3208916123220904f,2.0610742322550655f,0.6613765546696158f,0.5512514009570065f,-0.5086284949511632f,0.06514099121630654f,0f,0f,0f,1f],start_interpolation:0}
execute if entity @s[tag=aj.axia.bone.ear_right_2] run data modify entity @s {} merge value {transformation:[-0.5962683870593537f,0.07834783550675134f,-0.7989528316897332f,-0.3486998893684071f,-0.3124902496607779f,0.8940796480226323f,0.3208916123220904f,2.18402830311055f,0.7394686298015493f,0.4410024939420783f,-0.5086284949511632f,0.06166298676798496f,0f,0f,0f,1f],start_interpolation:0}
execute if entity @s[tag=aj.axia.bone.ear_right_1] run data modify entity @s {} merge value {transformation:[-0.5962683870593537f,-0.3031873256864139f,-0.7433313232581797f,-0.2804827410889641f,-0.3124902496607779f,0.9405684265963242f,-0.13296946550640748f,1.9724004071263777f,0.7394686298015493f,0.15299830205997494f,-0.6555743017432752f,0.027238368804490654f,0f,0f,0f,1f],start_interpolation:0}
execute if entity @s[tag=aj.axia.bone.ear_edge_a3] run data modify entity @s {} merge value {transformation:[-0.4771524296783902f,-0.569199642787673f,-0.6695799619928853f,-0.4889740512459533f,-0.5225431337923917f,0.7963492506911092f,-0.3045924231659994f,1.9467666264411947f,0.7065933994727341f,0.2045473968890678f,-0.6774113449356088f,0.2921795667541248f,0f,0f,0f,1f],start_interpolation:0}
execute if entity @s[tag=aj.axia.bone.ear_edge_a4] run data modify entity @s {} merge value {transformation:[-0.5603203331005676f,-0.4875487655729166f,-0.6695799619928853f,-0.4293467624949931f,-0.3915332916877381f,0.8682886255445417f,-0.3045924231659994f,2.000615470151267f,0.7298923248084153f,0.09149351855894312f,-0.6774113449356088f,0.2090289257926879f,0f,0f,0f,1f],start_interpolation:0}
execute if entity @s[tag=aj.axia.bone.ear_edge_b3] run data modify entity @s {} merge value {transformation:[-0.46180558612421363f,-0.3808334514179087f,-0.8010627209561024f,-0.4387238496479491f,-0.5983075725094791f,0.8004737577539415f,-0.035634419107071824f,1.9907027115547595f,0.6548004652581468f,0.4628257182011467f,-0.5975187907248661f,0.165466811239763f,0f,0f,0f,1f],start_interpolation:0}
execute if entity @s[tag=aj.axia.bone.ear_edge_b4] run data modify entity @s {} merge value {transformation:[-0.5568872204595359f,-0.21948836138451044f,-0.8010627209561024f,-0.45702656537273567f,-0.3216643208867325f,0.9461829912038043f,-0.035634419107071824f,1.988657025697335f,0.7657732617148035f,0.23782894351479533f,-0.5975187907248661f,0.19012632038877844f,0f,0f,0f,1f],start_interpolation:0}
execute if entity @s[tag=aj.axia.bone.ear_left_2] run data modify entity @s {} merge value {transformation:[-0.5156954702785748f,-0.3039024498561416f,-0.8010627209561024f,-0.5402781051972478f,-0.4657197293844113f,0.8842145225209841f,-0.035634419107071824f,2.0616961141089143f,0.7191406785854001f,0.35469420510409094f,-0.5975187907248661f,0.24508191348086664f,0f,0f,0f,1f],start_interpolation:0}
execute if entity @s[tag=aj.axia.bone.ear_left_1] run data modify entity @s {} merge value {transformation:[-0.5156954702785748f,-0.5345286301329101f,-0.6695799619928853f,-0.4200091634173433f,-0.4657197293844113f,0.830860150333361f,-0.3045924231659994f,1.8747525802839085f,0.7191406785854001f,0.15475966579267025f,-0.6774113449356088f,0.2102609886775159f,0f,0f,0f,1f],start_interpolation:0}
execute if entity @s[tag=aj.axia.bone.head] run data modify entity @s {} merge value {transformation:[-0.5581056893135167f,-0.46223527125493924f,-0.6890983917872372f,-0.09181605099164611f,-0.3905913073698768f,0.8790555555660768f,-0.27331256984541746f,1.4816015392851978f,0.7320904794921009f,0.11661854156303113f,-0.6711509856960179f,0.07995614449295035f,0f,0f,0f,1f],start_interpolation:0}
execute if entity @s[tag=aj.axia.bone.body_1] run data modify entity @s {} merge value {transformation:[0.6718153271746037f,-0.2397161024787492f,-0.7008568729674254f,-0.0019225125621151601f,0.002098189582797779f,0.9467970235391718f,-0.32182447672269954f,1.1265526554580083f,0.7407157104947583f,0.2147360855323635f,0.6365757219659594f,-0.0005698875816859696f,0f,0f,0f,1f],start_interpolation:0}
execute if entity @s[tag=aj.axia.bone.leg_left_2] run data modify entity @s {} merge value {transformation:[0.4584594615653086f,0.017189744080249703f,-0.8885490615603072f,0.07593165665480571f,0.001780536737730344f,0.9997931485170957f,0.0202605495285319f,0.4454342611832524f,0.8887135375306109f,-0.01087073487525192f,0.4583340215749852f,-0.19689335870006117f,0f,0f,0f,1f],start_interpolation:0}
execute if entity @s[tag=aj.axia.bone.leg_left_1] run data modify entity @s {} merge value {transformation:[0.4584594615653086f,-0.30386734097429824f,-0.8351524179396577f,-0.03887471088099159f,0.001780536737730344f,0.9400421377820175f,-0.3410536744900131f,0.7878084053905483f,0.8887135375306109f,0.15487226440981555f,0.4315122593002465f,-0.13835429801749727f,0f,0f,0f,1f],start_interpolation:0}
execute if entity @s[tag=aj.axia.bone.leg_right_2] run data modify entity @s {} merge value {transformation:[0.5417167824428673f,0.3472830668647858f,-0.7654654787047787f,0.36179297815775374f,-0.028737967266857237f,0.9177797365013504f,0.3960485885656976f,0.8498002273317901f,0.8400696738111164f,-0.19254824521792152f,0.5071568952566681f,-0.09854287676568917f,0f,0f,0f,1f],start_interpolation:0}
execute if entity @s[tag=aj.axia.bone.leg_right_1] run data modify entity @s {} merge value {transformation:[0.5417167824428673f,-0.82337664241615f,0.16909710921022408f,0.08174817583704709f,-0.028737967266857237f,-0.21919623346461747f,-0.9752574739381872f,0.8584982340597802f,0.8400696738111164f,0.5234538336457497f,-0.14240444931409824f,0.08234084874280219f,0f,0f,0f,1f],start_interpolation:0}
execute if entity @s[tag=aj.axia.bone.coat_downer] run data modify entity @s {} merge value {transformation:[0.5123006184713613f,0.2245379628437179f,-0.8289335193824976f,0.01779251217603176f,-0.036947090230434944f,0.9700848171692309f,0.23993824209834472f,0.9025562442954943f,0.8580110656846823f,-0.09229382828625608f,0.5052710761788194f,-0.01415576066408644f,0f,0f,0f,1f],start_interpolation:0}
execute if entity @s[tag=aj.axia.bone.body_2] run data modify entity @s {} merge value {transformation:[0.5123006184713613f,-0.06741943401036796f,-0.8561557663367f,-0.0012738661924673407f,-0.036947090230434944f,0.9942606167813391f,-0.10040288064141893f,1.125f,0.8580110656846823f,0.08306892219905443f,0.5068693769871313f,-0.0022982598108967998f,0f,0f,0f,1f],start_interpolation:0}