execute if entity @s[tag=aj.axia.bone.wing_right_1] run data modify entity @s {} merge value {transformation:[0.7554704326092546f,-0.015487218876564835f,-0.30978866336439603f,-0.24997579714303575f,-0.08730173074731884f,0.7720570921028963f,-0.25149691605780583f,1.1346385631979352f,0.2976361498644818f,0.26576763728778885f,0.7125480543154673f,0.29056014918535933f,0f,0f,0f,1f],start_interpolation:0}
execute if entity @s[tag=aj.axia.bone.wing_right_2] run data modify entity @s {} merge value {transformation:[0.6779137645985284f,-0.29722221329322074f,-0.3034664457447145f,-0.24997579714303575f,0.21041355996488567f,0.7314579637203372f,-0.24636432593417718f,1.1346385631979352f,0.36899737336565686f,0.12895039059722596f,0.6980062572886211f,0.29056014918535933f,0f,0f,0f,1f],start_interpolation:0}
execute if entity @s[tag=aj.axia.bone.wing_left_1] run data modify entity @s {} merge value {transformation:[0.5072804818350105f,-0.23814427500737526f,-0.5940524063370968f,-0.20595873801856462f,0.07291254769183915f,0.7745942933059304f,-0.2482577000042818f,1.1341369840550806f,0.6358417394153743f,0.10117029951296111f,0.5024084965027295f,0.3230993863174117f,0f,0f,0f,1f],start_interpolation:0}
execute if entity @s[tag=aj.axia.bone.wing_left_2] run data modify entity @s {} merge value {transformation:[0.5483754347439166f,-0.025360442942316486f,-0.5819288878404214f,-0.20595873801856462f,-0.22438725783867558f,0.728360069484333f,-0.24319121633072505f,1.1341369840550806f,0.537526502685272f,0.32992189547610695f,0.49215526188022485f,0.3230993863174117f,0f,0f,0f,1f],start_interpolation:0}
execute if entity @s[tag=aj.axia.bone.blade] run data modify entity @s {} merge value {transformation:[1.7606633896879358f,-0.9452109001562023f,-0.08149099605777012f,0.14706774357465682f,0.2110098331671031f,0.2226633932553436f,1.9763339453672313f,1.6238631820043061f,-0.9249536629039196f,-1.7484271124441861f,0.2957420395390294f,-0.31718374693648266f,0f,0f,0f,1f],start_interpolation:0}
execute if entity @s[tag=aj.axia.bone.arm_right_2] run data modify entity @s {} merge value {transformation:[-0.47260545007810095f,-0.27999703452554886f,0.8356110035257878f,0.31302871656493314f,0.11133169662767152f,0.9216192628547856f,0.37178379155230246f,1.5767195729557923f,-0.8742135562220935f,0.26873703688159584f,-0.4043897416176877f,-0.00003528279899511766f,0f,0f,0f,1f],start_interpolation:0}
execute if entity @s[tag=aj.axia.bone.arm_right_1] run data modify entity @s {} merge value {transformation:[0.33338595763257134f,-0.27999703452554886f,0.9002529999451888f,0.1756986696734439f,0.35586067629707535f,0.9216192628547856f,0.15485836561319488f,1.4568961280252422f,-0.873050389335462f,0.26873703688159584f,0.4068948545869043f,0.2678086658579851f,0f,0f,0f,1f],start_interpolation:0}
execute if entity @s[tag=aj.axia.bone.arm_left_2] run data modify entity @s {} merge value {transformation:[-0.41530361578151936f,-0.8614810357532485f,-0.2921871519357167f,-0.5311891700035026f,0.7980513001180675f,-0.1908696372151793f,-0.5715618111536214f,1.2628168943577545f,0.4366200053807178f,-0.4705520232948268f,0.7667749110883104f,-0.32953472338137235f,0f,0f,0f,1f],start_interpolation:0}
execute if entity @s[tag=aj.axia.bone.arm_left_1] run data modify entity @s {} merge value {transformation:[0.5016480799198197f,-0.8142333032715207f,-0.2921871519357167f,-0.3326509785756184f,0.5910137373983977f,0.5692274222463021f,-0.5715618111536214f,1.4534355715950233f,0.6317056008293228f,0.11403626443538761f,0.7667749110883104f,-0.11179068573641415f,0f,0f,0f,1f],start_interpolation:0}
execute if entity @s[tag=aj.axia.bone.ear_edge_a1] run data modify entity @s {} merge value {transformation:[-0.4658581961984133f,0.0675712130200706f,-0.8822756214504383f,-0.04667799284457709f,-0.2140170476710364f,0.9588721832340786f,0.18644259042955905f,2.122532079388865f,0.858587703348315f,0.2756778326070253f,-0.43223707414815615f,0.15514886478793524f,0f,0f,0f,1f],start_interpolation:0}
execute if entity @s[tag=aj.axia.bone.ear_edge_a2] run data modify entity @s {} merge value {transformation:[-0.47069317531676924f,-0.006136978447111606f,-0.8822756214504383f,-0.10095663655692953f,-0.36138279969945786f,0.9135872331393959f,0.18644259042955905f,2.090112765509474f,0.8048915497081574f,0.4065964890899111f,-0.43223707414815615f,0.25195773602057103f,0f,0f,0f,1f],start_interpolation:0}
execute if entity @s[tag=aj.axia.bone.ear_edge_b1] run data modify entity @s {} merge value {transformation:[-0.39482210602043033f,0.50804487263905f,-0.7655102298354762f,-0.16446621490666813f,-0.1599472053114974f,0.7824699329823963f,0.601795393378485f,2.0887329815334295f,0.9047278022204436f,0.36004334650663283f,-0.22767606928632317f,0.24201393089078024f,0f,0f,0f,1f],start_interpolation:0}
execute if entity @s[tag=aj.axia.bone.ear_edge_b2] run data modify entity @s {} merge value {transformation:[-0.5324926362586284f,0.36117264617848965f,-0.7655102298354762f,-0.14576297391793905f,-0.393915338753685f,0.6947467239239087f,0.601795393378485f,2.105966450262365f,0.7491877589929684f,0.6219978370134605f,-0.22767606928632317f,0.2246800923924467f,0f,0f,0f,1f],start_interpolation:0}
execute if entity @s[tag=aj.axia.bone.ear_right_2] run data modify entity @s {} merge value {transformation:[-0.4694369185933183f,0.440026212263368f,-0.7655102298354762f,-0.09881895088962796f,-0.28038325517310914f,0.7478151741753876f,0.601795393378485f,2.2201459049033234f,0.8372659133633363f,0.49714122520083526f,-0.22767606928632317f,0.23138496905505387f,0f,0f,0f,1f],start_interpolation:0}
execute if entity @s[tag=aj.axia.bone.ear_right_1] run data modify entity @s {} merge value {transformation:[-0.4694369185933183f,0.034909987909670814f,-0.8822756214504383f,-0.10667369816930387f,-0.28038325517310914f,0.941607344221808f,0.18644259042955905f,2.008284252453417f,0.8372659133633363f,0.3348983458479596f,-0.43223707414815615f,0.1560328412392631f,0f,0f,0f,1f],start_interpolation:0}
execute if entity @s[tag=aj.axia.bone.ear_edge_a3] run data modify entity @s {} merge value {transformation:[-0.4307447346419871f,-0.2395230433823406f,-0.8701078584101316f,-0.24445053414562484f,-0.5040499535856495f,0.8635939050023347f,0.011798793714742031f,1.988301257258932f,0.7485937602388288f,0.4436600939138875f,-0.4927201063482302f,0.4641623544072916f,0f,0f,0f,1f],start_interpolation:0}
execute if entity @s[tag=aj.axia.bone.ear_edge_a4] run data modify entity @s {} merge value {transformation:[-0.46291121133496166f,-0.16919079511998575f,-0.8701078584101316f,-0.1928351011294949f,-0.36274841169302213f,0.9318124158225553f,0.011798793714742031f,2.039474667771041f,0.8087810582812809f,0.3210920375306745f,-0.4927201063482302f,0.3742386658924371f,0f,0f,0f,1f],start_interpolation:0}
execute if entity @s[tag=aj.axia.bone.ear_edge_b3] run data modify entity @s {} merge value {transformation:[-0.45097740187285007f,-0.006255803683757277f,-0.8925134441117872f,-0.2143680698284101f,-0.570255867612191f,0.7712764824119893f,0.2827380998946822f,2.0406503215342253f,0.6866058756330895f,0.6364695221284817f,-0.3513956729210824f,0.3344208133887302f,0f,0f,0f,1f],start_interpolation:0}
execute if entity @s[tag=aj.axia.bone.ear_edge_b4] run data modify entity @s {} merge value {transformation:[-0.4308381464047867f,0.13341005839967032f,-0.8925134441117872f,-0.22611855485356153f,-0.3040080184210858f,0.909746278697324f,0.2827380998946822f,2.0388400909514357f,0.8496808908867921f,0.39314560243523866f,-0.3513956729210824f,0.36280945181875746f,0f,0f,0f,1f],start_interpolation:0}
execute if entity @s[tag=aj.axia.bone.ear_left_2] run data modify entity @s {} merge value {transformation:[-0.44640374500436714f,0.06436962424771334f,-0.8925134441117872f,-0.2685918537286103f,-0.44258084767229494f,0.8509884606395185f,0.2827380998946822f,2.1193150096464652f,0.7777183871554981f,0.5212247033023187f,-0.3513956729210824f,0.4465080233415092f,0f,0f,0f,1f],start_interpolation:0}
execute if entity @s[tag=aj.axia.bone.ear_left_1] run data modify entity @s {} merge value {transformation:[-0.44640374500436714f,-0.2088923435145733f,-0.8701078584101316f,-0.22159107643783138f,-0.44258084767229494f,0.8966509810068518f,0.011798793714742031f,1.9175685389199237f,0.7777183871554981f,0.3903600992422757f,-0.4927201063482302f,0.3586770010119973f,0f,0f,0f,1f],start_interpolation:0}
execute if entity @s[tag=aj.axia.bone.head] run data modify entity @s {} merge value {transformation:[-0.45966951307411f,-0.13213801444868098f,-0.878204693615202f,-0.06896775822314354f,-0.3628628541339727f,0.9305043327368349f,0.04992229810139759f,1.4844828533433736f,0.8105766390909365f,0.3416156200988729f,-0.4756724506049349f,0.09714167990636194f,0f,0f,0f,1f],start_interpolation:0}
execute if entity @s[tag=aj.axia.bone.body_1] run data modify entity @s {} merge value {transformation:[0.8040996892536882f,-0.1793118332156114f,-0.5668076889130724f,-0.001725820767289262f,-0.009162802807090215f,0.9495766488029799f,-0.3134010706631689f,1.1283916100422562f,0.5944238662661853f,0.2571992506150803f,0.7619112892563025f,0.0006919609257068195f,0f,0f,0f,1f],start_interpolation:0}
execute if entity @s[tag=aj.axia.bone.leg_left_2] run data modify entity @s {} merge value {transformation:[0.6059426904007551f,0.019820148328351495f,-0.7952613518021205f,0.0243806995080834f,0.035969149650438015f,0.9979845337031321f,0.05227897055954944f,0.4298188672111675f,0.7946947063013057f,-0.060282934646415404f,0.6040085194491026f,-0.17530610022832374f,0f,0f,0f,1f],start_interpolation:0}
execute if entity @s[tag=aj.axia.bone.leg_left_1] run data modify entity @s {} merge value {transformation:[0.6059426904007551f,-0.23851633776563003f,-0.7589093572810695f,-0.06563040518243929f,0.035969149650438015f,0.9612320029696945f,-0.2733848143922659f,0.7847588664009906f,0.7946947063013057f,0.1383582057044001f,0.5910307358259297f,-0.12273914506542434f,0f,0f,0f,1f],start_interpolation:0}
execute if entity @s[tag=aj.axia.bone.leg_right_2] run data modify entity @s {} merge value {transformation:[0.6879018554918904f,0.39967594649764754f,-0.6058466596441902f,0.33406502568935637f,-0.03074617430420774f,0.8500226682647327f,0.5258480162573205f,0.7970219190656067f,0.725152197801585f,-0.34310435909109815f,0.5970206770256932f,-0.16134423005553683f,0f,0f,0f,1f],start_interpolation:0}
execute if entity @s[tag=aj.axia.bone.leg_right_1] run data modify entity @s {} merge value {transformation:[0.6879018554918904f,-0.7229094544609806f,0.06475305291444641f,0.09629856934589946f,-0.03074617430420774f,-0.11815995807425154f,-0.9925184618300793f,0.8412282739143833f,0.725152197801585f,0.6807643828512313f,-0.10350915449713873f,0.06608273394444629f,0f,0f,0f,1f],start_interpolation:0}
execute if entity @s[tag=aj.axia.bone.coat_downer] run data modify entity @s {} merge value {transformation:[0.6627335120536351f,0.1793107430707505f,-0.7270708008306132f,0.013834076806145705f,-0.030521524370442345f,0.9765705969048663f,0.21302184350666442f,0.9022384424649055f,0.748233071008732f,-0.11898540532472301f,0.6526788986695927f,-0.01500616234204319f,0f,0f,0f,1f],start_interpolation:0}
execute if entity @s[tag=aj.axia.bone.body_2] run data modify entity @s {} merge value {transformation:[0.6627335120536351f,-0.04354591840986363f,-0.747588151986704f,-0.0010733199014772217f,-0.030521524370442345f,0.9959076167874709f,-0.08506735786895386f,1.125f,0.748233071008732f,0.07919451884153131f,0.6586922647445463f,-0.003156707905644261f,0f,0f,0f,1f],start_interpolation:0}