execute if entity @s[tag=aj.axia.bone.wing_right_1] run data modify entity @s {} merge value {transformation:[-0.5983954218272699f,-0.28890945677254326f,0.4747617185157222f,0.06535103416046747f,0.03698193387013191f,0.6753988739829447f,0.4576168069840091f,1.2053253154831498f,-0.554526554952811f,0.3568082555861182f,-0.4818014249067789f,-0.29517163841266375f,0f,0f,0f,1f],start_interpolation:0}
execute if entity @s[tag=aj.axia.bone.wing_right_2] run data modify entity @s {} merge value {transformation:[-0.6498672442139979f,-0.03714761135480002f,0.46507270385213606f,0.06535103416046747f,0.2866587537174963f,0.5973892139413143f,0.44827768847413135f,1.2053253154831498f,-0.3681023279128178f,0.5307976846569804f,-0.4719687427658243f,-0.29517163841266375f,0f,0f,0f,1f],start_interpolation:0}
execute if entity @s[tag=aj.axia.bone.wing_left_1] run data modify entity @s {} merge value {transformation:[-0.4045224389626207f,-0.11206797848086926f,0.7005332319165083f,0.030391253676123074f,0.4420288605827071f,0.5909363468703124f,0.34978445477746384f,1.2220227070427274f,-0.5549022681807406f,0.5524304902802029f,-0.23205273241461324f,-0.3338441854238481f,0f,0f,0f,1f],start_interpolation:0}
execute if entity @s[tag=aj.axia.bone.wing_left_2] run data modify entity @s {} merge value {transformation:[-0.32409153613306335f,-0.2530690745919709f,0.6862366353467837f,0.030391253676123074f,0.17852068657178422f,0.7005170130246778f,0.3426459965166993f,1.2220227070427274f,-0.7092919290904484f,0.29194512831720043f,-0.22731696236533544f,-0.3338441854238481f,0f,0f,0f,1f],start_interpolation:0}
execute if entity @s[tag=aj.axia.bone.blade] run data modify entity @s {} merge value {transformation:[-0.3998068770337541f,-1.7792328435243288f,-0.8212703267504826f,-1.091294062781766f,0.28782571553854686f,-0.8824150287299657f,1.7715812356610166f,0.9648841564139538f,-1.9383783992170451f,0.23595382089684885f,0.4324522815906255f,-0.3641952170062801f,0f,0f,0f,1f],start_interpolation:0}
execute if entity @s[tag=aj.axia.bone.arm_right_2] run data modify entity @s {} merge value {transformation:[-0.8896164217621645f,-0.42649530526620283f,-0.16335353291854704f,-0.7670385727145641f,-0.44120751436498323f,0.894962749111983f,0.06616348668105684f,1.1194678707428634f,0.11797691044842418f,0.1309329304942411f,-0.984346492000268f,-0.40040246987531714f,0f,0f,0f,1f],start_interpolation:0}
execute if entity @s[tag=aj.axia.bone.arm_right_1] run data modify entity @s {} merge value {transformation:[-0.8738108857747796f,-0.42649530526620283f,0.23357288046214442f,-0.44405059038482503f,-0.37030720112963506f,0.894962749111983f,0.2488257512667394f,1.2549576382811085f,-0.3151620419610054f,0.1309329304942411f,-0.9399624753250306f,-0.27442527509167886f,0f,0f,0f,1f],start_interpolation:0}
execute if entity @s[tag=aj.axia.bone.arm_left_2] run data modify entity @s {} merge value {transformation:[-0.7550799649318889f,0.27637033806934547f,0.594536527720453f,0.2446242825187534f,0.5628522165399651f,0.7382941493022925f,0.37164382336055596f,0.9227345524836874f,-0.33623151085896963f,0.6152570075516729f,-0.7130267777328245f,0.3534618616052691f,0f,0f,0f,1f],start_interpolation:0}
execute if entity @s[tag=aj.axia.bone.arm_left_1] run data modify entity @s {} merge value {transformation:[-0.7841800416314705f,0.1777300748690893f,0.594536527720453f,-0.04996974088205208f,0.4640112014516661f,0.804098547123006f,0.37164382336055596f,1.1017860462970162f,-0.4120136736010666f,0.5673072774094287f,-0.7130267777328245f,0.2011484711235968f,0f,0f,0f,1f],start_interpolation:0}
execute if entity @s[tag=aj.axia.bone.ear_edge_a1] run data modify entity @s {} merge value {transformation:[-0.9398663903566085f,-0.05076926052391653f,0.3377479096366006f,-0.13111117403226388f,0.14702508776644144f,0.8324345390450845f,0.5342624465298564f,1.815519334402655f,-0.3082771348078037f,0.5517927331803599f,-0.7749128904361048f,0.1579555911126762f,0f,0f,0f,1f],start_interpolation:0}
execute if entity @s[tag=aj.axia.bone.ear_edge_a2] run data modify entity @s {} merge value {transformation:[-0.9203530133619137f,-0.19717170266483824f,0.3377479096366006f,-0.23910902160633746f,0.014993513165362071f,0.8451856794757541f,0.5342624465298564f,1.8257636219873217f,-0.39080113274989964f,0.4967740803195714f,-0.7749128904361048f,0.11794734051045909f,0f,0f,0f,1f],start_interpolation:0}
execute if entity @s[tag=aj.axia.bone.ear_edge_b1] run data modify entity @s {} merge value {transformation:[-0.9679226573430826f,-0.14044529619160825f,0.20832870224613007f,-0.2335732558718262f,0.14645802545631464f,0.3583330574875288f,0.9220344173028883f,1.8668590268276835f,-0.20414645767522585f,0.9229694137344369f,-0.3262693444523503f,0.050307429425254346f,0f,0f,0f,1f],start_interpolation:0}
execute if entity @s[tag=aj.axia.bone.ear_edge_b2] run data modify entity @s {} merge value {transformation:[-0.8771491672326297f,-0.4326759644856034f,0.20832870224613007f,-0.21093016722263988f,0.02855885506396813f,0.38605300815608007f,0.9220344173028883f,1.8690775789132894f,-0.47936805298281926f,0.8147113505101631f,-0.3262693444523503f,0.07103504839291523f,0f,0f,0f,1f],start_interpolation:0}
execute if entity @s[tag=aj.axia.bone.ear_right_2] run data modify entity @s {} merge value {transformation:[-0.9340354384784743f,-0.290132644641666f,0.20832870224613007f,-0.19091081173382943f,0.08859924397549598f,0.3768324657933465f,0.9220344173028883f,1.9348156795200888f,-0.34601730250566143f,0.879670586775151f,-0.3262693444523503f,0.1738133148974294f,0f,0f,0f,1f],start_interpolation:0}
execute if entity @s[tag=aj.axia.bone.ear_right_1] run data modify entity @s {} merge value {transformation:[-0.9340354384784743f,-0.11620735433883098f,0.3377479096366006f,-0.1647641570075925f,0.08859924397549598f,0.8406627220204917f,0.5342624465298564f,1.7456665670654785f,-0.34601730250566143f,0.5289442679552037f,-0.7749128904361048f,0.054800854607508775f,0f,0f,0f,1f],start_interpolation:0}
execute if entity @s[tag=aj.axia.bone.ear_edge_a3] run data modify entity @s {} merge value {transformation:[-0.9118399835993849f,-0.25174670566609403f,0.3243014654542007f,-0.48544991993842235f,-0.1504753899691985f,0.9398941262902369f,0.3065227371317335f,1.8351430322744622f,-0.3819751318123872f,0.23070029811723494f,-0.8949147284102144f,-0.0005972232504810396f,0f,0f,0f,1f],start_interpolation:0}
execute if entity @s[tag=aj.axia.bone.ear_edge_a4] run data modify entity @s {} merge value {transformation:[-0.93999558151609f,-0.1060040859329743f,0.3243014654542007f,-0.37824476138025925f,-0.0015909533784154717f,0.9518620070622726f,0.3065227371317335f,1.8449185640336911f,-0.3411829063677943f,0.28761407002595785f,-0.8949147284102144f,0.041600330971812656f,0f,0f,0f,1f],start_interpolation:0}
execute if entity @s[tag=aj.axia.bone.ear_edge_b3] run data modify entity @s {} merge value {transformation:[-0.8694211138098109f,-0.43764430362213147f,0.2292910603769956f,-0.3405710900603886f,-0.20266869863554265f,0.7391489533773833f,0.6423271933481368f,1.8530596358138811f,-0.4505910845268499f,0.5119827030556975f,-0.7313285077970761f,0.0039417896808883884f,0f,0f,0f,1f],start_interpolation:0}
execute if entity @s[tag=aj.axia.bone.ear_edge_b4] run data modify entity @s {} merge value {transformation:[-0.962108143004039f,-0.14755856734365594f,0.2292910603769956f,-0.3703511298852564f,0.03566020148167558f,0.7656005007285404f,0.6423271933481368f,1.860203718422656f,-0.27032623105352815f,0.6261647886041627f,-0.7313285077970761f,0.0008796112556042762f,0f,0f,0f,1f],start_interpolation:0}
execute if entity @s[tag=aj.axia.bone.ear_left_2] run data modify entity @s {} merge value {transformation:[-0.9271797496922211f,-0.29624874918193816f,0.2292910603769956f,-0.4404982603159668f,-0.08454513953927767f,0.7617531726653913f,0.6423271933481368f,1.9594980412786287f,-0.36495182030091844f,0.5761673216543501f,-0.7313285077970761f,0.02336654239706446f,0f,0f,0f,1f],start_interpolation:0}
execute if entity @s[tag=aj.axia.bone.ear_left_1] run data modify entity @s {} merge value {transformation:[-0.9271797496922211f,-0.18752672146904248f,0.3243014654542007f,-0.3983047479854323f,-0.08454513953927767f,0.948101224027031f,0.3065227371317335f,1.7461752658725471f,-0.36495182030091844f,0.2567835620391574f,-0.8949147284102144f,-0.03440975906174586f,0f,0f,0f,1f],start_interpolation:0}
execute if entity @s[tag=aj.axia.bone.head] run data modify entity @s {} merge value {transformation:[-0.9341623639113591f,-0.03933010361751177f,0.3546742460356785f,-0.27246134458115256f,0.002034795228274211f,0.9933045032733998f,0.11550767673693146f,1.2332427436433662f,-0.3568424546770186f,0.10862461381390606f,-0.927827654154509f,-0.01647995261441701f,0f,0f,0f,1f],start_interpolation:0}
execute if entity @s[tag=aj.axia.bone.body_1] run data modify entity @s {} merge value {transformation:[-0.6386421351854973f,-0.22115510011053854f,0.7370391067377675f,-0.18952818203970062f,0.30502645182260985f,0.8065912678175166f,0.5063293299514062f,0.9307710182117975f,-0.7064666211890109f,0.5481796679699353f,-0.4476650140117646f,-0.22204732810314276f,0f,0f,0f,1f],start_interpolation:0}
execute if entity @s[tag=aj.axia.bone.leg_left_2] run data modify entity @s {} merge value {transformation:[-0.7204389732583591f,-0.296095500229595f,0.6271324744854365f,-0.13491197281408057f,-0.43686638341115996f,0.8960688796798949f,-0.07879293061227838f,0.3644842410382034f,-0.5386236616188471f,-0.33073859407847106f,-0.7749171139749733f,0.08274619165073135f,0f,0f,0f,1f],start_interpolation:0}
execute if entity @s[tag=aj.axia.bone.leg_left_1] run data modify entity @s {} merge value {transformation:[-0.7204389732583591f,-0.013177904730718781f,0.6933931270479604f,-0.1336891707337372f,-0.43686638341115996f,0.7851369468522893f,-0.43898489465210394f,0.6417016666704978f,-0.5386236616188471f,-0.6191819744746881f,-0.5714002394381124f,-0.14373462811711082f,0f,0f,0f,1f],start_interpolation:0}
execute if entity @s[tag=aj.axia.bone.leg_right_2] run data modify entity @s {} merge value {transformation:[-0.3926287948674142f,0.07335686649296957f,0.9167668185418222f,-0.5036230895646207f,0.26633827171323504f,0.9631693506783301f,0.03699630974423135f,0.48544489461660223f,-0.8802877679837251f,0.2586959065238891f,-0.3977057624500988f,-0.3547666491107091f,0f,0f,0f,1f],start_interpolation:0}
execute if entity @s[tag=aj.axia.bone.leg_right_1] run data modify entity @s {} merge value {transformation:[-0.3926287948674142f,0.7910832578067902f,0.4690734576361756f,-0.22063640943409157f,0.26633827171323504f,0.5859776124787534f,-0.7653065808514303f,0.7079402808889652f,-0.8802877679837251f,-0.1755491865304281f,-0.44076743147235375f,-0.4136674817986273f,0f,0f,0f,1f],start_interpolation:0}
execute if entity @s[tag=aj.axia.bone.coat_downer] run data modify entity @s {} merge value {transformation:[-0.4716446001339849f,0.025180993519284087f,0.881429117246438f,-0.1911296222506228f,0.13570276820327906f,0.9897570104912019f,0.04433755615148234f,0.7552870423997433f,-0.8712841843316221f,0.14052394012729827f,-0.47023067996960705f,-0.2877661149050724f,0f,0f,0f,1f],start_interpolation:0}
execute if entity @s[tag=aj.axia.bone.body_2] run data modify entity @s {} merge value {transformation:[-0.4716446001339849f,0.06900412737315244f,0.8790846384563451f,-0.17202678910213728f,0.13570276820327906f,0.990737171693055f,-0.004961383638977732f,0.9755947013233222f,-0.8712841843316221f,0.11695420912098785f,-0.47663988828303466f,-0.2548272511145109f,0f,0f,0f,1f],start_interpolation:0}