execute if entity @s[tag=aj.axia.bone.wing_right_1] run data modify entity @s {} merge value {transformation:[0.3787210172248473f,-0.5372790956927573f,0.48460913000911815f,0.02302403531998879f,0.12446578109365669f,0.5872039205065901f,0.5537547015808357f,1.1500111908635668f,-0.7127573955374769f,-0.1829403550824901f,0.35419509600412247f,-0.5292649164060231f,0f,0f,0f,1f],start_interpolation:0}
execute if entity @s[tag=aj.axia.bone.wing_right_2] run data modify entity @s {} merge value {transformation:[0.14134020036066128f,-0.628223430403704f,0.4747191477640341f,0.02302403531998879f,0.3327718525206455f,0.4847752077506947f,0.5424535852220432f,1.1500111908635668f,-0.7136426570294029f,0.10162833975852129f,0.3469666246570996f,-0.5292649164060231f,0f,0f,0f,1f],start_interpolation:0}
execute if entity @s[tag=aj.axia.bone.wing_left_1] run data modify entity @s {} merge value {transformation:[0.3480094897912608f,-0.6654212917836395f,0.3210114388937928f,0.048356457834181105f,0.527548398361351f,0.47223622886418143f,0.4069767511528812f,1.1727391464395842f,-0.5172296654737082f,0.033939549696090636f,0.6310832152456813f,-0.5721398908507582f,0f,0f,0f,1f],start_interpolation:0}
execute if entity @s[tag=aj.axia.bone.wing_left_2] run data modify entity @s {} merge value {transformation:[0.5644060884699591f,-0.47176324498989275f,0.31446018503881745f,0.048356457834181105f,0.3004155298347155f,0.6251494708717327f,0.39867110317016935f,1.1727391464395842f,-0.48082873950312915f,-0.1631795935323997f,0.6182039659549532f,-0.5721398908507582f,0f,0f,0f,1f],start_interpolation:0}
execute if entity @s[tag=aj.axia.bone.blade] run data modify entity @s {} merge value {transformation:[1.5877308742607517f,0.8528025705932715f,-0.8670861817078502f,0.21410064335192988f,0.5657656629833282f,0.7443073859572544f,1.7680259414947832f,1.5815643458758124f,1.0765778585444832f,-1.6488584811314124f,0.34963670243952877f,-1.543330404454648f,0f,0f,0f,1f],start_interpolation:0}
execute if entity @s[tag=aj.axia.bone.arm_right_2] run data modify entity @s {} merge value {transformation:[0.4264012852966362f,-0.7284255103529098f,0.5362632000841376f,0.05980318879855395f,0.372153692978627f,0.6816363887084691f,0.629978938053366f,1.4395718686880312f,-0.8244292405657061f,-0.06905149857591703f,0.561736875987925f,-1.2494271130896277f,0f,0f,0f,1f],start_interpolation:0}
execute if entity @s[tag=aj.axia.bone.arm_right_1] run data modify entity @s {} merge value {transformation:[0.5840989578399344f,-0.7284255103529098f,0.3580847432066965f,-0.1683604666076704f,0.5651755657754051f,0.6816363887084691f,0.46470249992756407f,1.2188001633070136f,-0.5825847468830211f,-0.06905149857591703f,0.8098314042093371f,-1.0218549463384476f,0f,0f,0f,1f],start_interpolation:0}
execute if entity @s[tag=aj.axia.bone.arm_left_2] run data modify entity @s {} merge value {transformation:[0.13071940412453445f,-0.5562691687206582f,0.8206564746080754f,-0.5046592296740466f,0.15916443184490525f,0.828797160865842f,0.5364344785490657f,0.8888756963351278f,-0.9785597176569325f,0.06049692613304798f,0.19687813720074993f,-0.1577870760193179f,0f,0f,0f,1f],start_interpolation:0}
execute if entity @s[tag=aj.axia.bone.arm_left_1] run data modify entity @s {} merge value {transformation:[0.13071940412453445f,-0.5562691687206582f,0.8206564746080754f,-0.4573777942795983f,0.15916443184490525f,0.828797160865842f,0.5364344785490657f,0.951152349404673f,-0.9785597176569325f,0.06049692613304798f,0.19687813720074993f,-0.5245579172465018f,0f,0f,0f,1f],start_interpolation:0}
execute if entity @s[tag=aj.axia.bone.ear_edge_a1] run data modify entity @s {} merge value {transformation:[-0.7814136902895173f,-0.6041754049200964f,0.15609203925170645f,-0.5335109267032309f,-0.23429151716937843f,0.5159033168898145f,0.8239849832397181f,1.6434789833590435f,-0.5783598616869858f,0.6073021058021497f,-0.5446870869386252f,-0.5483401416262548f,0f,0f,0f,1f],start_interpolation:0}
execute if entity @s[tag=aj.axia.bone.ear_edge_a2] run data modify entity @s {} merge value {transformation:[-0.6772793348212363f,-0.7189770357294787f,0.15609203925170645f,-0.6187687617707642f,-0.31211205919867946f,0.4729004228145726f,0.8239849832397181f,1.6122939506510403f,-0.6662422720954174f,0.5093497935559126f,-0.5446870869386252f,-0.6199483528844482f,0f,0f,0f,1f],start_interpolation:0}
execute if entity @s[tag=aj.axia.bone.ear_edge_b1] run data modify entity @s {} merge value {transformation:[-0.8243361067853069f,-0.4910816893204917f,-0.28161810571086504f,-0.6223802957065501f,-0.28431952307264735f,-0.071024546614014f,0.9560951430574345f,1.6738521758794709f,-0.4895226162801737f,0.8682132734486421f,-0.08107601345532439f,-0.6777780417538708f,0f,0f,0f,1f],start_interpolation:0}
execute if entity @s[tag=aj.axia.bone.ear_edge_b2] run data modify entity @s {} merge value {transformation:[-0.6322376383491536f,-0.721780306735027f,-0.28161810571086504f,-0.6093167813515745f,-0.2484561432066656f,-0.1554079223361949f,0.9560951430574345f,1.6800048807625236f,-0.7338563303246449f,0.674449083685817f,-0.08107601345532439f,-0.6505980042204272f,0f,0f,0f,1f],start_interpolation:0}
execute if entity @s[tag=aj.axia.bone.ear_right_2] run data modify entity @s {} merge value {transformation:[-0.737365060043532f,-0.6139902366999195f,-0.28161810571086504f,-0.6495564091982342f,-0.2697083909881358f,-0.11462748907908066f,0.9560951430574345f,1.710409472553532f,-0.619314259530321f,0.7809459187322786f,-0.08107601345532439f,-0.5377176353335632f,0f,0f,0f,1f],start_interpolation:0}
execute if entity @s[tag=aj.axia.bone.ear_right_1] run data modify entity @s {} merge value {transformation:[-0.737365060043532f,-0.6572123275694415f,0.15609203925170645f,-0.5016836354951101f,-0.2697083909881358f,0.4983032522731839f,0.8239849832397181f,1.5982912407920657f,-0.619314259530321f,0.5654784038888887f,-0.5446870869386252f,-0.664950276208563f,0f,0f,0f,1f],start_interpolation:0}
execute if entity @s[tag=aj.axia.bone.ear_edge_a3] run data modify entity @s {} merge value {transformation:[-0.5930059470019736f,-0.7480670746590953f,0.297891924414336f,-0.8006151007772911f,-0.45904503906431654f,0.6180369605609111f,0.6382068375464737f,1.5381127292159715f,-0.6615297415314998f,0.24171464000265802f,-0.7098960725892579f,-0.8089311426868677f,0f,0f,0f,1f],start_interpolation:0}
execute if entity @s[tag=aj.axia.bone.ear_edge_a4] run data modify entity @s {} merge value {transformation:[-0.7027285323959336f,-0.6460905595389715f,0.297891924414336f,-0.7261822082268072f,-0.3567111515914286f,0.6822383651182672f,0.6382068375464737f,1.586075684616319f,-0.6155727122663697f,0.3422247829064588f,-0.7098960725892579f,-0.7345776623323318f,0f,0f,0f,1f],start_interpolation:0}
execute if entity @s[tag=aj.axia.bone.ear_edge_b3] run data modify entity @s {} merge value {transformation:[-0.5161299943979176f,-0.856386460867451f,-0.014562229421620165f,-0.6905908752042338f,-0.46178478328133155f,0.26391049371501096f,0.8468211530405418f,1.6230472463668424f,-0.7213630450838328f,0.44379441293240895f,-0.5316783578794226f,-0.7600389366384207f,0f,0f,0f,1f],start_interpolation:0}
execute if entity @s[tag=aj.axia.bone.ear_edge_b4] run data modify entity @s {} merge value {transformation:[-0.755506764588179f,-0.6549789844993308f,-0.014562229421620165f,-0.7182599534281574f,-0.3576305997138345f,0.39369314054401583f,0.8468211530405418f,1.6155418362039726f,-0.5489170090367265f,0.6449870083597153f,-0.5316783578794226f,-0.7712352107296299f,0f,0f,0f,1f],start_interpolation:0}
execute if entity @s[tag=aj.axia.bone.ear_left_2] run data modify entity @s {} merge value {transformation:[-0.6437439355717534f,-0.7651024028774599f,-0.014562229421620165f,-0.833579445291562f,-0.4148147494084127f,0.3329003731393567f,0.8468211530405418f,1.6583233861241367f,-0.6430571273905815f,0.5511766093320856f,-0.5316783578794226f,-0.7587132973756463f,0f,0f,0f,1f],start_interpolation:0}
execute if entity @s[tag=aj.axia.bone.ear_left_1] run data modify entity @s {} merge value {transformation:[-0.6437439355717534f,-0.7048788170907921f,0.297891924414336f,-0.6749817114461341f,-0.4148147494084127f,0.6485528168022747f,0.6382068375464737f,1.5123990023436251f,-0.6430571273905815f,0.28727181733424695f,-0.7098960725892579f,-0.8233494562758518f,0f,0f,0f,1f],start_interpolation:0}
execute if entity @s[tag=aj.axia.bone.head] run data modify entity @s {} merge value {transformation:[-0.6931923038040957f,-0.5370909679631761f,0.4806430297831742f,-0.3280936470702183f,-0.3435689537937626f,0.8324543733188237f,0.43471840348830876f,1.1151273051329385f,-0.6335967202691553f,0.13620942872922964f,-0.7615787468078578f,-0.790157862628192f,0f,0f,0f,1f],start_interpolation:0}
execute if entity @s[tag=aj.axia.bone.body_1] run data modify entity @s {} merge value {transformation:[0.46277042303311694f,-0.7284255103529098f,0.5052126398189708f,-0.05493408068787713f,0.4151922545385818f,0.6816363887084691f,0.6024842117098559f,0.8595136593672625f,-0.7832361887303981f,-0.06905149857591703f,0.6178777898642259f,-0.7642635506622231f,0f,0f,0f,1f],start_interpolation:0}
execute if entity @s[tag=aj.axia.bone.leg_left_2] run data modify entity @s {} merge value {transformation:[0.018259895443970664f,0.43114936747133265f,0.9020957815816704f,-0.41367584989186584f,-0.5315610113087524f,0.7683566333367671f,-0.3564701604115059f,0.42655133421130215f,-0.8468231618672174f,-0.47300983809690283f,0.24321230558660148f,-0.5937290612982085f,0f,0f,0f,1f],start_interpolation:0}
execute if entity @s[tag=aj.axia.bone.leg_left_1] run data modify entity @s {} merge value {transformation:[0.018259895443970664f,0.8041906125331684f,0.5940909315348133f,-0.12478299886107176f,-0.5315610113087524f,0.5110660365669608f,-0.6754660594908923f,0.5969811212661023f,-0.8468231618672174f,-0.30346163675374965f,0.43680838767581365f,-0.6944805293160732f,0f,0f,0f,1f],start_interpolation:0}
execute if entity @s[tag=aj.axia.bone.leg_right_2] run data modify entity @s {} merge value {transformation:[0.7353931705315658f,-0.011886336485768922f,0.6775364194938001f,0.010013268428919572f,0.32597755149156865f,0.882764699273727f,-0.3383269448916656f,0.4358217133208251f,-0.5940837656922576f,0.4696649877530935f,0.6530538098960861f,-1.1315766878710445f,0f,0f,0f,1f],start_interpolation:0}
execute if entity @s[tag=aj.axia.bone.leg_right_1] run data modify entity @s {} merge value {transformation:[0.7353931705315658f,0.30230819288781374f,0.6064706433525334f,0.13284915000930522f,0.32597755149156865f,0.6267998537793386f,-0.7077150409774837f,0.6659427195619794f,-0.5940837656922576f,0.7181446231888841f,0.3623986472460992f,-0.8532540671897062f,0f,0f,0f,1f],start_interpolation:0}
execute if entity @s[tag=aj.axia.bone.coat_downer] run data modify entity @s {} merge value {transformation:[0.6841232322189184f,-0.04335007912933628f,0.7280770383536486f,0.015030746057171465f,0.15212078269365997f,0.9847599056507593f,-0.0843041855151682f,0.7011561521959528f,-0.7133264824826065f,0.16843010081985915f,0.6802915775803813f,-0.7944564637963326f,0f,0f,0f,1f],start_interpolation:0}
execute if entity @s[tag=aj.axia.bone.body_2] run data modify entity @s {} merge value {transformation:[0.6841232322189184f,-0.04335007912933628f,0.7280770383536486f,9.200159078594491e-17f,0.15212078269365997f,0.9847599056507593f,-0.0843041855151682f,0.92f,-0.7133264824826065f,0.16843010081985915f,0.6802915775803813f,-0.75125f,0f,0f,0f,1f],start_interpolation:0}