execute if entity @s[tag=aj.ecual.bone.wing_right_1] run data modify entity @s {} merge value {transformation:[-0.7684300870282705f,-0.1354949571312379f,-0.24104099731409329f,0.02945497635809985f,-0.137536612927508f,0.8048805239033374f,-0.013980943815135235f,1.8759284303439832f,0.23988189989784045f,0.027439083030180254f,-0.7801590961261103f,-0.4667641749565446f,0f,0f,0f,1f],start_interpolation:0}
execute if entity @s[tag=aj.ecual.bone.wing_right_2] run data modify entity @s {} merge value {transformation:[-0.7462418006541345f,0.16543782424607834f,-0.23612179328727506f,0.02945497635809985f,0.1772543802871729f,0.7799957145425854f,-0.013695618431152884f,1.8759284303439832f,0.2273852669490379f,-0.0650923313757092f,-0.7642374819194551f,-0.4667641749565446f,0f,0f,0f,1f],start_interpolation:0}
execute if entity @s[tag=aj.ecual.bone.wing_left_1] run data modify entity @s {} merge value {transformation:[-0.7684300870282705f,0.1354949571312379f,0.24104099731409345f,-0.029454976358099738f,0.137536612927508f,0.8048805239033374f,-0.013980943815135235f,1.8759284303439832f,-0.23988189989784062f,0.02743908303018029f,-0.7801590961261103f,-0.4667641749565446f,0f,0f,0f,1f],start_interpolation:0}
execute if entity @s[tag=aj.ecual.bone.wing_left_2] run data modify entity @s {} merge value {transformation:[-0.7462418006541345f,-0.16543782424607834f,0.23612179328727523f,-0.029454976358099738f,-0.1772543802871729f,0.7799957145425854f,-0.013695618431152884f,1.8759284303439832f,-0.22738526694903807f,-0.06509233137570924f,-0.7642374819194551f,-0.4667641749565446f,0f,0f,0f,1f],start_interpolation:0}
execute if entity @s[tag=aj.ecual.bone.staff] run data modify entity @s {} merge value {transformation:[-0.9473619881443909f,0.9182435488528465f,0.837102322544406f,-0.13648254933164156f,1.1990229477300076f,0.9517376601700233f,0.31296269271421584f,1.5593807181433625f,-0.3259685325855108f,0.8321240659926973f,-1.2816865079105064f,0.22383379307549353f,0f,0f,0f,1f],start_interpolation:0}
execute if entity @s[tag=aj.ecual.bone.arm_right_2] run data modify entity @s {} merge value {transformation:[0.28671620384970997f,-0.8590563390593746f,-0.42404719639671834f,-0.23364714005646658f,-0.7381938788814555f,0.08401990864085221f,-0.6693358291126615f,1.7357852725368483f,0.6106255936594559f,0.5049384727606803f,-0.6100602618546374f,0.07627675391490013f,0f,0f,0f,1f],start_interpolation:0}
execute if entity @s[tag=aj.ecual.bone.arm_right_1] run data modify entity @s {} merge value {transformation:[0.16335630949914387f,-0.8590563390593746f,-0.48511537026641965f,-0.2984375f,-0.8898585836458889f,0.08401990864085221f,-0.4484332236395021f,2.062515383075731f,0.42598875250240226f,0.5049384727606803f,-0.7507134749473722f,-0.08337357044319432f,0f,0f,0f,1f],start_interpolation:0}
execute if entity @s[tag=aj.ecual.bone.arm_left_2] run data modify entity @s {} merge value {transformation:[-0.2766399427682058f,0.8152764281830016f,0.5087186724648216f,0.5653402987626823f,0.26666659772726353f,0.5737156094012965f,-0.7744283860925195f,2.0197946567744034f,-0.9232330516840097f,-0.07857954682018442f,-0.37611964466079795f,0.1371111326573679f,0f,0f,0f,1f],start_interpolation:0}
execute if entity @s[tag=aj.ecual.bone.arm_left_1] run data modify entity @s {} merge value {transformation:[-0.7383279905970382f,0.5303838483341707f,0.4166110316916429f,0.2984375f,0.1391677551107314f,0.7242276636464544f,-0.6753714734474927f,2.062515383075731f,-0.6599273552735779f,-0.4406668408621565f,-0.6085298851545317f,-0.08337357044319425f,0f,0f,0f,1f],start_interpolation:0}
execute if entity @s[tag=aj.ecual.bone.himo_right_2] run data modify entity @s {} merge value {transformation:[-1f,6.297012204730435e-17f,1.0503504917867257e-16f,-0.15625000000000003f,0f,0.8576762643057743f,-0.5141900676272262f,1.7668290354398952f,-1.2246467991473532e-16f,-0.5141900676272262f,-0.8576762643057743f,0.13132329411132987f,0f,0f,0f,1f],start_interpolation:0}
execute if entity @s[tag=aj.ecual.bone.himo_right_1] run data modify entity @s {} merge value {transformation:[-1f,2.708323002897762e-17f,1.194323929167295e-16f,-0.15625000000000003f,0f,0.9752394976239923f,-0.22115135603044095f,1.9483042452692034f,-1.2246467991473532e-16f,-0.22115135603044095f,-0.9752394976239923f,0.08376216799547226f,0f,0f,0f,1f],start_interpolation:0}
execute if entity @s[tag=aj.ecual.bone.himo_left_2] run data modify entity @s {} merge value {transformation:[-1f,5.501297695518055e-17f,1.0941284290771056e-16f,0.15624999999999997f,0f,0.8934236629196928f,-0.44921504709343724f,1.761792401897239f,-1.2246467991473532e-16f,-0.44921504709343724f,-0.8934236629196928f,0.10397713230391964f,0f,0f,0f,1f],start_interpolation:0}
execute if entity @s[tag=aj.ecual.bone.himo_left_1] run data modify entity @s {} merge value {transformation:[-1f,9.132512462916635e-18f,1.2212368747598989e-16f,0.15624999999999997f,0f,0.9972155854326091f,-0.07457262346396568f,1.9483042452692034f,-1.2246467991473532e-16f,-0.07457262346396568f,-0.9972155854326091f,0.08376216799547229f,0f,0f,0f,1f],start_interpolation:0}
execute if entity @s[tag=aj.ecual.bone.ponpon1] run data modify entity @s {} merge value {transformation:[-1f,-8.485844499087769e-18f,1.221703248328164e-16f,0.29375f,0f,0.9975964083511764f,0.06929217881429926f,2.638825497933248f,-1.2246467991473532e-16f,0.06929217881429926f,-0.9975964083511764f,-0.06244717883842165f,0f,0f,0f,1f],start_interpolation:0}
execute if entity @s[tag=aj.ecual.bone.ponpon2] run data modify entity @s {} merge value {transformation:[-1f,-8.485844499087769e-18f,1.221703248328164e-16f,0.33125f,0f,0.9975964083511764f,0.06929217881429926f,2.520622088653192f,-1.2246467991473532e-16f,0.06929217881429926f,-0.9975964083511764f,-0.16463336447313182f,0f,0f,0f,1f],start_interpolation:0}
execute if entity @s[tag=aj.ecual.bone.ponpon3] run data modify entity @s {} merge value {transformation:[-1f,-8.485844499087769e-18f,1.221703248328164e-16f,-0.29375f,0f,0.9975964083511764f,0.06929217881429926f,2.638825497933248f,-1.2246467991473532e-16f,0.06929217881429926f,-0.9975964083511764f,-0.06244717883842172f,0f,0f,0f,1f],start_interpolation:0}
execute if entity @s[tag=aj.ecual.bone.ponpon4] run data modify entity @s {} merge value {transformation:[-1f,-8.485844499087769e-18f,1.221703248328164e-16f,-0.33125f,0f,0.9975964083511764f,0.06929217881429926f,2.520622088653192f,-1.2246467991473532e-16f,0.06929217881429926f,-0.9975964083511764f,-0.16463336447313193f,0f,0f,0f,1f],start_interpolation:0}
execute if entity @s[tag=aj.ecual.bone.ear_edge_a1] run data modify entity @s {} merge value {transformation:[-0.9876883405951377f,0.15643446504023084f,1.221703248328164e-16f,0.19523827377799088f,0.15605846046647198f,0.9853143411480428f,0.06929217881429926f,2.7468573683038446f,0.010839684924286804f,0.06843907710931682f,-0.9975964083511764f,-0.07687108433786094f,0f,0f,0f,1f],start_interpolation:0}
execute if entity @s[tag=aj.ecual.bone.ear_edge_a2] run data modify entity @s {} merge value {transformation:[-1f,-1.3877787807814457e-17f,1.221703248328164e-16f,0.08005326181113279f,-1.3877787807814457e-17f,0.9975964083511764f,0.06929217881429926f,2.75691052914601f,-1.222980050563649e-16f,0.06929217881429926f,-0.9975964083511764f,-0.07617280053000763f,0f,0f,0f,1f],start_interpolation:0}
execute if entity @s[tag=aj.ecual.bone.ear_edge_b1] run data modify entity @s {} merge value {transformation:[-0.9702957262759965f,0.2419218955996677f,1.221703248328164e-16f,0.05771677939820301f,0.2413404141517368f,0.9679635315714303f,0.06929217881429926f,2.7526012269143103f,0.016763295248986294f,0.06723390496786676f,-0.9975964083511764f,-0.07647212091478862f,0f,0f,0f,1f],start_interpolation:0}
execute if entity @s[tag=aj.ecual.bone.ear_edge_b2] run data modify entity @s {} merge value {transformation:[-0.9975640502598243f,-0.06975647374412529f,1.221703248328164e-16f,0.08682420206637906f,-0.06958880766638254f,0.9951663136394531f,0.06929217881429926f,2.762578366626651f,-0.004833578052133023f,0.06912338654932036f,-0.9975964083511764f,-0.07577911746848974f,0f,0f,0f,1f],start_interpolation:0}
execute if entity @s[tag=aj.ecual.bone.ear_right_2] run data modify entity @s {} merge value {transformation:[-0.9961946980917455f,0.08715574274765817f,1.221703248328164e-16f,0.1446100421182231f,0.08694625593224288f,0.9938002528348099f,0.06929217881429926f,2.869229190596687f,0.006039211311163675f,0.06902850115403011f,-0.9975964083511764f,-0.09969653721362645f,0f,0f,0f,1f],start_interpolation:0}
execute if entity @s[tag=aj.ecual.bone.ear_right_1] run data modify entity @s {} merge value {transformation:[-0.9961946980917455f,0.08715574274765817f,1.221703248328164e-16f,0.12500000000000003f,0.08694625593224288f,0.9938002528348099f,0.06929217881429926f,2.6456241337088553f,0.006039211311163675f,0.06902850115403011f,-0.9975964083511764f,-0.1152279499732832f,0f,0f,0f,1f],start_interpolation:0}
execute if entity @s[tag=aj.ecual.bone.ear_edge_a3] run data modify entity @s {} merge value {transformation:[-0.9876883405951377f,-0.1564344650402309f,1.221703248328164e-16f,-0.19523827377799086f,-0.15605846046647198f,0.9853143411480428f,0.06929217881429926f,2.7468573683038446f,-0.010839684924287045f,0.06843907710931676f,-0.9975964083511764f,-0.07687108433786097f,0f,0f,0f,1f],start_interpolation:0}
execute if entity @s[tag=aj.ecual.bone.ear_edge_a4] run data modify entity @s {} merge value {transformation:[-1f,-1.3877787807814457e-17f,1.221703248328164e-16f,-0.08005326181113277f,1.3877787807814457e-17f,0.9975964083511764f,0.06929217881429926f,2.75691052914601f,-1.231653667943533e-16f,0.06929217881429926f,-0.9975964083511764f,-0.07617280053000765f,0f,0f,0f,1f],start_interpolation:0}
execute if entity @s[tag=aj.ecual.bone.ear_edge_b3] run data modify entity @s {} merge value {transformation:[-0.9702957262759965f,-0.24192189559966773f,1.221703248328164e-16f,-0.05771677939820295f,-0.2413404141517368f,0.9679635315714303f,0.06929217881429926f,2.7526012269143103f,-0.016763295248986534f,0.06723390496786669f,-0.9975964083511764f,-0.07647212091478864f,0f,0f,0f,1f],start_interpolation:0}
execute if entity @s[tag=aj.ecual.bone.ear_edge_b4] run data modify entity @s {} merge value {transformation:[-0.9975640502598243f,0.06975647374412527f,1.221703248328164e-16f,-0.086824202066379f,0.06958880766638254f,0.9951663136394531f,0.06929217881429926f,2.762578366626651f,0.004833578052132779f,0.06912338654932038f,-0.9975964083511764f,-0.07577911746848975f,0f,0f,0f,1f],start_interpolation:0}
execute if entity @s[tag=aj.ecual.bone.ear_left_2] run data modify entity @s {} merge value {transformation:[-0.9961946980917455f,-0.0871557427476582f,1.221703248328164e-16f,-0.14461004211822304f,-0.08694625593224288f,0.9938002528348099f,0.06929217881429926f,2.869229190596687f,-0.006039211311163919f,0.06902850115403009f,-0.9975964083511764f,-0.09969653721362648f,0f,0f,0f,1f],start_interpolation:0}
execute if entity @s[tag=aj.ecual.bone.ear_left_1] run data modify entity @s {} merge value {transformation:[-0.9961946980917455f,-0.0871557427476582f,1.221703248328164e-16f,-0.12499999999999999f,-0.08694625593224288f,0.9938002528348099f,0.06929217881429926f,2.6456241337088553f,-0.006039211311163919f,0.06902850115403009f,-0.9975964083511764f,-0.11522794997328323f,0f,0f,0f,1f],start_interpolation:0}
execute if entity @s[tag=aj.ecual.bone.head] run data modify entity @s {} merge value {transformation:[-1f,-8.485844499087769e-18f,1.221703248328164e-16f,1.464252666546623e-17f,0f,0.9975964083511764f,0.06929217881429926f,2.1321905938409307f,-1.2246467991473532e-16f,0.06929217881429926f,-0.9975964083511764f,-0.11956530385463734f,0f,0f,0f,1f],start_interpolation:0}
execute if entity @s[tag=aj.ecual.bone.body_1] run data modify entity @s {} merge value {transformation:[-1f,2.1942921037045436e-18f,1.2244501994275715e-16f,1.3819667126577028e-17f,0f,0.9998394641459736f,-0.01791775477821278f,1.7572507947861908f,-1.2246467991473532e-16f,-0.01791775477821278f,-0.9998394641459736f,-0.11284614581280755f,0f,0f,0f,1f],start_interpolation:0}
execute if entity @s[tag=aj.ecual.bone.leg_left_2] run data modify entity @s {} merge value {transformation:[-0.9854007586497978f,-0.16336604156499565f,0.047925789673067126f,0.15616465886734388f,-0.1674363199818659f,0.8789465359162446f,-0.44656249926719566f,1.3309287812885704f,0.030828941002460114f,-0.4480675434175275f,-0.8934679921141266f,0.22725980595088108f,0f,0f,0f,1f],start_interpolation:0}
execute if entity @s[tag=aj.ecual.bone.leg_left_1] run data modify entity @s {} merge value {transformation:[-0.9854007586497978f,-0.10320985930313148f,0.13539966689409083f,0.125f,-0.1674363199818659f,0.4434848061002395f,-0.8805034386696984f,1.4579334446297256f,0.030828941002460114f,-0.8903195784103934f,-0.454291343408397f,-0.07909145794139172f,0f,0f,0f,1f],start_interpolation:0}
execute if entity @s[tag=aj.ecual.bone.leg_right_2] run data modify entity @s {} merge value {transformation:[-0.9812144369303327f,0.18387459033402534f,0.058381193795471575f,-0.17004044754574832f,0.18852237682064485f,0.9781349135492998f,0.08781460205340913f,1.2945353012232714f,-0.040957809968122406f,0.09717111672404616f,-0.9944245732468688f,0.19899112653464024f,0f,0f,0f,1f],start_interpolation:0}
execute if entity @s[tag=aj.ecual.bone.leg_right_1] run data modify entity @s {} merge value {transformation:[-0.9812144369303327f,0.15174282185104612f,-0.11913162794225442f,-0.12499999999999999f,0.18852237682064485f,0.6230857991771672f,-0.7590938020440199f,1.46588734366624f,-0.040957809968122406f,-0.767292775204115f,-0.6399876990397415f,-0.09132329878560298f,0f,0f,0f,1f],start_interpolation:0}
execute if entity @s[tag=aj.ecual.bone.skirt_forward_right] run data modify entity @s {} merge value {transformation:[-0.988799837282299f,0.1492477195487387f,1.0620682594720009e-16f,-0.002708333333333322f,0.12943427104178598f,0.857531267692677f,-0.4978824102228073f,1.6495565933817986f,-0.07430781432918372f,-0.49230604621403073f,-0.8672445477434425f,-0.10859557132391766f,0f,0f,0f,1f],start_interpolation:0}
execute if entity @s[tag=aj.ecual.bone.skirt_forward_left] run data modify entity @s {} merge value {transformation:[-0.988799837282299f,-0.1487808009496368f,0.011796400268025746f,-0.0027083333333333217f,-0.12943427104178595f,0.8154963373462479f,-0.564103264708454f,1.628495236490968f,0.07430781432918346f,-0.5593120748237419f,-0.82561998018821f,-0.11142085577416014f,0f,0f,0f,1f],start_interpolation:0}
execute if entity @s[tag=aj.ecual.bone.skirt_forward] run data modify entity @s {} merge value {transformation:[-1f,6.097301000311305e-17f,1.0620682594720009e-16f,-0.002708333333333322f,0f,0.8672445477434425f,-0.4978824102228073f,1.6495565933817986f,-1.2246467991473532e-16f,-0.4978824102228073f,-0.8672445477434425f,-0.10859557132391766f,0f,0f,0f,1f],start_interpolation:0}
execute if entity @s[tag=aj.ecual.bone.skirt_back_right] run data modify entity @s {} merge value {transformation:[-0.9921874493325091f,0.12475602344997064f,1.2145567345522908e-16f,-0.0027083333333333226f,0.12372813823758959f,0.9840126552113425f,-0.1281032481718694f,1.6742372862105546f,-0.01598165183294727f,-0.1271024350548565f,-0.9917608370004416f,-0.10474417027648286f,0f,0f,0f,1f],start_interpolation:0}
execute if entity @s[tag=aj.ecual.bone.skirt_back_left] run data modify entity @s {} merge value {transformation:[-0.9921874493325091f,-0.12475602344997061f,1.2145567345522908e-16f,-0.0027083333333333226f,-0.12372813823758959f,0.9840126552113425f,-0.1281032481718694f,1.6742372862105546f,0.015981651832947027f,-0.12710243505485655f,-0.9917608370004416f,-0.10474417027648286f,0f,0f,0f,1f],start_interpolation:0}
execute if entity @s[tag=aj.ecual.bone.skirt_back] run data modify entity @s {} merge value {transformation:[-1f,1.568812328340589e-17f,1.2145567345522908e-16f,-0.0027083333333333226f,0f,0.9917608370004416f,-0.1281032481718694f,1.6742372862105546f,-1.2246467991473532e-16f,-0.1281032481718694f,-0.9917608370004416f,-0.10474417027648286f,0f,0f,0f,1f],start_interpolation:0}
execute if entity @s[tag=aj.ecual.bone.skirt_right] run data modify entity @s {} merge value {transformation:[-0.9858013254184597f,0.16788587777873665f,-0.003174719778394536f,-0.19645833333333332f,0.16331505150127065f,0.9542238362540644f,-0.2505694799406218f,1.6873886009523735f,-0.03903768379842155f,-0.24753020495898967f,-0.9680934133009144f,-0.10816370380275696f,0f,0f,0f,1f],start_interpolation:0}
execute if entity @s[tag=aj.ecual.bone.skirt_left] run data modify entity @s {} merge value {transformation:[-0.9858013254184597f,-0.16752371638795788f,0.011469579363484713f,0.1910416666666667f,-0.16331505150127065f,0.9406714833437221f,-0.2974312599190924f,1.6885033331486499f,0.03903768379842131f,-0.29508128519356913f,-0.9546743394331735f,-0.11515881616714345f,0f,0f,0f,1f],start_interpolation:0}
execute if entity @s[tag=aj.ecual.bone.coat_downer] run data modify entity @s {} merge value {transformation:[-1f,3.874373322843659e-17f,1.1617452802633766e-16f,-0.007812499999999991f,0f,0.948637011971312f,-0.31636659039497333f,1.5420244292717926f,-1.2246467991473532e-16f,-0.31636659039497333f,-0.948637011971312f,-0.07314093679728845f,0f,0f,0f,1f],start_interpolation:0}
execute if entity @s[tag=aj.ecual.bone.body_2] run data modify entity @s {} merge value {transformation:[-1f,2.8471024347955424e-17f,1.1910918771949e-16f,1.5318675916290106e-17f,0f,0.9726003269058348f,-0.23248355662855658f,1.759339814814815f,-1.2246467991473532e-16f,-0.23248355662855658f,-0.9726003269058348f,-0.12508648148148155f,0f,0f,0f,1f],start_interpolation:0}
execute if entity @s[tag=aj.ecual.bone.book_left] run data modify entity @s {} merge value {transformation:[0.3392852451320533f,-0.13904188010740506f,-0.9303509434680445f,-0.6125072194595296f,3.6202864444746544e-16f,0.9890158633619168f,-0.14780941112961055f,2.3744495541838138f,0.9406835400046513f,0.050149552287934024f,0.33555848964023727f,0.25219929308148614f,0f,0f,0f,1f],start_interpolation:0}
execute if entity @s[tag=aj.ecual.bone.book_right] run data modify entity @s {} merge value {transformation:[0.3392852451320533f,-0.13904188010740506f,-0.9303509434680445f,-0.5806992277283995f,3.6202864444746544e-16f,0.9890158633619168f,-0.14780941112961055f,2.374449554183814f,0.9406835400046513f,0.050149552287934024f,0.33555848964023727f,0.3403883749569222f,0f,0f,0f,1f],start_interpolation:0}
execute if entity @s[tag=aj.ecual.bone.book_loot_1] run data modify entity @s {} merge value {transformation:[0.3392852451320533f,-0.13904188010740506f,-0.9303509434680445f,-0.45705058207375787f,3.6202864444746544e-16f,0.9890158633619168f,-0.14780941112961055f,2.3966209658532556f,0.9406835400046513f,0.050149552287934024f,0.33555848964023727f,0.2459600605731686f,0f,0f,0f,1f],start_interpolation:0}
execute if entity @s[tag=aj.ecual.bone.book_left2] run data modify entity @s {} merge value {transformation:[-0.8685299447036687f,-0.46574576945216634f,0.16951877002400592f,0.8741648735556372f,-0.4111032468702598f,0.8680015341884035f,0.2785093482440185f,2.65534863675278f,-0.27685710315210005f,0.1722039920675105f,-0.9453549225292268f,-0.5630343700637077f,0f,0f,0f,1f],start_interpolation:0}
execute if entity @s[tag=aj.ecual.bone.book_right2] run data modify entity @s {} merge value {transformation:[-0.814837650251008f,-0.46574576945216634f,-0.3451383519269132f,0.9566781681110295f,-0.4965604889431343f,0.8680015341884035f,0.0010086957584762302f,2.6998394095435168f,0.2991108231976432f,0.1722039920675105f,-0.9385512775347127f,-0.5641251762325887f,0f,0f,0f,1f],start_interpolation:0}
execute if entity @s[tag=aj.ecual.bone.book_loot_2] run data modify entity @s {} merge value {transformation:[-0.8801418085908508f,-0.46574576945216634f,-0.09182197453679485f,0.9291948170138525f,-0.47456824310119733f,0.8680015341884035f,0.14614485720141032f,2.6556722945679367f,0.01163526580139865f,0.1722039920675105f,-0.9849925917009446f,-0.41583088439300653f,0f,0f,0f,1f],start_interpolation:0}
execute if entity @s[tag=aj.ecual.bone.air_staff_povit_1] run data modify entity @s {} merge value {transformation:[-0.000014507169029729926f,0.000004213088720791816f,0.000003991560493539058f,0.11516657425187841f,0.000004257575284984242f,0.000015028722530092923f,-3.88814616711803e-7f,2.1071634612667682f,-0.000003944074598120113f,7.26641276156392e-7f,-0.00001510155266918768f,0.5242324145736428f,0f,0f,0f,1f],start_interpolation:0}