execute if entity @s[tag=aj.ecual.bone.wing_right_1] run data modify entity @s {} merge value {transformation:[-0.7101191352099324f,-0.1252131630548736f,-0.3834017762751441f,0.036705240714107384f,-0.14772590575490982f,0.8031146990658877f,0.01132613604210712f,1.4193016477652223f,0.3753029643128782f,0.07920156808136095f,-0.7209849104078839f,-0.6121629649574079f,0f,0f,0f,1f],start_interpolation:0}
execute if entity @s[tag=aj.ecual.bone.wing_right_2] run data modify entity @s {} merge value {transformation:[-0.6896145675234616f,0.15288386890077071f,-0.37557725022871263f,0.036705240714107384f,0.1673708560386001f,0.7822172957284564f,0.011094990408594732f,1.4193016477652223f,0.36934908258764537f,-0.06901177358387893f,-0.7062709326444577f,-0.6121629649574079f,0f,0f,0f,1f],start_interpolation:0}
execute if entity @s[tag=aj.ecual.bone.wing_left_1] run data modify entity @s {} merge value {transformation:[-0.7101191352099324f,0.1252131630548736f,0.3834017762751443f,-0.03670524071410723f,0.14772590575490982f,0.8031146990658877f,0.01132613604210712f,1.4193016477652223f,-0.37530296431287846f,0.07920156808136099f,-0.7209849104078839f,-0.6121629649574079f,0f,0f,0f,1f],start_interpolation:0}
execute if entity @s[tag=aj.ecual.bone.wing_left_2] run data modify entity @s {} merge value {transformation:[-0.6896145675234616f,-0.15288386890077071f,0.37557725022871286f,-0.03670524071410723f,-0.1673708560386001f,0.7822172957284564f,0.011094990408594732f,1.4193016477652223f,-0.3693490825876456f,-0.06901177358387899f,-0.7062709326444577f,-0.6121629649574079f,0f,0f,0f,1f],start_interpolation:0}
execute if entity @s[tag=aj.ecual.bone.staff] run data modify entity @s {} merge value {transformation:[-0.000010529924891422476f,0.000006450391044703763f,0.000009573597137513511f,-0.09566384914190401f,0.0000043349587863466256f,0.000014219293933574156f,-0.000004812529205240994f,1.4785903451886713f,-0.000010699039167218595f,-5.871630106084892e-7f,-0.000011372177693709135f,0.38381106933576925f,0f,0f,0f,1f],start_interpolation:0}
execute if entity @s[tag=aj.ecual.bone.arm_right_2] run data modify entity @s {} merge value {transformation:[0.2995660843396886f,-0.9252047896222025f,-0.23292972840219958f,-0.19514951232084043f,-0.048144993628762345f,0.22917136183719128f,-0.9721947060657006f,1.4832492370213954f,0.9528600215676346f,0.30245096160174956f,0.02410798880669998f,0.1548903336619349f,0f,0f,0f,1f],start_interpolation:0}
execute if entity @s[tag=aj.ecual.bone.arm_right_1] run data modify entity @s {} merge value {transformation:[0.272473333398768f,-0.9252047896222025f,-0.26411054474727f,-0.29843749999999997f,-0.15353087645776356f,0.22917136183719128f,-0.9612017253874434f,1.5393311307608406f,0.949835013336882f,0.30245096160174956f,-0.07960441737430281f,-0.19529835250708943f,0f,0f,0f,1f],start_interpolation:0}
execute if entity @s[tag=aj.ecual.bone.arm_left_2] run data modify entity @s {} merge value {transformation:[0.29956608433968884f,0.9252047896222025f,0.23292972840219955f,0.1997755362689515f,0.048144993628762345f,0.22917136183719128f,-0.9721947060657006f,1.4843950938305814f,-0.9528600215676346f,0.3024509616017498f,0.02410798880670005f,0.1564025884699437f,0f,0f,0f,1f],start_interpolation:0}
execute if entity @s[tag=aj.ecual.bone.arm_left_1] run data modify entity @s {} merge value {transformation:[0.2724733333987682f,0.9252047896222025f,0.26411054474727f,0.2984375000000001f,0.15353087645776356f,0.22917136183719128f,-0.9612017253874434f,1.5393311307608406f,-0.949835013336882f,0.3024509616017498f,-0.07960441737430274f,-0.19529835250708938f,0f,0f,0f,1f],start_interpolation:0}
execute if entity @s[tag=aj.ecual.bone.himo_right_2] run data modify entity @s {} merge value {transformation:[-1f,9.793312573434603e-17f,7.353027070886761e-17f,-0.15625f,0f,0.6004202253258836f,-0.7996846584870909f,1.2902507909641738f,-1.2246467991473532e-16f,-0.7996846584870909f,-0.6004202253258836f,-0.036310105347809964f,0f,0f,0f,1f],start_interpolation:0}
execute if entity @s[tag=aj.ecual.bone.himo_right_1] run data modify entity @s {} merge value {transformation:[-1f,2.2527543272670036e-17f,1.2037486291047878e-16f,-0.15625f,0f,0.9829353491495542f,-0.18395135061272025f,1.4734014729883858f,-1.2246467991473532e-16f,-0.18395135061272025f,-0.9829353491495542f,-0.0769443295198797f,0f,0f,0f,1f],start_interpolation:0}
execute if entity @s[tag=aj.ecual.bone.himo_left_2] run data modify entity @s {} merge value {transformation:[-1f,9.793312573434603e-17f,7.353027070886761e-17f,0.15625f,0f,0.6004202253258836f,-0.7996846584870909f,1.2902507909641738f,-1.2246467991473532e-16f,-0.7996846584870909f,-0.6004202253258836f,-0.036310105347809936f,0f,0f,0f,1f],start_interpolation:0}
execute if entity @s[tag=aj.ecual.bone.himo_left_1] run data modify entity @s {} merge value {transformation:[-1f,2.2527543272670036e-17f,1.2037486291047878e-16f,0.15625f,0f,0.9829353491495542f,-0.18395135061272025f,1.4734014729883858f,-1.2246467991473532e-16f,-0.18395135061272025f,-0.9829353491495542f,-0.07694432951987967f,0f,0f,0f,1f],start_interpolation:0}
execute if entity @s[tag=aj.ecual.bone.ponpon1] run data modify entity @s {} merge value {transformation:[-1f,-1.2588455115273837e-17f,1.2181596210854026e-16f,0.29375000000000007f,0f,0.9947028171171741f,0.10279253678724681f,2.1684479657679003f,-1.2246467991473532e-16f,0.10279253678724681f,-0.9947028171171741f,-0.19985546146980335f,0f,0f,0f,1f],start_interpolation:0}
execute if entity @s[tag=aj.ecual.bone.ponpon2] run data modify entity @s {} merge value {transformation:[-1f,-1.2588455115273837e-17f,1.2181596210854026e-16f,0.33125000000000004f,0f,0.9947028171171741f,0.10279253678724681f,2.0537469139520583f,-1.2246467991473532e-16f,0.10279253678724681f,-0.9947028171171741f,-0.3059579176729443f,0f,0f,0f,1f],start_interpolation:0}
execute if entity @s[tag=aj.ecual.bone.ponpon3] run data modify entity @s {} merge value {transformation:[-1f,-1.2588455115273837e-17f,1.2181596210854026e-16f,-0.29374999999999996f,0f,0.9947028171171741f,0.10279253678724681f,2.1684479657679003f,-1.2246467991473532e-16f,0.10279253678724681f,-0.9947028171171741f,-0.19985546146980343f,0f,0f,0f,1f],start_interpolation:0}
execute if entity @s[tag=aj.ecual.bone.ponpon4] run data modify entity @s {} merge value {transformation:[-1f,-1.2588455115273837e-17f,1.2181596210854026e-16f,-0.33124999999999993f,0f,0.9947028171171741f,0.10279253678724681f,2.0537469139520583f,-1.2246467991473532e-16f,0.10279253678724681f,-0.9947028171171741f,-0.30595791767294434f,0f,0f,0f,1f],start_interpolation:0}
execute if entity @s[tag=aj.ecual.bone.ear_edge_a1] run data modify entity @s {} merge value {transformation:[-0.9876883405951377f,0.15643446504023084f,1.2181596210854026e-16f,0.19523827377799088f,0.15560580306973576f,0.9824563748237705f,0.10279253678724681f,2.2769036997987873f,0.016080295502441087f,0.10152699008496047f,-0.9947028171171741f,-0.2106391445812373f,0f,0f,0f,1f],start_interpolation:0}
execute if entity @s[tag=aj.ecual.bone.ear_edge_a2] run data modify entity @s {} merge value {transformation:[-1f,-1.3877787807814457e-17f,1.2181596210854026e-16f,0.08005326181113279f,0f,0.9947028171171741f,0.10279253678724681f,2.2869277008145508f,-1.214306433183765e-16f,0.10279253678724681f,-0.9947028171171741f,-0.2096032648436545f,0f,0f,0f,1f],start_interpolation:0}
execute if entity @s[tag=aj.ecual.bone.ear_edge_b1] run data modify entity @s {} merge value {transformation:[-0.9702957262759965f,0.2419218955996677f,1.2181596210854026e-16f,0.05771677939820301f,0.24064039107531637f,0.9651558923634882f,0.10279253678724681f,2.282630897985473f,0.024867765353069213f,0.09973915913773376f,-0.9947028171171741f,-0.2100472962219465f,0f,0f,0f,1f],start_interpolation:0}
execute if entity @s[tag=aj.ecual.bone.ear_edge_b2] run data modify entity @s {} merge value {transformation:[-0.9975640502598243f,-0.06975647374412529f,1.2181596210854026e-16f,0.08682420206637906f,-0.0693869609454416f,0.9922797710482656f,0.10279253678724681f,2.292579098375488f,-0.007170444893491739f,0.10254213933396791f,-0.9947028171171741f,-0.20901924971704045f,0f,0f,0f,1f],start_interpolation:0}
execute if entity @s[tag=aj.ecual.bone.ear_right_2] run data modify entity @s {} merge value {transformation:[-0.9961946980917455f,0.08715574274765817f,1.2181596210854026e-16f,0.1446100421182231f,0.08669406283903532f,0.9909176725890521f,0.10279253678724681f,2.399973741920751f,0.00895895989260835f,0.102401380150856f,-0.9947028171171741f,-0.2293375114177505f,0f,0f,0f,1f],start_interpolation:0}
execute if entity @s[tag=aj.ecual.bone.ear_right_1] run data modify entity @s {} merge value {transformation:[-0.9961946980917455f,0.08715574274765817f,1.2181596210854026e-16f,0.12500000000000003f,0.08669406283903532f,0.9909176725890521f,0.10279253678724681f,2.1770172655882147f,0.00895895989260835f,0.102401380150856f,-0.9947028171171741f,-0.25237782195169306f,0f,0f,0f,1f],start_interpolation:0}
execute if entity @s[tag=aj.ecual.bone.ear_edge_a3] run data modify entity @s {} merge value {transformation:[-0.9876883405951377f,-0.1564344650402309f,1.2181596210854026e-16f,-0.19523827377799083f,-0.15560580306973576f,0.9824563748237705f,0.10279253678724681f,2.2769036997987873f,-0.016080295502441326f,0.10152699008496043f,-0.9947028171171741f,-0.2106391445812374f,0f,0f,0f,1f],start_interpolation:0}
execute if entity @s[tag=aj.ecual.bone.ear_edge_a4] run data modify entity @s {} merge value {transformation:[-1f,-1.3877787807814457e-17f,1.2181596210854026e-16f,-0.08005326181113276f,0f,0.9947028171171741f,0.10279253678724681f,2.2869277008145508f,-1.214306433183765e-16f,0.10279253678724681f,-0.9947028171171741f,-0.20960326484365452f,0f,0f,0f,1f],start_interpolation:0}
execute if entity @s[tag=aj.ecual.bone.ear_edge_b3] run data modify entity @s {} merge value {transformation:[-0.9702957262759965f,-0.24192189559966773f,1.2181596210854026e-16f,-0.05771677939820295f,-0.24064039107531637f,0.9651558923634882f,0.10279253678724681f,2.282630897985473f,-0.024867765353069442f,0.09973915913773371f,-0.9947028171171741f,-0.21004729622194657f,0f,0f,0f,1f],start_interpolation:0}
execute if entity @s[tag=aj.ecual.bone.ear_edge_b4] run data modify entity @s {} merge value {transformation:[-0.9975640502598243f,0.06975647374412527f,1.2181596210854026e-16f,-0.086824202066379f,0.0693869609454416f,0.9922797710482656f,0.10279253678724681f,2.292579098375488f,0.007170444893491492f,0.10254213933396791f,-0.9947028171171741f,-0.2090192497170405f,0f,0f,0f,1f],start_interpolation:0}
execute if entity @s[tag=aj.ecual.bone.ear_left_2] run data modify entity @s {} merge value {transformation:[-0.9961946980917455f,-0.0871557427476582f,1.2181596210854026e-16f,-0.14461004211822304f,-0.08669406283903532f,0.9909176725890521f,0.10279253678724681f,2.399973741920751f,-0.008958959892608594f,0.10240138015085597f,-0.9947028171171741f,-0.22933751141775055f,0f,0f,0f,1f],start_interpolation:0}
execute if entity @s[tag=aj.ecual.bone.ear_left_1] run data modify entity @s {} merge value {transformation:[-0.9961946980917455f,-0.0871557427476582f,1.2181596210854026e-16f,-0.12499999999999997f,-0.08669406283903532f,0.9909176725890521f,0.10279253678724681f,2.1770172655882147f,-0.008958959892608594f,0.10240138015085597f,-0.9947028171171741f,-0.2523778219516931f,0f,0f,0f,1f],start_interpolation:0}
execute if entity @s[tag=aj.ecual.bone.head] run data modify entity @s {} merge value {transformation:[-1f,-1.2588455115273837e-17f,1.2181596210854026e-16f,3.355220361357811e-17f,0f,0.9947028171171741f,0.10279253678724681f,1.664019805041061f,-1.2246467991473532e-16f,0.10279253678724681f,-0.9947028171171741f,-0.2739745340202454f,0f,0f,0f,1f],start_interpolation:0}
execute if entity @s[tag=aj.ecual.bone.body_1] run data modify entity @s {} merge value {transformation:[-1f,-1.9235915869112995e-18f,1.2244957175109002e-16f,3.427355045866985e-17f,0f,0.9998766324816606f,0.015707317311820672f,1.2890660678604384f,-1.2246467991473532e-16f,0.015707317311820672f,-0.9998766324816606f,-0.2798647780121782f,0f,0f,0f,1f],start_interpolation:0}
execute if entity @s[tag=aj.ecual.bone.leg_left_2] run data modify entity @s {} merge value {transformation:[-0.9428184834876144f,-0.3311356925716457f,-0.03797973537574095f,0.2343375920103346f,-0.3311204293158884f,0.9435634620733723f,-0.006874178479898685f,0.6963859977923932f,0.03811257645156705f,0.0060947637532778876f,-0.9992548650724775f,-0.14366126498182208f,0f,0f,0f,1f],start_interpolation:0}
execute if entity @s[tag=aj.ecual.bone.leg_left_1] run data modify entity @s {} merge value {transformation:[-0.9428184834876144f,-0.3161617864893241f,0.1055226608743062f,0.12500000000000003f,-0.3311204293158884f,0.852253759880288f,-0.40499727166929694f,0.9896123478546277f,0.03811257645156705f,-0.41677962226312315f,-0.9082082239125738f,-0.30088673557282236f,0f,0f,0f,1f],start_interpolation:0}
execute if entity @s[tag=aj.ecual.bone.leg_right_2] run data modify entity @s {} merge value {transformation:[-0.9415401997355674f,0.20759529018159617f,0.2653417565637321f,-0.2321673853183959f,0.3361633281944752f,0.6309779881982804f,0.6991859517942737f,0.708109860007455f,-0.022277097187953822f,0.7475098487001155f,-0.6638770647018986f,-0.18173388337929486f,0f,0f,0f,1f],start_interpolation:0}
execute if entity @s[tag=aj.ecual.bone.leg_right_1] run data modify entity @s {} merge value {transformation:[-0.9415401997355674f,0.3335903469597764f,-0.04711191672139844f,-0.12499999999999996f,0.3361633281944752f,0.9210017903221831f,-0.1968499911113716f,1.0001459502059202f,-0.022277097187953822f,-0.2011794786716317f,-0.9793010509043114f,-0.30430718459376144f,0f,0f,0f,1f],start_interpolation:0}
execute if entity @s[tag=aj.ecual.bone.skirt_forward_right] run data modify entity @s {} merge value {transformation:[-0.9735789028731603f,0.22835087011065583f,1.1272933223801343e-16f,-0.006249999999999964f,0.21019808422694644f,0.8961841053136461f,-0.39073112848927377f,1.1829063656606276f,-0.08922379316984423f,-0.3804075833929789f,-0.9205048534524404f,-0.29753251354470855f,0f,0f,0f,1f],start_interpolation:0}
execute if entity @s[tag=aj.ecual.bone.skirt_forward_left] run data modify entity @s {} merge value {transformation:[-0.9735789028731603f,-0.22835087011065572f,1.1272933223801343e-16f,-0.006249999999999964f,-0.21019808422694644f,0.8961841053136461f,-0.39073112848927377f,1.1829063656606276f,0.08922379316984398f,-0.38040758339297903f,-0.9205048534524404f,-0.29753251354470855f,0f,0f,0f,1f],start_interpolation:0}
execute if entity @s[tag=aj.ecual.bone.skirt_forward] run data modify entity @s {} merge value {transformation:[-1f,4.785076258316223e-17f,1.1272933223801343e-16f,-0.006249999999999964f,0f,0.9205048534524404f,-0.39073112848927377f,1.1829063656606276f,-1.2246467991473532e-16f,-0.39073112848927377f,-0.9205048534524404f,-0.29753251354470855f,0f,0f,0f,1f],start_interpolation:0}
execute if entity @s[tag=aj.ecual.bone.skirt_back_right] run data modify entity @s {} merge value {transformation:[-0.9735789028731603f,0.22835087011065575f,1.2064109830856497e-16f,-0.006249999999999965f,0.2249505717815644f,0.959081656967883f,0.1719291002794096f,1.2062841149339691f,0.03926015964614526f,0.1673865448219972f,-0.9851093261547739f,-0.28880685661168776f,0f,0f,0f,1f],start_interpolation:0}
execute if entity @s[tag=aj.ecual.bone.skirt_back_left] run data modify entity @s {} merge value {transformation:[-0.9735789028731603f,-0.2283508701106558f,1.2064109830856497e-16f,-0.006249999999999965f,-0.2249505717815644f,0.959081656967883f,0.1719291002794096f,1.2062841149339691f,-0.039260159646145494f,0.16738654482199714f,-0.9851093261547739f,-0.28880685661168776f,0f,0f,0f,1f],start_interpolation:0}
execute if entity @s[tag=aj.ecual.bone.skirt_back] run data modify entity @s {} merge value {transformation:[-1f,-2.1055242233746327e-17f,1.2064109830856497e-16f,-0.006249999999999965f,0f,0.9851093261547739f,0.1719291002794096f,1.2062841149339691f,-1.2246467991473532e-16f,0.1719291002794096f,-0.9851093261547739f,-0.28880685661168776f,0f,0f,0f,1f],start_interpolation:0}
execute if entity @s[tag=aj.ecual.bone.skirt_right] run data modify entity @s {} merge value {transformation:[-0.9627032125356749f,0.2703950207595011f,-0.00943701870084431f,-0.19999999999999998f,0.27037524900095455f,0.9601741415663431f,-0.07044744562443753f,1.2623202226387646f,-0.0099874571920449f,-0.07037151849864573f,-0.9974708517460708f,-0.297249768330791f,0f,0f,0f,1f],start_interpolation:0}
execute if entity @s[tag=aj.ecual.bone.skirt_left] run data modify entity @s {} merge value {transformation:[-0.9627032125356749f,-0.2703950207595011f,0.009437018700844556f,0.18750000000000003f,-0.27037524900095455f,0.9601741415663431f,-0.07044744562443753f,1.2623202226387646f,0.009987457192044665f,-0.0703715184986458f,-0.9974708517460708f,-0.2972497683307909f,0f,0f,0f,1f],start_interpolation:0}
execute if entity @s[tag=aj.ecual.bone.coat_downer] run data modify entity @s {} merge value {transformation:[-1f,1.4075741345420672e-17f,1.2165307777526794e-16f,-0.0078124999999999644f,0f,0.9933727656003964f,-0.11493715049286661f,1.070399614920671f,-1.2246467991473532e-16f,-0.11493715049286661f,-0.9933727656003964f,-0.28501125884770256f,0f,0f,0f,1f],start_interpolation:0}
execute if entity @s[tag=aj.ecual.bone.body_2] run data modify entity @s {} merge value {transformation:[-1f,3.419414548976742e-18f,1.2241693277794874e-16f,3.566783802516666e-17f,0f,0.9996101150403544f,-0.02792163872356888f,1.29375f,-1.2246467991473532e-16f,-0.02792163872356888f,-0.9996101150403544f,-0.29125f,0f,0f,0f,1f],start_interpolation:0}
execute if entity @s[tag=aj.ecual.bone.book_left] run data modify entity @s {} merge value {transformation:[-0.4365051485050953f,5.496465242190869e-18f,-0.899701759100506f,-1.3551190850288997f,0.014354270450312961f,0.9998727192417779f,-0.0069642110746348f,2.1701575119114462f,0.8995872443784338f,-0.015954476364105276f,-0.4364495897988257f,-0.8457605905500631f,0f,0f,0f,1f],start_interpolation:0}
execute if entity @s[tag=aj.ecual.bone.book_right] run data modify entity @s {} merge value {transformation:[-0.4365051485050953f,5.496465242190869e-18f,-0.899701759100506f,-1.3960414427012524f,0.014354270450312961f,0.9998727192417779f,-0.0069642110746348f,2.1715032247661634f,0.8995872443784338f,-0.015954476364105276f,-0.4364495897988257f,-0.7614242863895849f,0f,0f,0f,1f],start_interpolation:0}
execute if entity @s[tag=aj.ecual.bone.book_loot_1] run data modify entity @s {} merge value {transformation:[-0.4365051485050953f,5.496465242190869e-18f,-0.899701759100506f,-1.240625f,0.014354270450312961f,0.9998727192417779f,-0.0069642110746348f,2.171875f,0.8995872443784338f,-0.015954476364105276f,-0.4364495897988257f,-0.7381250000000001f,0f,0f,0f,1f],start_interpolation:0}
execute if entity @s[tag=aj.ecual.bone.book_left2] run data modify entity @s {} merge value {transformation:[0.43650514850509486f,1.5887455599161432e-18f,0.8997017591005061f,1.3960414427012524f,0.014354270450312961f,0.9998727192417779f,-0.0069642110746348f,2.1715032247661634f,-0.899587244378434f,0.015954476364105276f,0.43644958979882525f,-0.7148257136104152f,0f,0f,0f,1f],start_interpolation:0}
execute if entity @s[tag=aj.ecual.bone.book_right2] run data modify entity @s {} merge value {transformation:[0.43650514850509486f,1.5887455599161432e-18f,0.8997017591005061f,1.3551190850288997f,0.014354270450312961f,0.9998727192417779f,-0.0069642110746348f,2.1701575119114462f,-0.899587244378434f,0.015954476364105276f,0.43644958979882525f,-0.630489409449937f,0f,0f,0f,1f],start_interpolation:0}
execute if entity @s[tag=aj.ecual.bone.book_loot_2] run data modify entity @s {} merge value {transformation:[0.43650514850509486f,1.5887455599161432e-18f,0.8997017591005061f,1.240625f,0.014354270450312961f,0.9998727192417779f,-0.0069642110746348f,2.171875f,-0.899587244378434f,0.015954476364105276f,0.43644958979882525f,-0.7381249999999999f,0f,0f,0f,1f],start_interpolation:0}
execute if entity @s[tag=aj.ecual.bone.air_staff_povit_1] run data modify entity @s {} merge value {transformation:[1.4403504219889907f,0.605637607712844f,1.9135106236677394e-16f,-0.00034250000000012385f,0.605637607712844f,-1.4403504219889907f,0f,1.4154974999999999f,1.7639205339393567e-16f,7.416921577287948e-17f,-1.5625f,1.011875f,0f,0f,0f,1f],start_interpolation:0}