execute if entity @s[tag=aj.ecual.bone.wing_right_1] run data modify entity @s {} merge value {transformation:[-0.6160986471673161f,-0.10863481427358272f,-0.5249432145773404f,0.04839555568810225f,-0.14991536608435235f,0.8027286381366161f,0.009826544233471846f,1.3315294147508323f,0.5146768737905775f,0.10377694872909858f,-0.625525782795626f,-0.5948334984244025f,0f,0f,0f,1f],start_interpolation:0}
execute if entity @s[tag=aj.ecual.bone.wing_right_2] run data modify entity @s {} merge value {transformation:[-0.5983089048747772f,0.13264189082248054f,-0.5142300877492314f,0.04839555568810225f,0.16524461599895954f,0.7826886717967425f,0.009626002514421401f,1.3315294147508323f,0.5046985944411788f,-0.09901803795313463f,-0.6127599504936745f,-0.5948334984244025f,0f,0f,0f,1f],start_interpolation:0}
execute if entity @s[tag=aj.ecual.bone.wing_left_1] run data modify entity @s {} merge value {transformation:[-0.6160986471673159f,0.10863481427358268f,0.5249432145773406f,-0.048395555688102124f,0.14991536608435235f,0.8027286381366161f,0.009826544233471846f,1.3315294147508323f,-0.5146768737905777f,0.10377694872909862f,-0.6255257827956258f,-0.5948334984244024f,0f,0f,0f,1f],start_interpolation:0}
execute if entity @s[tag=aj.ecual.bone.wing_left_2] run data modify entity @s {} merge value {transformation:[-0.598308904874777f,-0.13264189082248048f,0.5142300877492316f,-0.048395555688102124f,-0.16524461599895954f,0.7826886717967425f,0.009626002514421401f,1.3315294147508323f,-0.504698594441179f,-0.09901803795313469f,-0.6127599504936743f,-0.5948334984244024f,0f,0f,0f,1f],start_interpolation:0}
execute if entity @s[tag=aj.ecual.bone.staff] run data modify entity @s {} merge value {transformation:[-0.000010529924891422476f,0.000006450391044703763f,0.000009573597137513511f,-0.09566384914190401f,0.0000043349587863466256f,0.000014219293933574156f,-0.000004812529205240994f,1.3910903451886714f,-0.000010699039167218595f,-5.871630106084892e-7f,-0.000011372177693709135f,0.38381106933576925f,0f,0f,0f,1f],start_interpolation:0}
execute if entity @s[tag=aj.ecual.bone.arm_right_2] run data modify entity @s {} merge value {transformation:[0.2995660843396886f,-0.9252047896222025f,-0.23292972840219958f,-0.19514951232084043f,-0.048144993628762345f,0.22917136183719128f,-0.9721947060657006f,1.3957492370213955f,0.9528600215676346f,0.30245096160174956f,0.02410798880669998f,0.1548903336619349f,0f,0f,0f,1f],start_interpolation:0}
execute if entity @s[tag=aj.ecual.bone.arm_right_1] run data modify entity @s {} merge value {transformation:[0.272473333398768f,-0.9252047896222025f,-0.26411054474727f,-0.29843749999999997f,-0.15353087645776356f,0.22917136183719128f,-0.9612017253874434f,1.4518311307608407f,0.949835013336882f,0.30245096160174956f,-0.07960441737430281f,-0.19529835250708943f,0f,0f,0f,1f],start_interpolation:0}
execute if entity @s[tag=aj.ecual.bone.arm_left_2] run data modify entity @s {} merge value {transformation:[0.29956608433968884f,0.9252047896222025f,0.23292972840219955f,0.1997755362689515f,0.048144993628762345f,0.22917136183719128f,-0.9721947060657006f,1.3968950938305815f,-0.9528600215676346f,0.3024509616017498f,0.02410798880670005f,0.1564025884699437f,0f,0f,0f,1f],start_interpolation:0}
execute if entity @s[tag=aj.ecual.bone.arm_left_1] run data modify entity @s {} merge value {transformation:[0.2724733333987682f,0.9252047896222025f,0.26411054474727f,0.2984375000000001f,0.15353087645776356f,0.22917136183719128f,-0.9612017253874434f,1.4518311307608407f,-0.949835013336882f,0.3024509616017498f,-0.07960441737430274f,-0.19529835250708938f,0f,0f,0f,1f],start_interpolation:0}
execute if entity @s[tag=aj.ecual.bone.himo_right_2] run data modify entity @s {} merge value {transformation:[-1f,4.007263526084816e-17f,1.1572286606314936e-16f,-0.15625f,0f,0.9449489121575307f,-0.32721789897910386f,1.2003624366288919f,-1.2246467991473532e-16f,-0.32721789897910386f,-0.9449489121575307f,-0.049185034017464754f,0f,0f,0f,1f],start_interpolation:0}
execute if entity @s[tag=aj.ecual.bone.himo_right_1] run data modify entity @s {} merge value {transformation:[-1f,1.4075741345420672e-17f,1.2165307777526794e-16f,-0.15625f,0f,0.9933727656003963f,-0.1149371504928666f,1.3859014729883858f,-1.2246467991473532e-16f,-0.1149371504928666f,-0.9933727656003963f,-0.0769443295198797f,0f,0f,0f,1f],start_interpolation:0}
execute if entity @s[tag=aj.ecual.bone.himo_left_2] run data modify entity @s {} merge value {transformation:[-1f,4.007263526084816e-17f,1.1572286606314936e-16f,0.15625f,0f,0.9449489121575307f,-0.32721789897910386f,1.2003624366288919f,-1.2246467991473532e-16f,-0.32721789897910386f,-0.9449489121575307f,-0.04918503401746473f,0f,0f,0f,1f],start_interpolation:0}
execute if entity @s[tag=aj.ecual.bone.himo_left_1] run data modify entity @s {} merge value {transformation:[-1f,1.4075741345420672e-17f,1.2165307777526794e-16f,0.15625f,0f,0.9933727656003963f,-0.1149371504928666f,1.3859014729883858f,-1.2246467991473532e-16f,-0.1149371504928666f,-0.9933727656003963f,-0.07694432951987967f,0f,0f,0f,1f],start_interpolation:0}
execute if entity @s[tag=aj.ecual.bone.ponpon1] run data modify entity @s {} merge value {transformation:[-1f,-1.2588455115273837e-17f,1.2181596210854026e-16f,0.29375000000000007f,0f,0.9947028171171741f,0.10279253678724681f,2.0809479657679004f,-1.2246467991473532e-16f,0.10279253678724681f,-0.9947028171171741f,-0.19985546146980335f,0f,0f,0f,1f],start_interpolation:0}
execute if entity @s[tag=aj.ecual.bone.ponpon2] run data modify entity @s {} merge value {transformation:[-1f,-1.2588455115273837e-17f,1.2181596210854026e-16f,0.33125000000000004f,0f,0.9947028171171741f,0.10279253678724681f,1.9662469139520582f,-1.2246467991473532e-16f,0.10279253678724681f,-0.9947028171171741f,-0.3059579176729443f,0f,0f,0f,1f],start_interpolation:0}
execute if entity @s[tag=aj.ecual.bone.ponpon3] run data modify entity @s {} merge value {transformation:[-1f,-1.2588455115273837e-17f,1.2181596210854026e-16f,-0.29374999999999996f,0f,0.9947028171171741f,0.10279253678724681f,2.0809479657679004f,-1.2246467991473532e-16f,0.10279253678724681f,-0.9947028171171741f,-0.19985546146980343f,0f,0f,0f,1f],start_interpolation:0}
execute if entity @s[tag=aj.ecual.bone.ponpon4] run data modify entity @s {} merge value {transformation:[-1f,-1.2588455115273837e-17f,1.2181596210854026e-16f,-0.33124999999999993f,0f,0.9947028171171741f,0.10279253678724681f,1.9662469139520582f,-1.2246467991473532e-16f,0.10279253678724681f,-0.9947028171171741f,-0.30595791767294434f,0f,0f,0f,1f],start_interpolation:0}
execute if entity @s[tag=aj.ecual.bone.ear_edge_a1] run data modify entity @s {} merge value {transformation:[-0.9876883405951377f,0.15643446504023084f,1.2181596210854026e-16f,0.19523827377799088f,0.15560580306973576f,0.9824563748237705f,0.10279253678724681f,2.189403699798787f,0.016080295502441087f,0.10152699008496047f,-0.9947028171171741f,-0.2106391445812373f,0f,0f,0f,1f],start_interpolation:0}
execute if entity @s[tag=aj.ecual.bone.ear_edge_a2] run data modify entity @s {} merge value {transformation:[-1f,-1.3877787807814457e-17f,1.2181596210854026e-16f,0.08005326181113279f,0f,0.9947028171171741f,0.10279253678724681f,2.1994277008145504f,-1.214306433183765e-16f,0.10279253678724681f,-0.9947028171171741f,-0.2096032648436545f,0f,0f,0f,1f],start_interpolation:0}
execute if entity @s[tag=aj.ecual.bone.ear_edge_b1] run data modify entity @s {} merge value {transformation:[-0.9702957262759965f,0.2419218955996677f,1.2181596210854026e-16f,0.05771677939820301f,0.24064039107531637f,0.9651558923634882f,0.10279253678724681f,2.1951308979854725f,0.024867765353069213f,0.09973915913773376f,-0.9947028171171741f,-0.2100472962219465f,0f,0f,0f,1f],start_interpolation:0}
execute if entity @s[tag=aj.ecual.bone.ear_edge_b2] run data modify entity @s {} merge value {transformation:[-0.9975640502598243f,-0.06975647374412529f,1.2181596210854026e-16f,0.08682420206637906f,-0.0693869609454416f,0.9922797710482656f,0.10279253678724681f,2.2050790983754878f,-0.007170444893491739f,0.10254213933396791f,-0.9947028171171741f,-0.20901924971704045f,0f,0f,0f,1f],start_interpolation:0}
execute if entity @s[tag=aj.ecual.bone.ear_right_2] run data modify entity @s {} merge value {transformation:[-0.9961946980917455f,0.08715574274765817f,1.2181596210854026e-16f,0.1446100421182231f,0.08669406283903532f,0.9909176725890521f,0.10279253678724681f,2.312473741920751f,0.00895895989260835f,0.102401380150856f,-0.9947028171171741f,-0.2293375114177505f,0f,0f,0f,1f],start_interpolation:0}
execute if entity @s[tag=aj.ecual.bone.ear_right_1] run data modify entity @s {} merge value {transformation:[-0.9961946980917455f,0.08715574274765817f,1.2181596210854026e-16f,0.12500000000000003f,0.08669406283903532f,0.9909176725890521f,0.10279253678724681f,2.0895172655882144f,0.00895895989260835f,0.102401380150856f,-0.9947028171171741f,-0.25237782195169306f,0f,0f,0f,1f],start_interpolation:0}
execute if entity @s[tag=aj.ecual.bone.ear_edge_a3] run data modify entity @s {} merge value {transformation:[-0.9876883405951377f,-0.1564344650402309f,1.2181596210854026e-16f,-0.19523827377799083f,-0.15560580306973576f,0.9824563748237705f,0.10279253678724681f,2.189403699798787f,-0.016080295502441326f,0.10152699008496043f,-0.9947028171171741f,-0.2106391445812374f,0f,0f,0f,1f],start_interpolation:0}
execute if entity @s[tag=aj.ecual.bone.ear_edge_a4] run data modify entity @s {} merge value {transformation:[-1f,-1.3877787807814457e-17f,1.2181596210854026e-16f,-0.08005326181113276f,0f,0.9947028171171741f,0.10279253678724681f,2.1994277008145504f,-1.214306433183765e-16f,0.10279253678724681f,-0.9947028171171741f,-0.20960326484365452f,0f,0f,0f,1f],start_interpolation:0}
execute if entity @s[tag=aj.ecual.bone.ear_edge_b3] run data modify entity @s {} merge value {transformation:[-0.9702957262759965f,-0.24192189559966773f,1.2181596210854026e-16f,-0.05771677939820295f,-0.24064039107531637f,0.9651558923634882f,0.10279253678724681f,2.1951308979854725f,-0.024867765353069442f,0.09973915913773371f,-0.9947028171171741f,-0.21004729622194657f,0f,0f,0f,1f],start_interpolation:0}
execute if entity @s[tag=aj.ecual.bone.ear_edge_b4] run data modify entity @s {} merge value {transformation:[-0.9975640502598243f,0.06975647374412527f,1.2181596210854026e-16f,-0.086824202066379f,0.0693869609454416f,0.9922797710482656f,0.10279253678724681f,2.2050790983754878f,0.007170444893491492f,0.10254213933396791f,-0.9947028171171741f,-0.2090192497170405f,0f,0f,0f,1f],start_interpolation:0}
execute if entity @s[tag=aj.ecual.bone.ear_left_2] run data modify entity @s {} merge value {transformation:[-0.9961946980917455f,-0.0871557427476582f,1.2181596210854026e-16f,-0.14461004211822304f,-0.08669406283903532f,0.9909176725890521f,0.10279253678724681f,2.312473741920751f,-0.008958959892608594f,0.10240138015085597f,-0.9947028171171741f,-0.22933751141775055f,0f,0f,0f,1f],start_interpolation:0}
execute if entity @s[tag=aj.ecual.bone.ear_left_1] run data modify entity @s {} merge value {transformation:[-0.9961946980917455f,-0.0871557427476582f,1.2181596210854026e-16f,-0.12499999999999997f,-0.08669406283903532f,0.9909176725890521f,0.10279253678724681f,2.0895172655882144f,-0.008958959892608594f,0.10240138015085597f,-0.9947028171171741f,-0.2523778219516931f,0f,0f,0f,1f],start_interpolation:0}
execute if entity @s[tag=aj.ecual.bone.head] run data modify entity @s {} merge value {transformation:[-1f,-1.2588455115273837e-17f,1.2181596210854026e-16f,3.355220361357811e-17f,0f,0.9947028171171741f,0.10279253678724681f,1.5765198050410612f,-1.2246467991473532e-16f,0.10279253678724681f,-0.9947028171171741f,-0.2739745340202454f,0f,0f,0f,1f],start_interpolation:0}
execute if entity @s[tag=aj.ecual.bone.body_1] run data modify entity @s {} merge value {transformation:[-1f,-1.9235915869112995e-18f,1.2244957175109002e-16f,3.427355045866985e-17f,0f,0.9998766324816606f,0.015707317311820672f,1.2015660678604385f,-1.2246467991473532e-16f,0.015707317311820672f,-0.9998766324816606f,-0.2798647780121782f,0f,0f,0f,1f],start_interpolation:0}
execute if entity @s[tag=aj.ecual.bone.leg_left_2] run data modify entity @s {} merge value {transformation:[-0.9634436508108799f,-0.2677817751111368f,-0.008321816540387605f,0.2098530391128096f,-0.26780659737683365f,0.9634706016643255f,0.0020065218725858203f,0.601262254081753f,0.007480515600267032f,0.004161808130031364f,-0.9999633599484747f,-0.14294550336864942f,0f,0f,0f,1f],start_interpolation:0}
execute if entity @s[tag=aj.ecual.bone.leg_left_1] run data modify entity @s {} merge value {transformation:[-0.9634436508108799f,-0.2462096596505439f,0.10562734119046385f,0.12500000000000003f,-0.26780659737683365f,0.8740489016552014f,-0.4053617445156592f,0.9021123478546278f,0.007480515600267032f,-0.41883089786941385f,-0.9080334359902473f,-0.30088673557282236f,0f,0f,0f,1f],start_interpolation:0}
execute if entity @s[tag=aj.ecual.bone.leg_right_2] run data modify entity @s {} merge value {transformation:[-0.9634436508108799f,0.17271086587182077f,0.2048103721055387f,-0.20915279732429903f,0.26780659737683365f,0.6421943081772339f,0.7182381895626314f,0.6133388576094085f,-0.007480515600267275f,0.7468315923650859f,-0.6649711381193806f,-0.18131242190478128f,0f,0f,0f,1f],start_interpolation:0}
execute if entity @s[tag=aj.ecual.bone.leg_right_1] run data modify entity @s {} merge value {transformation:[-0.9634436508108799f,0.2637264181378507f,-0.04716681130183422f,-0.12499999999999996f,0.26780659737683365f,0.943109672217999f,-0.19703749026594142f,0.9126459502059203f,-0.007480515600267275f,-0.2024661022122912f,-0.9792607003966391f,-0.30430718459376144f,0f,0f,0f,1f],start_interpolation:0}
execute if entity @s[tag=aj.ecual.bone.skirt_forward_right] run data modify entity @s {} merge value {transformation:[-0.984807753012208f,0.17364817766693036f,1.1736066733693764e-16f,-0.006249999999999964f,0.16641096867295152f,0.9437635012198823f,-0.2856883674049735f,1.0954063656606277f,-0.049609264380514224f,-0.2813481191658181f,-0.9583225744651332f,-0.29753251354470855f,0f,0f,0f,1f],start_interpolation:0}
execute if entity @s[tag=aj.ecual.bone.skirt_forward_left] run data modify entity @s {} merge value {transformation:[-0.984807753012208f,-0.1736481776669303f,1.1736066733693764e-16f,-0.006249999999999964f,-0.16641096867295152f,0.9437635012198823f,-0.2856883674049735f,1.0954063656606277f,0.04960926438051399f,-0.2813481191658181f,-0.9583225744651332f,-0.29753251354470855f,0f,0f,0f,1f],start_interpolation:0}
execute if entity @s[tag=aj.ecual.bone.skirt_forward] run data modify entity @s {} merge value {transformation:[-1f,3.498673446961339e-17f,1.1736066733693764e-16f,-0.006249999999999964f,0f,0.9583225744651332f,-0.2856883674049735f,1.0954063656606277f,-1.2246467991473532e-16f,-0.2856883674049735f,-0.9583225744651332f,-0.29753251354470855f,0f,0f,0f,1f],start_interpolation:0}
execute if entity @s[tag=aj.ecual.bone.skirt_back_right] run data modify entity @s {} merge value {transformation:[-0.984807753012208f,0.17364817766693033f,1.2181596210854024e-16f,-0.006249999999999965f,0.17272833151255917f,0.9795910462400776f,0.10279253678724679f,1.1187841149339692f,0.01784973669086618f,0.10123088717987326f,-0.9947028171171742f,-0.28880685661168776f,0f,0f,0f,1f],start_interpolation:0}
execute if entity @s[tag=aj.ecual.bone.skirt_back_left] run data modify entity @s {} merge value {transformation:[-0.984807753012208f,-0.17364817766693033f,1.2181596210854024e-16f,-0.006249999999999965f,-0.17272833151255917f,0.9795910462400776f,0.10279253678724679f,1.1187841149339692f,-0.017849736690866425f,0.1012308871798732f,-0.9947028171171742f,-0.28880685661168776f,0f,0f,0f,1f],start_interpolation:0}
execute if entity @s[tag=aj.ecual.bone.skirt_back] run data modify entity @s {} merge value {transformation:[-1f,-1.2588455115273834e-17f,1.2181596210854024e-16f,-0.006249999999999965f,0f,0.9947028171171742f,0.10279253678724679f,1.1187841149339692f,-1.2246467991473532e-16f,0.10279253678724679f,-0.9947028171171742f,-0.28880685661168776f,0f,0f,0f,1f],start_interpolation:0}
execute if entity @s[tag=aj.ecual.bone.skirt_right] run data modify entity @s {} merge value {transformation:[-0.9762960071199334f,0.21623361138472558f,-0.009440963361569762f,-0.19999999999999998f,0.21635522738795693f,0.9737685840338572f,-0.07046389380812126f,1.1348358180371505f,-0.006043348705848553f,-0.07083621994584559f,-0.9974696526111475f,-0.29613290278184823f,0f,0f,0f,1f],start_interpolation:0}
execute if entity @s[tag=aj.ecual.bone.skirt_left] run data modify entity @s {} merge value {transformation:[-0.9762960071199334f,-0.21623361138472558f,0.009440963361570008f,0.18750000000000003f,-0.21635522738795693f,0.9737685840338572f,-0.07046389380812126f,1.1348358180371505f,0.006043348705848313f,-0.07083621994584564f,-0.9974696526111475f,-0.2961329027818482f,0f,0f,0f,1f],start_interpolation:0}
execute if entity @s[tag=aj.ecual.bone.coat_downer] run data modify entity @s {} merge value {transformation:[-1f,1.4075741345420672e-17f,1.2165307777526794e-16f,-0.0078124999999999644f,0f,0.9933727656003964f,-0.11493715049286661f,0.9828996149206709f,-1.2246467991473532e-16f,-0.11493715049286661f,-0.9933727656003964f,-0.28501125884770256f,0f,0f,0f,1f],start_interpolation:0}
execute if entity @s[tag=aj.ecual.bone.body_2] run data modify entity @s {} merge value {transformation:[-1f,3.419414548976742e-18f,1.2241693277794874e-16f,3.566783802516666e-17f,0f,0.9996101150403544f,-0.02792163872356888f,1.20625f,-1.2246467991473532e-16f,-0.02792163872356888f,-0.9996101150403544f,-0.29125f,0f,0f,0f,1f],start_interpolation:0}
execute if entity @s[tag=aj.ecual.bone.book_left] run data modify entity @s {} merge value {transformation:[-0.4719315431399689f,3.413881269143121e-18f,-0.8816351958659135f,-1.350748488295201f,0.008736478271649036f,0.9999509006627781f,-0.004676559751336422f,2.083263993618316f,0.8815919081621251f,-0.009909402792238061f,-0.4719083716139866f,-0.8502358764371978f,0f,0f,0f,1f],start_interpolation:0}
execute if entity @s[tag=aj.ecual.bone.book_right] run data modify entity @s {} merge value {transformation:[-0.4719315431399689f,3.413881269143121e-18f,-0.8816351958659135f,-1.394992070464573f,0.008736478271649036f,0.9999509006627781f,-0.004676559751336422f,2.084083038456283f,0.8815919081621251f,-0.009909402792238061f,-0.4719083716139866f,-0.7675866350469985f,0f,0f,0f,1f],start_interpolation:0}
execute if entity @s[tag=aj.ecual.bone.book_loot_1] run data modify entity @s {} merge value {transformation:[-0.4719315431399689f,3.413881269143121e-18f,-0.8816351958659135f,-1.240625f,0.008736478271649036f,0.9999509006627781f,-0.004676559751336422f,2.084375f,0.8815919081621251f,-0.009909402792238061f,-0.4719083716139866f,-0.7381250000000001f,0f,0f,0f,1f],start_interpolation:0}
execute if entity @s[tag=aj.ecual.bone.book_left2] run data modify entity @s {} merge value {transformation:[0.4719315431399685f,9.867775869478838e-19f,0.8816351958659137f,1.394992070464573f,0.008736478271649036f,0.9999509006627781f,-0.004676559751336422f,2.084083038456283f,-0.8815919081621252f,0.009909402792238061f,0.4719083716139862f,-0.7086633649530016f,0f,0f,0f,1f],start_interpolation:0}
execute if entity @s[tag=aj.ecual.bone.book_right2] run data modify entity @s {} merge value {transformation:[0.4719315431399685f,9.867775869478838e-19f,0.8816351958659137f,1.3507484882952012f,0.008736478271649036f,0.9999509006627781f,-0.004676559751336422f,2.083263993618316f,-0.8815919081621252f,0.009909402792238061f,0.4719083716139862f,-0.6260141235628024f,0f,0f,0f,1f],start_interpolation:0}
execute if entity @s[tag=aj.ecual.bone.book_loot_2] run data modify entity @s {} merge value {transformation:[0.4719315431399685f,9.867775869478838e-19f,0.8816351958659137f,1.240625f,0.008736478271649036f,0.9999509006627781f,-0.004676559751336422f,2.084375f,-0.8815919081621252f,0.009909402792238061f,0.4719083716139862f,-0.7381249999999999f,0f,0f,0f,1f],start_interpolation:0}
execute if entity @s[tag=aj.ecual.bone.air_staff_povit_1] run data modify entity @s {} merge value {transformation:[1.5377373880688188f,-0.27707395282719344f,1.9135106236677394e-16f,-0.00034250000000012385f,-0.27707395282719344f,-1.5377373880688188f,0f,1.3279975f,1.8831851702276905e-16f,-3.3931772945692716e-17f,-1.5625f,1.011875f,0f,0f,0f,1f],start_interpolation:0}