execute if entity @s[tag=aj.ecual.bone.wing_right_1] run data modify entity @s {} merge value {transformation:[-0.767036075275413f,-0.13524915524778444f,-0.24557640292848956f,0.029628304925177387f,-0.13842216397533086f,0.8047766707025621f,-0.01087470724805792f,1.908305291576727f,0.24380198561726638f,0.03141051960896311f,-0.7787929220989476f,-0.4863460089460188f,0f,0f,0f,1f],start_interpolation:0}
execute if entity @s[tag=aj.ecual.bone.wing_right_2] run data modify entity @s {} merge value {transformation:[-0.7448880407504737f,0.16513770290093674f,-0.24056463960341837f,0.029628304925177387f,0.1764140027648098f,0.7802336944948465f,-0.010652774447077148f,1.908305291576727f,0.23242182852610532f,-0.06296761910319115f,-0.7628991889948875f,-0.4863460089460188f,0f,0f,0f,1f],start_interpolation:0}
execute if entity @s[tag=aj.ecual.bone.wing_left_1] run data modify entity @s {} merge value {transformation:[-0.767036075275413f,0.13524915524778444f,0.24557640292848973f,-0.02962830492517725f,0.13842216397533086f,0.8047766707025621f,-0.01087470724805792f,1.908305291576727f,-0.24380198561726654f,0.03141051960896314f,-0.7787929220989476f,-0.4863460089460188f,0f,0f,0f,1f],start_interpolation:0}
execute if entity @s[tag=aj.ecual.bone.wing_left_2] run data modify entity @s {} merge value {transformation:[-0.7448880407504737f,-0.16513770290093674f,0.24056463960341853f,-0.02962830492517725f,-0.1764140027648098f,0.7802336944948465f,-0.010652774447077148f,1.908305291576727f,-0.2324218285261055f,-0.0629676191031912f,-0.7628991889948875f,-0.4863460089460188f,0f,0f,0f,1f],start_interpolation:0}
execute if entity @s[tag=aj.ecual.bone.staff] run data modify entity @s {} merge value {transformation:[-1.0317366924612952f,0.9031817713456439f,0.7491250465295992f,-0.08819567121162489f,1.1099636217763416f,1.0747763780419683f,0.23290072034267348f,1.6288809670077222f,-0.3806657402002121f,0.6859480119600423f,-1.3512864866955085f,0.24976671802356895f,0f,0f,0f,1f],start_interpolation:0}
execute if entity @s[tag=aj.ecual.bone.arm_right_2] run data modify entity @s {} merge value {transformation:[0.3610259498259655f,-0.8349073290462895f,-0.4154395448883644f,-0.20312207248512598f,-0.6598977485062643f,0.08605558587726142f,-0.7464110112101008f,1.7848900555678064f,0.6589349171721162f,0.5436213645949844f,-0.5198851670198562f,0.09233496617657928f,0f,0f,0f,1f],start_interpolation:0}
execute if entity @s[tag=aj.ecual.bone.arm_right_1] run data modify entity @s {} merge value {transformation:[0.24662570867050054f,-0.8349073290462895f,-0.49204218490650303f,-0.2984375f,-0.824497990554083f,0.08605558587726142f,-0.5592830229066509f,2.087191966373641f,0.5092924733343835f,0.5436213645949844f,-0.6671558952455068f,-0.0973138156117729f,0f,0f,0f,1f],start_interpolation:0}
execute if entity @s[tag=aj.ecual.bone.arm_left_2] run data modify entity @s {} merge value {transformation:[-0.2083569394983622f,0.8568442554296012f,0.4715986722841446f,0.5358609257653798f,0.3883610284881681f,0.5150195069629824f,-0.7641535310388998f,1.9878445241815932f,-0.8976430790211041f,0.023933854367793106f,-0.4400728045455811f,0.14166441090891074f,0f,0f,0f,1f],start_interpolation:0}
execute if entity @s[tag=aj.ecual.bone.arm_left_1] run data modify entity @s {} merge value {transformation:[-0.6483155766615252f,0.6446347262593854f,0.40513329011390947f,0.2984375f,0.2982641106794691f,0.7046143160022623f,-0.6438611542601785f,2.087191966373641f,-0.7005179750289207f,-0.29658849503167023f,-0.6490838399438315f,-0.09731381561177282f,0f,0f,0f,1f],start_interpolation:0}
execute if entity @s[tag=aj.ecual.bone.himo_right_2] run data modify entity @s {} merge value {transformation:[-1f,6.039748612679165e-17f,1.0653516553787572e-16f,-0.15625f,0f,0.8699256439656696f,-0.49318290113396557f,1.7964310624924793f,-1.2246467991473532e-16f,-0.49318290113396557f,-0.8699256439656696f,0.10916281045801468f,0f,0f,0f,1f],start_interpolation:0}
execute if entity @s[tag=aj.ecual.bone.himo_right_1] run data modify entity @s {} merge value {transformation:[-1f,2.5566364173315066e-17f,1.1976626757804556e-16f,-0.15625f,0f,0.9779657911279521f,-0.2087652063526836f,1.978494865789266f,-1.2246467991473532e-16f,-0.2087652063526836f,-0.9779657911279521f,0.06390704807233683f,0f,0f,0f,1f],start_interpolation:0}
execute if entity @s[tag=aj.ecual.bone.himo_left_2] run data modify entity @s {} merge value {transformation:[-1f,5.330043727357044e-17f,1.102572501609974e-16f,0.15625f,0f,0.9003187714021936f,-0.4352310993723274f,1.7920815812282767f,-1.2246467991473532e-16f,-0.4352310993723274f,-0.9003187714021936f,0.08501154615174131f,0f,0f,0f,1f],start_interpolation:0}
execute if entity @s[tag=aj.ecual.bone.himo_left_1] run data modify entity @s {} merge value {transformation:[-1f,9.715005520274601e-18f,1.2207873072062802e-16f,0.15625f,0f,0.9968484856664305f,-0.07932904023460942f,1.978494865789266f,-1.2246467991473532e-16f,-0.07932904023460942f,-0.9968484856664305f,0.06390704807233688f,0f,0f,0f,1f],start_interpolation:0}
execute if entity @s[tag=aj.ecual.bone.ponpon1] run data modify entity @s {} merge value {transformation:[-1f,-8.969092368767708e-18f,1.2213579822762485e-16f,0.29375f,0f,0.9973144772244581f,0.07323819712763174f,2.669589129247223f,-1.2246467991473532e-16f,0.07323819712763174f,-0.9973144772244581f,-0.07956940469194126f,0f,0f,0f,1f],start_interpolation:0}
execute if entity @s[tag=aj.ecual.bone.ponpon2] run data modify entity @s {} merge value {transformation:[-1f,-8.969092368767708e-18f,1.2213579822762485e-16f,0.33125f,0f,0.9973144772244581f,0.07323819712763174f,2.551790900574881f,-1.2246467991473532e-16f,0.07323819712763174f,-0.9973144772244581f,-0.18222241157268818f,0f,0f,0f,1f],start_interpolation:0}
execute if entity @s[tag=aj.ecual.bone.ponpon3] run data modify entity @s {} merge value {transformation:[-1f,-8.969092368767708e-18f,1.2213579822762485e-16f,-0.29375f,0f,0.9973144772244581f,0.07323819712763174f,2.669589129247223f,-1.2246467991473532e-16f,0.07323819712763174f,-0.9973144772244581f,-0.07956940469194133f,0f,0f,0f,1f],start_interpolation:0}
execute if entity @s[tag=aj.ecual.bone.ponpon4] run data modify entity @s {} merge value {transformation:[-1f,-8.969092368767708e-18f,1.2213579822762485e-16f,-0.33125f,0f,0.9973144772244581f,0.07323819712763174f,2.551790900574881f,-1.2246467991473532e-16f,0.07323819712763174f,-0.9973144772244581f,-0.18222241157268826f,0f,0f,0f,1f],start_interpolation:0}
execute if entity @s[tag=aj.ecual.bone.ear_edge_a1] run data modify entity @s {} merge value {transformation:[-0.9876883405951377f,0.15643446504023084f,1.2213579822762485e-16f,0.19523827377799088f,0.15601435672148561f,0.9850358810613322f,0.07323819712763174f,2.7776772162089602f,0.011456978188171924f,0.0723365133891702f,-0.9973144772244581f,-0.0935658157525681f,0f,0f,0f,1f],start_interpolation:0}
execute if entity @s[tag=aj.ecual.bone.ear_edge_a2] run data modify entity @s {} merge value {transformation:[-1f,-1.3877787807814457e-17f,1.2213579822762485e-16f,0.08005326181113279f,0f,0.9973144772244581f,0.07323819712763174f,2.7877275359232514f,-1.231653667943533e-16f,0.07323819712763174f,-0.9973144772244581f,-0.09282776640781233f,0f,0f,0f,1f],start_interpolation:0}
execute if entity @s[tag=aj.ecual.bone.ear_edge_b1] run data modify entity @s {} merge value {transformation:[-0.9702957262759965f,0.2419218955996677f,1.2213579822762485e-16f,0.05771677939820301f,0.24127220883913253f,0.9676899750040714f,0.07323819712763174f,2.783419451545208f,0.017717923479418696f,0.07106270967310008f,-0.9973144772244581f,-0.09314413234867354f,0f,0f,0f,1f],start_interpolation:0}
execute if entity @s[tag=aj.ecual.bone.ear_edge_b2] run data modify entity @s {} merge value {transformation:[-0.9975640502598243f,-0.06975647374412529f,1.2213579822762485e-16f,0.08682420206637906f,-0.06956914114514394f,0.9948850692827896f,0.07323819712763174f,2.7933937716140367f,-0.005108838375000839f,0.07305979256036774f,-0.9973144772244581f,-0.09241166406901119f,0f,0f,0f,1f],start_interpolation:0}
execute if entity @s[tag=aj.ecual.bone.ear_right_2] run data modify entity @s {} merge value {transformation:[-0.9961946980917455f,0.08715574274765817f,1.2213579822762485e-16f,0.1446100421182231f,0.08692168401549007f,0.993519394541146f,0.07323819712763174f,2.9001383799827125f,0.006383129468158028f,0.07295950367634486f,-0.9973144772244581f,-0.11590697860128919f,0f,0f,0f,1f],start_interpolation:0}
execute if entity @s[tag=aj.ecual.bone.ear_right_1] run data modify entity @s {} merge value {transformation:[-0.9961946980917455f,0.08715574274765817f,1.2213579822762485e-16f,0.12500000000000003f,0.08692168401549007f,0.993519394541146f,0.07323819712763174f,2.676596516210955f,0.006383129468158028f,0.07295950367634486f,-0.9973144772244581f,-0.13232286692846676f,0f,0f,0f,1f],start_interpolation:0}
execute if entity @s[tag=aj.ecual.bone.ear_edge_a3] run data modify entity @s {} merge value {transformation:[-0.9876883405951377f,-0.1564344650402309f,1.2213579822762485e-16f,-0.19523827377799086f,-0.15601435672148561f,0.9850358810613322f,0.07323819712763174f,2.7776772162089602f,-0.011456978188172167f,0.07233651338917016f,-0.9973144772244581f,-0.09356581575256814f,0f,0f,0f,1f],start_interpolation:0}
execute if entity @s[tag=aj.ecual.bone.ear_edge_a4] run data modify entity @s {} merge value {transformation:[-1f,-1.3877787807814457e-17f,1.2213579822762485e-16f,-0.08005326181113277f,0f,0.9973144772244581f,0.07323819712763174f,2.7877275359232514f,-1.231653667943533e-16f,0.07323819712763174f,-0.9973144772244581f,-0.09282776640781235f,0f,0f,0f,1f],start_interpolation:0}
execute if entity @s[tag=aj.ecual.bone.ear_edge_b3] run data modify entity @s {} merge value {transformation:[-0.9702957262759965f,-0.24192189559966773f,1.2213579822762485e-16f,-0.05771677939820295f,-0.24127220883913253f,0.9676899750040714f,0.07323819712763174f,2.783419451545208f,-0.01771792347941893f,0.07106270967310001f,-0.9973144772244581f,-0.09314413234867355f,0f,0f,0f,1f],start_interpolation:0}
execute if entity @s[tag=aj.ecual.bone.ear_edge_b4] run data modify entity @s {} merge value {transformation:[-0.9975640502598243f,0.06975647374412527f,1.2213579822762485e-16f,-0.086824202066379f,0.06956914114514394f,0.9948850692827896f,0.07323819712763174f,2.7933937716140367f,0.005108838375000592f,0.07305979256036775f,-0.9973144772244581f,-0.0924116640690112f,0f,0f,0f,1f],start_interpolation:0}
execute if entity @s[tag=aj.ecual.bone.ear_left_2] run data modify entity @s {} merge value {transformation:[-0.9961946980917455f,-0.0871557427476582f,1.2213579822762485e-16f,-0.14461004211822304f,-0.08692168401549007f,0.993519394541146f,0.07323819712763174f,2.9001383799827125f,-0.006383129468158273f,0.07295950367634484f,-0.9973144772244581f,-0.11590697860128922f,0f,0f,0f,1f],start_interpolation:0}
execute if entity @s[tag=aj.ecual.bone.ear_left_1] run data modify entity @s {} merge value {transformation:[-0.9961946980917455f,-0.0871557427476582f,1.2213579822762485e-16f,-0.12499999999999999f,-0.08692168401549007f,0.993519394541146f,0.07323819712763174f,2.676596516210955f,-0.006383129468158273f,0.07295950367634484f,-0.9973144772244581f,-0.1323228669284668f,0f,0f,0f,1f],start_interpolation:0}
execute if entity @s[tag=aj.ecual.bone.head] run data modify entity @s {} merge value {transformation:[-1f,-8.969092368767708e-18f,1.2213579822762485e-16f,1.6984793688174974e-17f,0f,0.9973144772244581f,0.07323819712763174f,2.1631841529731815f,-1.2246467991473532e-16f,0.07323819712763174f,-0.9973144772244581f,-0.13869136554311373f,0f,0f,0f,1f],start_interpolation:0}
execute if entity @s[tag=aj.ecual.bone.body_1] run data modify entity @s {} merge value {transformation:[-1f,1.709873946145231e-18f,1.2245274254873538e-16f,1.6343590958370512e-17f,0f,0.9999025240093042f,-0.01396218033914523f,1.7882207064696924f,-1.2246467991473532e-16f,-0.01396218033914523f,-0.9999025240093042f,-0.13345554791593428f,0f,0f,0f,1f],start_interpolation:0}
execute if entity @s[tag=aj.ecual.bone.leg_left_2] run data modify entity @s {} merge value {transformation:[-0.9843240893029215f,-0.17044130520920062f,0.045341467737144175f,0.1600375303959093f,-0.17434158508266887f,0.9014345605970915f,-0.3962584316730574f,1.3358795242560666f,0.026666438248046938f,-0.3979516232404546f,-0.9170187602396423f,0.19016916725029032f,0f,0f,0f,1f],start_interpolation:0}
execute if entity @s[tag=aj.ecual.bone.leg_left_1] run data modify entity @s {} merge value {transformation:[-0.9843240893029215f,-0.11361054610980359f,0.1349026724368593f,0.125f,-0.17434158508266887f,0.5111274639927699f,-0.8416375272426856f,1.4883769491202152f,0.026666438248046938f,-0.8519632382708494f,-0.5229221182032858f,-0.10614496188222179f,0f,0f,0f,1f],start_interpolation:0}
execute if entity @s[tag=aj.ecual.bone.leg_right_2] run data modify entity @s {} merge value {transformation:[-0.9806268676968841f,0.18273287825842793f,0.07056657533413657f,-0.17297934895099099f,0.19247766149205478f,0.9657727763698888f,0.17388299010928765f,1.3044241317255494f,-0.0363771381165121f,0.18409682133645677f,-0.9822347296834218f,0.158106128574263f,0f,0f,0f,1f],start_interpolation:0}
execute if entity @s[tag=aj.ecual.bone.leg_right_1] run data modify entity @s {} merge value {transformation:[-0.9806268676968841f,0.1601949107889703f,-0.1127321467386817f,-0.12499999999999999f,0.19247766149205478f,0.6811330287839841f,-0.7064065026074621f,1.4968011617733994f,-0.0363771381165121f,-0.7144196159519068f,-0.6987712903129193f,-0.11738442198667323f,0f,0f,0f,1f],start_interpolation:0}
execute if entity @s[tag=aj.ecual.bone.skirt_forward_right] run data modify entity @s {} merge value {transformation:[-0.9883615104677607f,0.15212338618991675f,1.0782737726967278e-16f,-0.003124999999999984f,0.13394119647935007f,0.870229927046972f,-0.47408820904711624f,1.680474084778867f,-0.07211990371296055f,-0.4685705383887633f,-0.8804773535091621f,-0.13179553769285962f,0f,0f,0f,1f],start_interpolation:0}
execute if entity @s[tag=aj.ecual.bone.skirt_forward_left] run data modify entity @s {} merge value {transformation:[-0.9883615104677607f,-0.15175282126685266f,0.01061159099462446f,-0.0031249999999999837f,-0.13394119647935007f,0.8350393689754941f,-0.5336375250548717f,1.661965288395103f,0.0721199037129603f,-0.52884811949988f,-0.8456467264702644f,-0.13479342612267958f,0f,0f,0f,1f],start_interpolation:0}
execute if entity @s[tag=aj.ecual.bone.skirt_forward] run data modify entity @s {} merge value {transformation:[-1f,5.805906077230521e-17f,1.0782737726967278e-16f,-0.003124999999999984f,0f,0.8804773535091621f,-0.47408820904711624f,1.680474084778867f,-1.2246467991473532e-16f,-0.47408820904711624f,-0.8804773535091621f,-0.13179553769285962f,0f,0f,0f,1f],start_interpolation:0}
execute if entity @s[tag=aj.ecual.bone.skirt_back_right] run data modify entity @s {} merge value {transformation:[-0.9914448613738104f,0.13052619222005157f,1.2183774756006255e-16f,-0.0031249999999999846f,0.12985799063660758f,0.9863693664482361f,-0.10105629718294631f,1.705052993276304f,-0.013190493671148029f,-0.10019174655149678f,-0.9948807088287882f,-0.1273580444441402f,0f,0f,0f,1f],start_interpolation:0}
execute if entity @s[tag=aj.ecual.bone.skirt_back_left] run data modify entity @s {} merge value {transformation:[-0.9914448613738104f,-0.13052619222005157f,1.2183774756006255e-16f,-0.0031249999999999846f,-0.12985799063660758f,0.9863693664482361f,-0.10105629718294631f,1.705052993276304f,0.013190493671147786f,-0.1001917465514968f,-0.9948807088287882f,-0.1273580444441402f,0f,0f,0f,1f],start_interpolation:0}
execute if entity @s[tag=aj.ecual.bone.skirt_back] run data modify entity @s {} merge value {transformation:[-1f,1.2375827087877888e-17f,1.2183774756006255e-16f,-0.0031249999999999846f,0f,0.9948807088287882f,-0.10105629718294631f,1.705052993276304f,-1.2246467991473532e-16f,-0.10105629718294631f,-0.9948807088287882f,-0.1273580444441402f,0f,0f,0f,1f],start_interpolation:0}
execute if entity @s[tag=aj.ecual.bone.skirt_right] run data modify entity @s {} merge value {transformation:[-0.984807753012208f,0.1736068541030225f,-0.0037881150322650104f,-0.196875f,0.16982197744996672f,0.9583249106148084f,-0.22972562258072698f,1.7184278164254707f,-0.036251697643404295f,-0.22687887936864348f,-0.9732480611408377f,-0.13128233581453672f,0f,0f,0f,1f],start_interpolation:0}
execute if entity @s[tag=aj.ecual.bone.skirt_left] run data modify entity @s {} merge value {transformation:[-0.984807753012208f,-0.1732763835890688f,0.011357134204529204f,0.19062500000000002f,-0.16982197744996674f,0.9473923067282254f,-0.27130852018901863f,1.7195611941493822f,0.036251697643404066f,-0.26911542512919256f,-0.9624254269165509f,-0.13742875206849897f,0f,0f,0f,1f],start_interpolation:0}
execute if entity @s[tag=aj.ecual.bone.coat_downer] run data modify entity @s {} merge value {transformation:[-1f,3.590739444581856e-17f,1.1708226531260392e-16f,-0.007812499999999987f,0f,0.9560492494172291f,-0.2932061266221304f,1.572110768544848f,-1.2246467991473532e-16f,-0.2932061266221304f,-0.9560492494172291f,-0.09897902420557227f,0f,0f,0f,1f],start_interpolation:0}
execute if entity @s[tag=aj.ecual.bone.body_2] run data modify entity @s {} merge value {transformation:[-1f,2.5566364173315066e-17f,1.1976626757804556e-16f,1.783391901258333e-17f,0f,0.9779657911279522f,-0.2087652063526836f,1.790625f,-1.2246467991473532e-16f,-0.2087652063526836f,-0.9779657911279522f,-0.145625f,0f,0f,0f,1f],start_interpolation:0}
execute if entity @s[tag=aj.ecual.bone.book_left] run data modify entity @s {} merge value {transformation:[0.300705799504275f,-0.12448504203688454f,-0.9455577700244282f,-0.7042439039676751f,3.1275807311044944e-16f,0.9914448613738104f,-0.13052619222005157f,2.539905692729767f,0.9537169507482262f,0.03924998298777902f,0.2981332197038169f,0.11141420243299104f,0f,0f,0f,1f],start_interpolation:0}
execute if entity @s[tag=aj.ecual.bone.book_right] run data modify entity @s {} merge value {transformation:[0.300705799504275f,-0.12448504203688454f,-0.9455577700244282f,-0.6760527352641493f,3.1275807311044944e-16f,0.9914448613738104f,-0.13052619222005157f,2.539905692729767f,0.9537169507482262f,0.03924998298777902f,0.2981332197038169f,0.20082516656563726f,0f,0f,0f,1f],start_interpolation:0}
execute if entity @s[tag=aj.ecual.bone.book_loot_1] run data modify entity @s {} merge value {transformation:[0.300705799504275f,-0.12448504203688454f,-0.9455577700244282f,-0.548314654112248f,3.1275807311044944e-16f,0.9914448613738104f,-0.13052619222005157f,2.559484621562775f,0.9537169507482262f,0.03924998298777902f,0.2981332197038169f,0.1113997015437416f,0f,0f,0f,1f],start_interpolation:0}
execute if entity @s[tag=aj.ecual.bone.book_left2] run data modify entity @s {} merge value {transformation:[-0.8385073785628337f,-0.4416406036178122f,0.3191534949390014f,0.9294900499083264f,-0.34755974266036116f,0.8845958709833608f,0.31095396817061643f,2.6846488559034323f,-0.4196517620331746f,0.1498122901343002f,-0.895236659407538f,-0.5932441333281373f,0f,0f,0f,1f],start_interpolation:0}
execute if entity @s[tag=aj.ecual.bone.book_right2] run data modify entity @s {} merge value {transformation:[-0.8857454385656099f,-0.4416406036178122f,-0.14285865495765332f,1.013165575091673f,-0.4564725505619631f,0.8845958709833608f,0.09551416451315102f,2.723667394096568f,0.0841892430401377f,0.1498122901343002f,-0.9851235704626324f,-0.5769646166718628f,0f,0f,0f,1f],start_interpolation:0}
execute if entity @s[tag=aj.ecual.bone.book_loot_2] run data modify entity @s {} merge value {transformation:[-0.8925389352890303f,-0.4416406036178122f,0.09125692428094843f,0.9576392738578574f,-0.4161977407267839f,0.8845958709833608f,0.2104033879316348f,2.672597616810255f,-0.17364817766692808f,0.1498122901343002f,-0.9733460782875079f,-0.43910246325687385f,0f,0f,0f,1f],start_interpolation:0}
execute if entity @s[tag=aj.ecual.bone.air_staff_povit_1] run data modify entity @s {} merge value {transformation:[-0.000014148757031498368f,0.000004808363200400663f,0.0000045643118645265906f,0.13550343787119232f,0.000004836547613719928f,0.00001484361372319367f,-6.446423945387908e-7f,2.1686423743324386f,-0.000004534435647778627f,8.290958748234858e-7f,-0.000014929571942507432f,0.49734924779505973f,0f,0f,0f,1f],start_interpolation:0}