execute if entity @s[tag=aj.ecual.bone.wing_right_1] run data modify entity @s {} merge value {transformation:[-0.7619529062927748f,-0.13435285540864492f,-0.26138386193485996f,0.030260335748567152f,-0.14178272612252607f,0.804264940746034f,-0.00009002492712761859f,1.6197793201883501f,0.2574293526575844f,0.04529525112819763f,-0.7737072528159309f,-0.550238282526406f,0f,0f,0f,1f],start_interpolation:0}
execute if entity @s[tag=aj.ecual.bone.wing_right_2] run data modify entity @s {} merge value {transformation:[-0.7399516473964565f,0.16404333084164505f,-0.25604949740557714f,0.030260335748567152f,0.1731807764839275f,0.7810303520858561f,-0.00008818768371685088f,1.6197793201883501f,0.24995995313588532f,-0.05551013175107948f,-0.7579173088809119f,-0.550238282526406f,0f,0f,0f,1f],start_interpolation:0}
execute if entity @s[tag=aj.ecual.bone.wing_left_1] run data modify entity @s {} merge value {transformation:[-0.7619529062927748f,0.13435285540864492f,0.2613838619348602f,-0.030260335748567f,0.14178272612252607f,0.804264940746034f,-0.00009002492712761859f,1.6197793201883501f,-0.2574293526575846f,0.04529525112819767f,-0.7737072528159309f,-0.550238282526406f,0f,0f,0f,1f],start_interpolation:0}
execute if entity @s[tag=aj.ecual.bone.wing_left_2] run data modify entity @s {} merge value {transformation:[-0.7399516473964565f,-0.16404333084164505f,0.25604949740557736f,-0.030260335748567f,-0.1731807764839275f,0.7810303520858561f,-0.00008818768371685088f,1.6197793201883501f,-0.24995995313588554f,-0.05551013175107953f,-0.7579173088809119f,-0.550238282526406f,0f,0f,0f,1f],start_interpolation:0}
execute if entity @s[tag=aj.ecual.bone.staff] run data modify entity @s {} merge value {transformation:[-1.1864924071918344f,0.7646520938798538f,0.6700367101892866f,-0.007098041638889913f,0.7789812252793054f,1.3454544064786607f,-0.15603506256449848f,1.5079732395231826f,-0.6533224841825654f,0.21555942431800654f,-1.4028934800080903f,0.3307547737483061f,0f,0f,0f,1f],start_interpolation:0}
execute if entity @s[tag=aj.ecual.bone.arm_right_2] run data modify entity @s {} merge value {transformation:[0.46812280074069457f,-0.8226581506721402f,-0.3226369640313745f,-0.14711625731091352f,-0.34521531523236026f,0.16584539677255686f,-0.9237541288126269f,1.5854639666695236f,0.813441718598026f,0.5438095912192498f,-0.20635818118563232f,0.13913408555503326f,0f,0f,0f,1f],start_interpolation:0}
execute if entity @s[tag=aj.ecual.bone.arm_right_1] run data modify entity @s {} merge value {transformation:[0.4009538182080806f,-0.8226581506721402f,-0.40307518256158603f,-0.2984375f,-0.5088963731655338f,0.16584539677255686f,-0.8447010037571394f,1.7713893350312493f,0.7617483292028459f,0.5438095912192498f,-0.35215140416392665f,-0.14188710756407508f,0f,0f,0f,1f],start_interpolation:0}
execute if entity @s[tag=aj.ecual.bone.arm_left_2] run data modify entity @s {} merge value {transformation:[0.2990975616546555f,0.8586032945806452f,0.416342444566371f,0.3005187410358779f,0.44452898911706995f,0.26070539929113173f,-0.8569869734220045f,1.5861496723497355f,-0.8443545620453505f,0.44139900012994315f,-0.30369770535433904f,0.16637577242077853f,0f,0f,0f,1f],start_interpolation:0}
execute if entity @s[tag=aj.ecual.bone.arm_left_1] run data modify entity @s {} merge value {transformation:[0.01578918626834224f,0.8856074905268265f,0.46416599866832214f,0.2984375f,0.5190349894709047f,0.38951901036016434f,-0.7608400753594516f,1.7713893350312493f,-0.8546071502754478f,0.2529314399018344f,-0.4535110863113086f,-0.141887107564075f,0f,0f,0f,1f],start_interpolation:0}
execute if entity @s[tag=aj.ecual.bone.himo_right_2] run data modify entity @s {} merge value {transformation:[-1f,5.1122169067963e-17f,1.112839685507539e-16f,-0.15625f,0f,0.9087025632879139f,-0.41744418965171215f,1.498450543705208f,-1.2246467991473532e-16f,-0.41744418965171215f,-0.9087025632879139f,0.03613036261982115f,0f,0f,0f,1f],start_interpolation:0}
execute if entity @s[tag=aj.ecual.bone.himo_right_1] run data modify entity @s {} merge value {transformation:[-1f,2.0226556075990142e-17f,1.2078279784772087e-16f,-0.15625f,0f,0.9862663906998699f,-0.16516236428391157f,1.6823432271846592f,-1.2246467991473532e-16f,-0.16516236428391157f,-0.9862663906998699f,-0.001001745625286432f,0f,0f,0f,1f],start_interpolation:0}
execute if entity @s[tag=aj.ecual.bone.himo_left_2] run data modify entity @s {} merge value {transformation:[-1f,4.720727233036332e-17f,1.1300031533471704e-16f,0.15625f,0f,0.9227175983589087f,-0.3854766318193202f,1.4963082921058861f,-1.2246467991473532e-16f,-0.3854766318193202f,-0.9227175983589087f,0.023212205523518232f,0f,0f,0f,1f],start_interpolation:0}
execute if entity @s[tag=aj.ecual.bone.himo_left_1] run data modify entity @s {} merge value {transformation:[-1f,1.1751903135165641e-17f,1.2189951025053489e-16f,0.15625f,0f,0.9953850394693888f,-0.09596157147797856f,1.6823432271846592f,-1.2246467991473532e-16f,-0.09596157147797856f,-0.9953850394693888f,-0.0010017456252864043f,0f,0f,0f,1f],start_interpolation:0}
execute if entity @s[tag=aj.ecual.bone.ponpon1] run data modify entity @s {} merge value {transformation:[-1f,-1.0659304876873791e-17f,1.2199990592685073e-16f,0.29375f,0f,0.996204832379359f,0.08703982964145432f,2.3753577950786084f,-1.2246467991473532e-16f,0.08703982964145432f,-0.996204832379359f,-0.13489566695511765f,0f,0f,0f,1f],start_interpolation:0}
execute if entity @s[tag=aj.ecual.bone.ponpon2] run data modify entity @s {} merge value {transformation:[-1f,-1.0659304876873791e-17f,1.2199990592685073e-16f,0.33125f,0f,0.996204832379359f,0.08703982964145432f,2.258992175060075f,-1.2246467991473532e-16f,0.08703982964145432f,-0.996204832379359f,-0.23916984869586433f,0f,0f,0f,1f],start_interpolation:0}
execute if entity @s[tag=aj.ecual.bone.ponpon3] run data modify entity @s {} merge value {transformation:[-1f,-1.0659304876873791e-17f,1.2199990592685073e-16f,-0.29375f,0f,0.996204832379359f,0.08703982964145432f,2.3753577950786084f,-1.2246467991473532e-16f,0.08703982964145432f,-0.996204832379359f,-0.1348956669551177f,0f,0f,0f,1f],start_interpolation:0}
execute if entity @s[tag=aj.ecual.bone.ponpon4] run data modify entity @s {} merge value {transformation:[-1f,-1.0659304876873791e-17f,1.2199990592685073e-16f,-0.33125f,0f,0.996204832379359f,0.08703982964145432f,2.258992175060075f,-1.2246467991473532e-16f,0.08703982964145432f,-0.996204832379359f,-0.23916984869586438f,0f,0f,0f,1f],start_interpolation:0}
execute if entity @s[tag=aj.ecual.bone.ear_edge_a1] run data modify entity @s {} merge value {transformation:[-0.9876883405951377f,0.15643446504023084f,1.2199990592685073e-16f,0.19523827377799088f,0.1558407700237579f,0.9839398977856264f,0.08703982964145432f,2.483629312928795f,0.013616029187153616f,0.08596822490425152f,-0.996204832379359f,-0.1473941663867653f,0f,0f,0f,1f],start_interpolation:0}
execute if entity @s[tag=aj.ecual.bone.ear_edge_a2] run data modify entity @s {} merge value {transformation:[-1f,-1.3877787807814457e-17f,1.2199990592685073e-16f,0.08005326181113279f,0f,0.996204832379359f,0.08703982964145432f,2.49366845032726f,-1.231653667943533e-16f,0.08703982964145432f,-0.996204832379359f,-0.14651703270852118f,0f,0f,0f,1f],start_interpolation:0}
execute if entity @s[tag=aj.ecual.bone.ear_edge_b1] run data modify entity @s {} merge value {transformation:[-0.9702957262759965f,0.2419218955996677f,1.2199990592685073e-16f,0.05771677939820301f,0.2410037614547638f,0.9666132913531875f,0.08703982964145432f,2.4893651592653985f,0.021056840579532658f,0.08445437471689396f,-0.996204832379359f,-0.1468930173541963f,0f,0f,0f,1f],start_interpolation:0}
execute if entity @s[tag=aj.ecual.bone.ear_edge_b2] run data modify entity @s {} merge value {transformation:[-0.9975640502598243f,-0.06975647374412529f,1.2199990592685073e-16f,0.08682420206637906f,-0.0694917362336415f,0.9937781274767628f,0.08703982964145432f,2.499328381578102f,-0.00607159159107737f,0.08682780499105427f,-0.996204832379359f,-0.146022516484705f,0f,0f,0f,1f],start_interpolation:0}
execute if entity @s[tag=aj.ecual.bone.ear_right_2] run data modify entity @s {} merge value {transformation:[-0.9961946980917455f,0.08715574274765817f,1.2199990592685073e-16f,0.1446100421182231f,0.08682497209482935f,0.9924139722296935f,0.08703982964145432f,2.606388069881177f,0.007586021001030463f,0.08670861681162556f,-0.996204832379359f,-0.16803761042502582f,0f,0f,0f,1f],start_interpolation:0}
execute if entity @s[tag=aj.ecual.bone.ear_right_1] run data modify entity @s {} merge value {transformation:[-0.9961946980917455f,0.08715574274765817f,1.2199990592685073e-16f,0.12500000000000003f,0.08682497209482935f,0.9924139722296935f,0.08703982964145432f,2.3830949261294965f,0.007586021001030463f,0.08670861681162556f,-0.996204832379359f,-0.18754704920764154f,0f,0f,0f,1f],start_interpolation:0}
execute if entity @s[tag=aj.ecual.bone.ear_edge_a3] run data modify entity @s {} merge value {transformation:[-0.9876883405951377f,-0.1564344650402309f,1.2199990592685073e-16f,-0.19523827377799083f,-0.1558407700237579f,0.9839398977856264f,0.08703982964145432f,2.483629312928795f,-0.013616029187153857f,0.08596822490425146f,-0.996204832379359f,-0.14739416638676536f,0f,0f,0f,1f],start_interpolation:0}
execute if entity @s[tag=aj.ecual.bone.ear_edge_a4] run data modify entity @s {} merge value {transformation:[-1f,-1.3877787807814457e-17f,1.2199990592685073e-16f,-0.08005326181113276f,0f,0.996204832379359f,0.08703982964145432f,2.49366845032726f,-1.231653667943533e-16f,0.08703982964145432f,-0.996204832379359f,-0.14651703270852118f,0f,0f,0f,1f],start_interpolation:0}
execute if entity @s[tag=aj.ecual.bone.ear_edge_b3] run data modify entity @s {} merge value {transformation:[-0.9702957262759965f,-0.24192189559966773f,1.2199990592685073e-16f,-0.05771677939820295f,-0.2410037614547638f,0.9666132913531875f,0.08703982964145432f,2.4893651592653985f,-0.021056840579532894f,0.08445437471689389f,-0.996204832379359f,-0.1468930173541963f,0f,0f,0f,1f],start_interpolation:0}
execute if entity @s[tag=aj.ecual.bone.ear_edge_b4] run data modify entity @s {} merge value {transformation:[-0.9975640502598243f,0.06975647374412527f,1.2199990592685073e-16f,-0.086824202066379f,0.0694917362336415f,0.9937781274767628f,0.08703982964145432f,2.499328381578102f,0.0060715915910771225f,0.08682780499105429f,-0.996204832379359f,-0.146022516484705f,0f,0f,0f,1f],start_interpolation:0}
execute if entity @s[tag=aj.ecual.bone.ear_left_2] run data modify entity @s {} merge value {transformation:[-0.9961946980917455f,-0.0871557427476582f,1.2199990592685073e-16f,-0.14461004211822304f,-0.08682497209482935f,0.9924139722296935f,0.08703982964145432f,2.606388069881177f,-0.007586021001030708f,0.08670861681162553f,-0.996204832379359f,-0.16803761042502585f,0f,0f,0f,1f],start_interpolation:0}
execute if entity @s[tag=aj.ecual.bone.ear_left_1] run data modify entity @s {} merge value {transformation:[-0.9961946980917455f,-0.0871557427476582f,1.2199990592685073e-16f,-0.12499999999999997f,-0.08682497209482935f,0.9924139722296935f,0.08703982964145432f,2.3830949261294965f,-0.007586021001030708f,0.08670861681162553f,-0.996204832379359f,-0.18754704920764156f,0f,0f,0f,1f],start_interpolation:0}
execute if entity @s[tag=aj.ecual.bone.head] run data modify entity @s {} merge value {transformation:[-1f,-1.0659304876873791e-17f,1.2199990592685073e-16f,2.4618286039350676e-17f,0f,0.996204832379359f,0.08703982964145432f,1.8698199548587793f,-1.2246467991473532e-16f,0.08703982964145432f,-0.996204832379359f,-0.20102356088703194f,0f,0f,0f,1f],start_interpolation:0}
execute if entity @s[tag=aj.ecual.bone.body_1] run data modify entity @s {} merge value {transformation:[-1f,1.4249412513942788e-20f,1.2246467908573808e-16f,2.4612942509657948e-17f,0f,0.999999993230724f,-0.00011635528320377841f,1.4948199573972578f,-1.2246467991473532e-16f,-0.00011635528320377841f,-0.999999993230724f,-0.20097992765583053f,0f,0f,0f,1f],start_interpolation:0}
execute if entity @s[tag=aj.ecual.bone.leg_left_2] run data modify entity @s {} merge value {transformation:[-0.9802487894417453f,-0.1949743430650666f,0.03312576556607519f,0.17455715578985623f,-0.19753472656421886f,0.9571201088596659f,-0.21189886506930744f,0.9601817367648375f,0.009609505668459781f,-0.21425709501159346f,-0.976730031604435f,0.048325147619876496f,0f,0f,0f,1f],start_interpolation:0}
execute if entity @s[tag=aj.ecual.bone.leg_left_1] run data modify entity @s {} merge value {transformation:[-0.9802487894417453f,-0.1515532223512794f,0.12705877219986242f,0.12500000000000003f,-0.19753472656421886f,0.7190769172267373f,-0.666264526230304f,1.1942067209416092f,0.009609505668459781f,-0.6782035151093185f,-0.7348113019640974f,-0.19625358449351238f,0f,0f,0f,1f],start_interpolation:0}
execute if entity @s[tag=aj.ecual.bone.leg_right_2] run data modify entity @s {} merge value {transformation:[-0.9784975695113439f,0.17218709556264244f,0.11355223723949348f,-0.18274037445545893f,0.20537786064454963f,0.8641900689088666f,0.4593424203754278f,0.9485010030578866f,-0.019037878491594523f,0.4727865574664637f,-0.880971299340421f,0.008260168706126808f,0f,0f,0f,1f],start_interpolation:0}
execute if entity @s[tag=aj.ecual.bone.leg_right_1] run data modify entity @s {} merge value {transformation:[-0.9784975695113439f,0.1875430175962633f,-0.08584942056461681f,-0.12499999999999997f,0.20537786064454963f,0.8474954305570955f,-0.4894603452190087f,1.2039303789690077f,-0.019037878491594523f,-0.4965673285021186f,-0.8677894027048316f,-0.20391038899158895f,0f,0f,0f,1f],start_interpolation:0}
execute if entity @s[tag=aj.ecual.bone.skirt_forward_right] run data modify entity @s {} merge value {transformation:[-0.9867615321125792f,0.16217792310556747f,1.1286251705841932e-16f,-0.004583333333333307f,0.1494619397670001f,0.9093919187817004f,-0.3881590738545506f,1.3873801066216296f,-0.0629508324323117f,-0.3830204424201162f,-0.9215923900425704f,-0.2083774902746668f,0f,0f,0f,1f],start_interpolation:0}
execute if entity @s[tag=aj.ecual.bone.skirt_forward_left] run data modify entity @s {} merge value {transformation:[-0.9867615321125792f,-0.1620655185951693f,0.006037087486045102f,-0.004583333333333307f,-0.1494619397670001f,0.8943123691492831f,-0.4217422375665989f,1.3777056703399584f,0.06295083243231145f,-0.41706133130401185f,-0.906695670347556f,-0.21090837753535754f,0f,0f,0f,1f],start_interpolation:0}
execute if entity @s[tag=aj.ecual.bone.skirt_forward] run data modify entity @s {} merge value {transformation:[-1f,4.7535776735597654e-17f,1.1286251705841932e-16f,-0.004583333333333307f,0f,0.9215923900425704f,-0.3881590738545506f,1.3873801066216296f,-1.2246467991473532e-16f,-0.3881590738545506f,-0.9215923900425704f,-0.2083774902746668f,0f,0f,0f,1f],start_interpolation:0}
execute if entity @s[tag=aj.ecual.bone.skirt_back_right] run data modify entity @s {} merge value {transformation:[-0.9885817194971117f,0.1506857122494831f,1.2246252369929864e-16f,-0.004583333333333308f,0.150683059150981f,0.9885643137016981f,-0.005934084629718839f,1.4114937235295177f,-0.0008941817689780145f,-0.005866327586888813f,-0.9999823931648033f,-0.20191181908774483f,0f,0f,0f,1f],start_interpolation:0}
execute if entity @s[tag=aj.ecual.bone.skirt_back_left] run data modify entity @s {} merge value {transformation:[-0.9885817194971117f,-0.1506857122494831f,1.2246252369929864e-16f,-0.004583333333333308f,-0.150683059150981f,0.9885643137016981f,-0.005934084629718839f,1.4114937235295177f,0.0008941817689777723f,-0.005866327586888849f,-0.9999823931648033f,-0.20191181908774483f,0f,0f,0f,1f],start_interpolation:0}
execute if entity @s[tag=aj.ecual.bone.skirt_back] run data modify entity @s {} merge value {transformation:[-1f,7.26715774765469e-19f,1.2246252369929864e-16f,-0.004583333333333308f,0f,0.9999823931648033f,-0.005934084629718839f,1.4114937235295177f,-1.2246467991473532e-16f,-0.005934084629718839f,-0.9999823931648033f,-0.20191181908774483f,0f,0f,0f,1f],start_interpolation:0}
execute if entity @s[tag=aj.ecual.bone.skirt_right] run data modify entity @s {} merge value {transformation:[-0.9810679902988926f,0.19356448872471624f,-0.006195733663671858f,-0.1983333333333333f,0.19214780242166898f,0.9688959195798585f,-0.1559484499635167f,1.4259024135093095f,-0.024183060919064865f,-0.15418652900379923f,-0.9877457637663375f,-0.207520956500101f,0f,0f,0f,1f],start_interpolation:0}
execute if entity @s[tag=aj.ecual.bone.skirt_left] run data modify entity @s {} merge value {transformation:[-0.9810679902988926f,-0.19336791117572572f,0.010698099757834895f,0.1891666666666667f,-0.192147802421669f,0.9650048247846459f,-0.1784514224288447f,1.4267833675769228f,0.024183060919064626f,-0.17712859472680118f,-0.9838905632714918f,-0.21073579194822786f,0f,0f,0f,1f],start_interpolation:0}
execute if entity @s[tag=aj.ecual.bone.coat_downer] run data modify entity @s {} merge value {transformation:[-1f,2.582411034573729e-17f,1.197109566893096e-16f,-0.0078124999999999774f,0f,0.9775141434465597f,-0.21086986356978227f,1.2766202163206894f,-1.2246467991473532e-16f,-0.21086986356978227f,-0.9775141434465597f,-0.18493710378997993f,0f,0f,0f,1f],start_interpolation:0}
execute if entity @s[tag=aj.ecual.bone.body_2] run data modify entity @s {} merge value {transformation:[-1f,1.5292344464070166e-17f,1.2150613987536102e-16f,2.6065146436188753e-17f,0f,0.9921729265936785f,-0.12487146885712101f,1.4983088546064645f,-1.2246467991473532e-16f,-0.12487146885712101f,-0.9921729265936785f,-0.2128380726127429f,0f,0f,0f,1f],start_interpolation:0}
execute if entity @s[tag=aj.ecual.bone.book_left] run data modify entity @s {} merge value {transformation:[0.16217792310556287f,-0.06883300490652404f,-0.9843578306148147f,-1.0454630937869023f,-3.247954723301853e-16f,0.9975640502598242f,-0.06975647374412536f,2.3945779146883943f,0.9867615321125799f,0.011312960034990301f,0.16178286583591167f,-0.33466688219793067f,0f,0f,0f,1f],start_interpolation:0}
execute if entity @s[tag=aj.ecual.bone.book_right] run data modify entity @s {} merge value {transformation:[0.16217792310556287f,-0.06883300490652404f,-0.9843578306148147f,-1.0302589134957558f,-3.247954723301853e-16f,0.9975640502598242f,-0.06975647374412536f,2.3945779146883943f,0.9867615321125799f,0.011312960034990301f,0.16178286583591167f,-0.2421579885623763f,0f,0f,0f,1f],start_interpolation:0}
execute if entity @s[tag=aj.ecual.bone.book_loot_1] run data modify entity @s {} merge value {transformation:[0.16217792310556287f,-0.06883300490652404f,-0.9843578306148147f,-0.8902073290491068f,-3.247954723301853e-16f,0.9975640502598242f,-0.06975647374412536f,2.405041385750013f,0.9867615321125799f,0.011312960034990301f,0.16178286583591167f,-0.31267986525554026f,0f,0f,0f,1f],start_interpolation:0}
execute if entity @s[tag=aj.ecual.bone.book_left2] run data modify entity @s {} merge value {transformation:[-0.5564103728204984f,-0.28806256231447347f,0.7793763257955519f,1.1360874749553698f,-0.12023507559819173f,0.956022807924295f,0.2675143310636719f,2.387991824418876f,-0.8221624070788272f,0.05513937723049487f,-0.5665762309389462f,-0.6902363490322134f,0f,0f,0f,1f],start_interpolation:0}
execute if entity @s[tag=aj.ecual.bone.book_right2] run data modify entity @s {} merge value {transformation:[-0.7496812082437588f,-0.28806256231447347f,0.5958171247950148f,1.1979121917112974f,-0.18931431553833367f,0.956022807924295f,0.22401000125172754f,2.40264455146072f,-0.6341436556005511f,0.05513937723049487f,-0.7712467005700594f,-0.6213011295266043f,0f,0f,0f,1f],start_interpolation:0}
execute if entity @s[tag=aj.ecual.bone.book_loot_2] run data modify entity @s {} merge value {transformation:[-0.6594636453965614f,-0.28806256231447347f,0.6943541319766872f,1.0628467135368305f,-0.15629575511300686f,0.956022807924295f,0.2481774116679472f,2.3580915761896057f,-0.7353090080598316f,0.05513937723049487f,-0.6754852416927404f,-0.5544459530254978f,0f,0f,0f,1f],start_interpolation:0}
execute if entity @s[tag=aj.ecual.bone.air_staff_povit_1] run data modify entity @s {} merge value {transformation:[-0.000012765640584159772f,0.0000067604980071740746f,0.000005956065158395126f,0.1858638505857269f,0.000006645371867299633f,0.000014039719455427865f,-0.0000016929073684590556f,1.9831036140838192f,-0.000006084248369466484f,0.0000011500301334642214f,-0.000014345730287119186f,0.37958843560948274f,0f,0f,0f,1f],start_interpolation:0}