execute if entity @s[tag=aj.ecual.bone.wing_right_1] run data modify entity @s {} merge value {transformation:[-0.7557568723586308f,-0.1332603274526701f,-0.27931645038262926f,0.03103073792140923f,-0.14611584233707026f,0.8033985966871046f,0.012054040972379521f,1.3945018397539526f,0.2728115740676577f,0.06112957069080821f,-0.7673209661454122f,-0.6249065345668973f,0f,0f,0f,1f],start_interpolation:0}
execute if entity @s[tag=aj.ecual.bone.wing_right_2] run data modify entity @s {} merge value {transformation:[-0.7339345228746785f,0.1627093664507089f,-0.2736161146605348f,0.03103073792140923f,0.16893442915263895f,0.7818706599144221f,0.01180804013620851f,1.3945018397539526f,0.26981711357804944f,-0.04694606729210901f,-0.7516613545914242f,-0.6249065345668973f,0f,0f,0f,1f],start_interpolation:0}
execute if entity @s[tag=aj.ecual.bone.wing_left_1] run data modify entity @s {} merge value {transformation:[-0.7557568723586308f,0.1332603274526701f,0.2793164503826295f,-0.031030737921409077f,0.14611584233707026f,0.8033985966871046f,0.012054040972379521f,1.3945018397539526f,-0.27281157406765794f,0.06112957069080825f,-0.7673209661454122f,-0.6249065345668973f,0f,0f,0f,1f],start_interpolation:0}
execute if entity @s[tag=aj.ecual.bone.wing_left_2] run data modify entity @s {} merge value {transformation:[-0.7339345228746785f,-0.1627093664507089f,0.27361611466053504f,-0.031030737921409077f,-0.16893442915263895f,0.7818706599144221f,0.01180804013620851f,1.3945018397539526f,-0.26981711357804966f,-0.04694606729210906f,-0.7516613545914242f,-0.6249065345668973f,0f,0f,0f,1f],start_interpolation:0}
execute if entity @s[tag=aj.ecual.bone.staff] run data modify entity @s {} merge value {transformation:[-0.000010529924891422476f,0.000006450391044703763f,0.000009573597137513511f,-0.09566384914190401f,0.0000043349587863466256f,0.000014219293933574156f,-0.000004812529205240994f,1.4535903451886714f,-0.000010699039167218595f,-5.871630106084892e-7f,-0.000011372177693709135f,0.38381106933576925f,0f,0f,0f,1f],start_interpolation:0}
execute if entity @s[tag=aj.ecual.bone.arm_right_2] run data modify entity @s {} merge value {transformation:[0.2995660843396886f,-0.9252047896222025f,-0.23292972840219958f,-0.19514951232084043f,-0.048144993628762345f,0.22917136183719128f,-0.9721947060657006f,1.4582492370213955f,0.9528600215676346f,0.30245096160174956f,0.02410798880669998f,0.1548903336619349f,0f,0f,0f,1f],start_interpolation:0}
execute if entity @s[tag=aj.ecual.bone.arm_right_1] run data modify entity @s {} merge value {transformation:[0.272473333398768f,-0.9252047896222025f,-0.26411054474727f,-0.29843749999999997f,-0.15353087645776356f,0.22917136183719128f,-0.9612017253874434f,1.5143311307608407f,0.949835013336882f,0.30245096160174956f,-0.07960441737430281f,-0.19529835250708943f,0f,0f,0f,1f],start_interpolation:0}
execute if entity @s[tag=aj.ecual.bone.arm_left_2] run data modify entity @s {} merge value {transformation:[0.29956608433968884f,0.9252047896222025f,0.23292972840219955f,0.1997755362689515f,0.048144993628762345f,0.22917136183719128f,-0.9721947060657006f,1.4593950938305815f,-0.9528600215676346f,0.3024509616017498f,0.02410798880670005f,0.1564025884699437f,0f,0f,0f,1f],start_interpolation:0}
execute if entity @s[tag=aj.ecual.bone.arm_left_1] run data modify entity @s {} merge value {transformation:[0.2724733333987682f,0.9252047896222025f,0.26411054474727f,0.2984375000000001f,0.15353087645776356f,0.22917136183719128f,-0.9612017253874434f,1.5143311307608407f,-0.949835013336882f,0.3024509616017498f,-0.07960441737430274f,-0.19529835250708938f,0f,0f,0f,1f],start_interpolation:0}
execute if entity @s[tag=aj.ecual.bone.himo_right_2] run data modify entity @s {} merge value {transformation:[-1f,4.007263526084816e-17f,1.1572286606314936e-16f,-0.15625f,0f,0.9449489121575307f,-0.32721789897910386f,1.2628624366288919f,-1.2246467991473532e-16f,-0.32721789897910386f,-0.9449489121575307f,-0.049185034017464754f,0f,0f,0f,1f],start_interpolation:0}
execute if entity @s[tag=aj.ecual.bone.himo_right_1] run data modify entity @s {} merge value {transformation:[-1f,1.4075741345420672e-17f,1.2165307777526794e-16f,-0.15625f,0f,0.9933727656003963f,-0.1149371504928666f,1.4484014729883858f,-1.2246467991473532e-16f,-0.1149371504928666f,-0.9933727656003963f,-0.0769443295198797f,0f,0f,0f,1f],start_interpolation:0}
execute if entity @s[tag=aj.ecual.bone.himo_left_2] run data modify entity @s {} merge value {transformation:[-1f,4.007263526084816e-17f,1.1572286606314936e-16f,0.15625f,0f,0.9449489121575307f,-0.32721789897910386f,1.2628624366288919f,-1.2246467991473532e-16f,-0.32721789897910386f,-0.9449489121575307f,-0.04918503401746473f,0f,0f,0f,1f],start_interpolation:0}
execute if entity @s[tag=aj.ecual.bone.himo_left_1] run data modify entity @s {} merge value {transformation:[-1f,1.4075741345420672e-17f,1.2165307777526794e-16f,0.15625f,0f,0.9933727656003963f,-0.1149371504928666f,1.4484014729883858f,-1.2246467991473532e-16f,-0.1149371504928666f,-0.9933727656003963f,-0.07694432951987967f,0f,0f,0f,1f],start_interpolation:0}
execute if entity @s[tag=aj.ecual.bone.ponpon1] run data modify entity @s {} merge value {transformation:[-1f,-1.2588455115273837e-17f,1.2181596210854026e-16f,0.29375000000000007f,0f,0.9947028171171741f,0.10279253678724681f,2.1434479657679004f,-1.2246467991473532e-16f,0.10279253678724681f,-0.9947028171171741f,-0.19985546146980335f,0f,0f,0f,1f],start_interpolation:0}
execute if entity @s[tag=aj.ecual.bone.ponpon2] run data modify entity @s {} merge value {transformation:[-1f,-1.2588455115273837e-17f,1.2181596210854026e-16f,0.33125000000000004f,0f,0.9947028171171741f,0.10279253678724681f,2.0287469139520584f,-1.2246467991473532e-16f,0.10279253678724681f,-0.9947028171171741f,-0.3059579176729443f,0f,0f,0f,1f],start_interpolation:0}
execute if entity @s[tag=aj.ecual.bone.ponpon3] run data modify entity @s {} merge value {transformation:[-1f,-1.2588455115273837e-17f,1.2181596210854026e-16f,-0.29374999999999996f,0f,0.9947028171171741f,0.10279253678724681f,2.1434479657679004f,-1.2246467991473532e-16f,0.10279253678724681f,-0.9947028171171741f,-0.19985546146980343f,0f,0f,0f,1f],start_interpolation:0}
execute if entity @s[tag=aj.ecual.bone.ponpon4] run data modify entity @s {} merge value {transformation:[-1f,-1.2588455115273837e-17f,1.2181596210854026e-16f,-0.33124999999999993f,0f,0.9947028171171741f,0.10279253678724681f,2.0287469139520584f,-1.2246467991473532e-16f,0.10279253678724681f,-0.9947028171171741f,-0.30595791767294434f,0f,0f,0f,1f],start_interpolation:0}
execute if entity @s[tag=aj.ecual.bone.ear_edge_a1] run data modify entity @s {} merge value {transformation:[-0.9876883405951377f,0.15643446504023084f,1.2181596210854026e-16f,0.19523827377799088f,0.15560580306973576f,0.9824563748237705f,0.10279253678724681f,2.251903699798787f,0.016080295502441087f,0.10152699008496047f,-0.9947028171171741f,-0.2106391445812373f,0f,0f,0f,1f],start_interpolation:0}
execute if entity @s[tag=aj.ecual.bone.ear_edge_a2] run data modify entity @s {} merge value {transformation:[-1f,-1.3877787807814457e-17f,1.2181596210854026e-16f,0.08005326181113279f,0f,0.9947028171171741f,0.10279253678724681f,2.2619277008145504f,-1.214306433183765e-16f,0.10279253678724681f,-0.9947028171171741f,-0.2096032648436545f,0f,0f,0f,1f],start_interpolation:0}
execute if entity @s[tag=aj.ecual.bone.ear_edge_b1] run data modify entity @s {} merge value {transformation:[-0.9702957262759965f,0.2419218955996677f,1.2181596210854026e-16f,0.05771677939820301f,0.24064039107531637f,0.9651558923634882f,0.10279253678724681f,2.2576308979854725f,0.024867765353069213f,0.09973915913773376f,-0.9947028171171741f,-0.2100472962219465f,0f,0f,0f,1f],start_interpolation:0}
execute if entity @s[tag=aj.ecual.bone.ear_edge_b2] run data modify entity @s {} merge value {transformation:[-0.9975640502598243f,-0.06975647374412529f,1.2181596210854026e-16f,0.08682420206637906f,-0.0693869609454416f,0.9922797710482656f,0.10279253678724681f,2.2675790983754878f,-0.007170444893491739f,0.10254213933396791f,-0.9947028171171741f,-0.20901924971704045f,0f,0f,0f,1f],start_interpolation:0}
execute if entity @s[tag=aj.ecual.bone.ear_right_2] run data modify entity @s {} merge value {transformation:[-0.9961946980917455f,0.08715574274765817f,1.2181596210854026e-16f,0.1446100421182231f,0.08669406283903532f,0.9909176725890521f,0.10279253678724681f,2.374973741920751f,0.00895895989260835f,0.102401380150856f,-0.9947028171171741f,-0.2293375114177505f,0f,0f,0f,1f],start_interpolation:0}
execute if entity @s[tag=aj.ecual.bone.ear_right_1] run data modify entity @s {} merge value {transformation:[-0.9961946980917455f,0.08715574274765817f,1.2181596210854026e-16f,0.12500000000000003f,0.08669406283903532f,0.9909176725890521f,0.10279253678724681f,2.1520172655882144f,0.00895895989260835f,0.102401380150856f,-0.9947028171171741f,-0.25237782195169306f,0f,0f,0f,1f],start_interpolation:0}
execute if entity @s[tag=aj.ecual.bone.ear_edge_a3] run data modify entity @s {} merge value {transformation:[-0.9876883405951377f,-0.1564344650402309f,1.2181596210854026e-16f,-0.19523827377799083f,-0.15560580306973576f,0.9824563748237705f,0.10279253678724681f,2.251903699798787f,-0.016080295502441326f,0.10152699008496043f,-0.9947028171171741f,-0.2106391445812374f,0f,0f,0f,1f],start_interpolation:0}
execute if entity @s[tag=aj.ecual.bone.ear_edge_a4] run data modify entity @s {} merge value {transformation:[-1f,-1.3877787807814457e-17f,1.2181596210854026e-16f,-0.08005326181113276f,0f,0.9947028171171741f,0.10279253678724681f,2.2619277008145504f,-1.214306433183765e-16f,0.10279253678724681f,-0.9947028171171741f,-0.20960326484365452f,0f,0f,0f,1f],start_interpolation:0}
execute if entity @s[tag=aj.ecual.bone.ear_edge_b3] run data modify entity @s {} merge value {transformation:[-0.9702957262759965f,-0.24192189559966773f,1.2181596210854026e-16f,-0.05771677939820295f,-0.24064039107531637f,0.9651558923634882f,0.10279253678724681f,2.2576308979854725f,-0.024867765353069442f,0.09973915913773371f,-0.9947028171171741f,-0.21004729622194657f,0f,0f,0f,1f],start_interpolation:0}
execute if entity @s[tag=aj.ecual.bone.ear_edge_b4] run data modify entity @s {} merge value {transformation:[-0.9975640502598243f,0.06975647374412527f,1.2181596210854026e-16f,-0.086824202066379f,0.0693869609454416f,0.9922797710482656f,0.10279253678724681f,2.2675790983754878f,0.007170444893491492f,0.10254213933396791f,-0.9947028171171741f,-0.2090192497170405f,0f,0f,0f,1f],start_interpolation:0}
execute if entity @s[tag=aj.ecual.bone.ear_left_2] run data modify entity @s {} merge value {transformation:[-0.9961946980917455f,-0.0871557427476582f,1.2181596210854026e-16f,-0.14461004211822304f,-0.08669406283903532f,0.9909176725890521f,0.10279253678724681f,2.374973741920751f,-0.008958959892608594f,0.10240138015085597f,-0.9947028171171741f,-0.22933751141775055f,0f,0f,0f,1f],start_interpolation:0}
execute if entity @s[tag=aj.ecual.bone.ear_left_1] run data modify entity @s {} merge value {transformation:[-0.9961946980917455f,-0.0871557427476582f,1.2181596210854026e-16f,-0.12499999999999997f,-0.08669406283903532f,0.9909176725890521f,0.10279253678724681f,2.1520172655882144f,-0.008958959892608594f,0.10240138015085597f,-0.9947028171171741f,-0.2523778219516931f,0f,0f,0f,1f],start_interpolation:0}
execute if entity @s[tag=aj.ecual.bone.head] run data modify entity @s {} merge value {transformation:[-1f,-1.2588455115273837e-17f,1.2181596210854026e-16f,3.355220361357811e-17f,0f,0.9947028171171741f,0.10279253678724681f,1.6390198050410612f,-1.2246467991473532e-16f,0.10279253678724681f,-0.9947028171171741f,-0.2739745340202454f,0f,0f,0f,1f],start_interpolation:0}
execute if entity @s[tag=aj.ecual.bone.body_1] run data modify entity @s {} merge value {transformation:[-1f,-1.9235915869112995e-18f,1.2244957175109002e-16f,3.427355045866985e-17f,0f,0.9998766324816606f,0.015707317311820672f,1.2640660678604385f,-1.2246467991473532e-16f,0.015707317311820672f,-0.9998766324816606f,-0.2798647780121782f,0f,0f,0f,1f],start_interpolation:0}
execute if entity @s[tag=aj.ecual.bone.leg_left_2] run data modify entity @s {} merge value {transformation:[-0.9492316974711853f,-0.3131800065320514f,-0.029622086769105008f,0.22740584894346993f,-0.31320404774337396f,0.9496776635717556f,-0.003944589973270407f,0.6690123024854293f,0.029366800866598555f,0.005533427642533895f,-0.9995533863608218f,-0.14343863212316182f,0f,0f,0f,1f],start_interpolation:0}
execute if entity @s[tag=aj.ecual.bone.leg_left_1] run data modify entity @s {} merge value {transformation:[-0.9492316974711853f,-0.2963563134836784f,0.10550886206540129f,0.12500000000000003f,-0.31320404774337396f,0.8590332059120708f,-0.4049261360021058f,0.9646123478546278f,0.029366800866598555f,-0.41741452609940793f,-0.9082415451894216f,-0.30088673557282236f,0f,0f,0f,1f],start_interpolation:0}
execute if entity @s[tag=aj.ecual.bone.leg_right_2] run data modify entity @s {} merge value {transformation:[-0.9483196344630989f,0.1976942260474057f,0.24820730021353474f,-0.22564967186832735f,0.3168026366824157f,0.634369018448643f,0.7051326384614278f,0.680853018546355f,-0.01805437018685061f,0.7473238531052132f,-0.6642146477586397f,-0.1816065140454044f,0f,0f,0f,1f],start_interpolation:0}
execute if entity @s[tag=aj.ecual.bone.leg_right_1] run data modify entity @s {} merge value {transformation:[-0.9483196344630989f,0.31380094041337464f,-0.04710457183178921f,-0.12499999999999996f,0.3168026366824157f,0.9278472871694661f,-0.19681336611961014f,0.9751459502059203f,-0.01805437018685061f,-0.20156483197210784f,-0.9793087655225047f,-0.30430718459376144f,0f,0f,0f,1f],start_interpolation:0}
execute if entity @s[tag=aj.ecual.bone.skirt_forward_right] run data modify entity @s {} merge value {transformation:[-0.984807753012208f,0.17364817766693036f,1.1736066733693764e-16f,-0.006249999999999964f,0.16641096867295152f,0.9437635012198823f,-0.2856883674049735f,1.1579063656606277f,-0.049609264380514224f,-0.2813481191658181f,-0.9583225744651332f,-0.29753251354470855f,0f,0f,0f,1f],start_interpolation:0}
execute if entity @s[tag=aj.ecual.bone.skirt_forward_left] run data modify entity @s {} merge value {transformation:[-0.984807753012208f,-0.1736481776669303f,1.1736066733693764e-16f,-0.006249999999999964f,-0.16641096867295152f,0.9437635012198823f,-0.2856883674049735f,1.1579063656606277f,0.04960926438051399f,-0.2813481191658181f,-0.9583225744651332f,-0.29753251354470855f,0f,0f,0f,1f],start_interpolation:0}
execute if entity @s[tag=aj.ecual.bone.skirt_forward] run data modify entity @s {} merge value {transformation:[-1f,3.498673446961339e-17f,1.1736066733693764e-16f,-0.006249999999999964f,0f,0.9583225744651332f,-0.2856883674049735f,1.1579063656606277f,-1.2246467991473532e-16f,-0.2856883674049735f,-0.9583225744651332f,-0.29753251354470855f,0f,0f,0f,1f],start_interpolation:0}
execute if entity @s[tag=aj.ecual.bone.skirt_back_right] run data modify entity @s {} merge value {transformation:[-0.984807753012208f,0.17364817766693033f,1.2181596210854024e-16f,-0.006249999999999965f,0.17272833151255917f,0.9795910462400776f,0.10279253678724679f,1.1812841149339692f,0.01784973669086618f,0.10123088717987326f,-0.9947028171171742f,-0.28880685661168776f,0f,0f,0f,1f],start_interpolation:0}
execute if entity @s[tag=aj.ecual.bone.skirt_back_left] run data modify entity @s {} merge value {transformation:[-0.984807753012208f,-0.17364817766693033f,1.2181596210854024e-16f,-0.006249999999999965f,-0.17272833151255917f,0.9795910462400776f,0.10279253678724679f,1.1812841149339692f,-0.017849736690866425f,0.1012308871798732f,-0.9947028171171742f,-0.28880685661168776f,0f,0f,0f,1f],start_interpolation:0}
execute if entity @s[tag=aj.ecual.bone.skirt_back] run data modify entity @s {} merge value {transformation:[-1f,-1.2588455115273834e-17f,1.2181596210854024e-16f,-0.006249999999999965f,0f,0.9947028171171742f,0.10279253678724679f,1.1812841149339692f,-1.2246467991473532e-16f,0.10279253678724679f,-0.9947028171171742f,-0.28880685661168776f,0f,0f,0f,1f],start_interpolation:0}
execute if entity @s[tag=aj.ecual.bone.skirt_right] run data modify entity @s {} merge value {transformation:[-0.9762960071199334f,0.21623361138472558f,-0.009440963361569762f,-0.19999999999999998f,0.21635522738795693f,0.9737685840338572f,-0.07046389380812126f,1.1973358180371505f,-0.006043348705848553f,-0.07083621994584559f,-0.9974696526111475f,-0.29613290278184823f,0f,0f,0f,1f],start_interpolation:0}
execute if entity @s[tag=aj.ecual.bone.skirt_left] run data modify entity @s {} merge value {transformation:[-0.9762960071199334f,-0.21623361138472558f,0.009440963361570008f,0.18750000000000003f,-0.21635522738795693f,0.9737685840338572f,-0.07046389380812126f,1.1973358180371505f,0.006043348705848313f,-0.07083621994584564f,-0.9974696526111475f,-0.2961329027818482f,0f,0f,0f,1f],start_interpolation:0}
execute if entity @s[tag=aj.ecual.bone.coat_downer] run data modify entity @s {} merge value {transformation:[-1f,1.4075741345420672e-17f,1.2165307777526794e-16f,-0.0078124999999999644f,0f,0.9933727656003964f,-0.11493715049286661f,1.045399614920671f,-1.2246467991473532e-16f,-0.11493715049286661f,-0.9933727656003964f,-0.28501125884770256f,0f,0f,0f,1f],start_interpolation:0}
execute if entity @s[tag=aj.ecual.bone.body_2] run data modify entity @s {} merge value {transformation:[-1f,3.419414548976742e-18f,1.2241693277794874e-16f,3.566783802516666e-17f,0f,0.9996101150403544f,-0.02792163872356888f,1.26875f,-1.2246467991473532e-16f,-0.02792163872356888f,-0.9996101150403544f,-0.29125f,0f,0f,0f,1f],start_interpolation:0}
execute if entity @s[tag=aj.ecual.bone.book_left] run data modify entity @s {} merge value {transformation:[-0.6631805078486576f,1.6588125866840835e-18f,0.748459493900369f,-1.097269489609539f,-0.003603833289087071f,0.9999884078149971f,-0.003193214877139104f,2.146564947453855f,-0.7484508176194486f,-0.004815001103542412f,-0.6631728201375203f,-0.8025172909447166f,0f,0f,0f,1f],start_interpolation:0}
execute if entity @s[tag=aj.ecual.bone.book_right] run data modify entity @s {} merge value {transformation:[-0.6631805078486576f,1.6588125866840835e-18f,0.748459493900369f,-1.1594426622203506f,-0.003603833289087071f,0.9999884078149971f,-0.003193214877139104f,2.146227088083003f,-0.7484508176194486f,-0.004815001103542412f,-0.6631728201375203f,-0.8726845550965399f,0f,0f,0f,1f],start_interpolation:0}
execute if entity @s[tag=aj.ecual.bone.book_loot_1] run data modify entity @s {} merge value {transformation:[-0.6631805078486576f,1.6588125866840835e-18f,0.748459493900369f,-1.240625f,-0.003603833289087071f,0.9999884078149971f,-0.003193214877139104f,2.146875f,-0.7484508176194486f,-0.004815001103542412f,-0.6631728201375203f,-0.7381250000000001f,0f,0f,0f,1f],start_interpolation:0}
execute if entity @s[tag=aj.ecual.bone.book_left2] run data modify entity @s {} merge value {transformation:[0.6631805078486579f,4.794774488152458e-19f,-0.7484594939003687f,1.1594426622203506f,-0.003603833289087071f,0.9999884078149971f,-0.003193214877139104f,2.146227088083003f,0.7484508176194483f,0.004815001103542412f,0.6631728201375207f,-0.6035654449034602f,0f,0f,0f,1f],start_interpolation:0}
execute if entity @s[tag=aj.ecual.bone.book_right2] run data modify entity @s {} merge value {transformation:[0.6631805078486579f,4.794774488152458e-19f,-0.7484594939003687f,1.097269489609539f,-0.003603833289087071f,0.9999884078149971f,-0.003193214877139104f,2.146564947453855f,0.7484508176194483f,0.004815001103542412f,0.6631728201375207f,-0.6737327090552835f,0f,0f,0f,1f],start_interpolation:0}
execute if entity @s[tag=aj.ecual.bone.book_loot_2] run data modify entity @s {} merge value {transformation:[0.6631805078486579f,4.794774488152458e-19f,-0.7484594939003687f,1.240625f,-0.003603833289087071f,0.9999884078149971f,-0.003193214877139104f,2.146875f,0.7484508176194483f,0.004815001103542412f,0.6631728201375207f,-0.7381249999999999f,0f,0f,0f,1f],start_interpolation:0}
execute if entity @s[tag=aj.ecual.bone.air_staff_povit_1] run data modify entity @s {} merge value {transformation:[-0.5789927342822965f,-1.451266227695081f,1.9135106236677394e-16f,-0.00034250000000012385f,-1.451266227695081f,0.5789927342822965f,0f,1.3904975f,-7.090615987683884e-17f,-1.7772885404574345e-16f,-1.5625f,1.011875f,0f,0f,0f,1f],start_interpolation:0}