# This file was generated by Animated Java via MC-Build. It is not recommended to edit this file directly.
$data merge entity $(bone_wing_right_1) { transformation: [-0.6386917693014423f,-0.11261859128427078f,-0.4963207845417962f,0.04558637314190918f,-0.12035739574635966f,0.8072535335823755f,-0.02828911897474278f,1.3025933725875198f,0.4945011279665516f,0.05102185669259168f,-0.6479273485691843f,-0.31312311201719495f,0f,0f,0f,1f], start_interpolation: 0, interpolation_duration: 1 }
$data merge entity $(bone_wing_right_2) { transformation: [-0.6202496544997314f,0.137506037908718f,-0.4861917889389024f,0.04558637314190918f,0.19369157730977438f,0.7757033128544423f,-0.027711790016074562f,1.3025933725875198f,0.466662553642582f,-0.13919935332209535f,-0.6347043414555276f,-0.31312311201719495f,0f,0f,0f,1f], start_interpolation: 0, interpolation_duration: 1 }
$data merge entity $(bone_wing_left_1) { transformation: [-0.6386917693014421f,0.11261859128427074f,0.4963207845417963f,-0.04558637314190911f,0.12035739574635966f,0.8072535335823755f,-0.02828911897474278f,1.3025933725875198f,-0.4945011279665517f,0.05102185669259171f,-0.6479273485691841f,-0.313123112017195f,0f,0f,0f,1f], start_interpolation: 0, interpolation_duration: 1 }
$data merge entity $(bone_wing_left_2) { transformation: [-0.6202496544997311f,-0.13750603790871793f,0.4861917889389025f,-0.04558637314190911f,-0.19369157730977438f,0.7757033128544423f,-0.027711790016074562f,1.3025933725875198f,-0.46666255364258213f,-0.13919935332209538f,-0.6347043414555273f,-0.313123112017195f,0f,0f,0f,1f], start_interpolation: 0, interpolation_duration: 1 }
$data merge entity $(bone_staff) { transformation: [0.04269614486780749f,0.4084521441906952f,1.5075643054674155f,-0.5741701248747724f,1.5522223858932884f,0.1566700746306684f,-0.08640834709082457f,1.0105155692507362f,-0.1737496876117332f,1.5000091945122351f,-0.40148438628865857f,0.09709521449991088f,0f,0f,0f,1f], start_interpolation: 0, interpolation_duration: 1 }
$data merge entity $(bone_arm_right_2) { transformation: [-0.48395927707136843f,-0.8660254037844387f,-0.12563207447367328f,-0.47624142731696806f,-0.8264842477392288f,0.499524110790929f,-0.25961404233487295f,1.2240761725662268f,0.28758860612945014f,-0.021809693682668135f,-0.9575056819079395f,0.01259362110463405f,0f,0f,0f,1f], start_interpolation: 0, interpolation_duration: 1 }
$data merge entity $(bone_arm_right_1) { transformation: [-0.4999727972490118f,-0.8660254037844387f,0.005215554716294005f,-0.2984375f,-0.865609066396239f,0.499524110790929f,-0.03459200646339277f,1.5366751518408606f,0.02735226103323544f,-0.021809693682668135f,-0.9993879082107398f,-0.0025620040789264154f,0f,0f,0f,1f], start_interpolation: 0, interpolation_duration: 1 }
$data merge entity $(bone_arm_left_2) { transformation: [0.6982341451909259f,0.6871472018252883f,0.200743123202698f,0.3737820463159243f,0.3631534158816423f,-0.09833775940041378f,-0.9265253809851091f,1.3647135343642636f,-0.6169186940132323f,0.7198322082956436f,-0.31820263493130446f,0.2730308558580626f,0f,0f,0f,1f], start_interpolation: 0, interpolation_duration: 1 }
$data merge entity $(bone_arm_left_1) { transformation: [-0.15345342596743416f,0.8783771122949975f,0.4526651020955322f,0.2984375f,0.5229450790260698f,0.46087258117375507f,-0.7170250401796706f,1.5366751518408606f,-0.8384393182462728f,0.12668903866768444f,-0.5300654649193655f,-0.0025620040789263426f,0f,0f,0f,1f], start_interpolation: 0, interpolation_duration: 1 }
$data merge entity $(bone_himo_right_2) { transformation: [-1f,8.106371896941422e-17f,9.179472366899095e-17f,-0.15625000000000003f,0f,0.7495608017993596f,-0.6619354986748338f,1.2145830534888566f,-1.2246467991473532e-16f,-0.6619354986748338f,-0.7495608017993596f,0.276333237326066f,0f,0f,0f,1f], start_interpolation: 0, interpolation_duration: 1 }
$data merge entity $(bone_himo_right_1) { transformation: [-1f,4.33403442191167e-17f,1.1453913038602595e-16f,-0.15625000000000003f,0f,0.9352829768205212f,-0.3539007675461361f,1.387736731845541f,-1.2246467991473532e-16f,-0.3539007675461361f,-0.9352829768205212f,0.20413132480603727f,0f,0f,0f,1f], start_interpolation: 0, interpolation_duration: 1 }
$data merge entity $(bone_himo_left_2) { transformation: [-1f,6.580022455450642e-17f,1.0328566345430089e-16f,0.15624999999999997f,0f,0.8433914458128857f,-0.5372996083468239f,1.200687811469976f,-1.2246467991473532e-16f,-0.5372996083468239f,-0.8433914458128857f,0.21855401132192442f,0f,0f,0f,1f], start_interpolation: 0, interpolation_duration: 1 }
$data merge entity $(bone_himo_left_1) { transformation: [-1f,5.341834311772731e-18f,1.2234812067540777e-16f,0.15624999999999997f,0f,0.9990482215818578f,-0.04361938736533605f,1.387736731845541f,-1.2246467991473532e-16f,-0.04361938736533605f,-0.9990482215818578f,0.20413132480603732f,0f,0f,0f,1f], start_interpolation: 0, interpolation_duration: 1 }
$data merge entity $(bone_ponpon1) { transformation: [-1f,-5.3418343117727156e-18f,1.2234812067540777e-16f,0.29375f,0f,0.9990482215818578f,0.043619387365335965f,2.074270409688714f,-1.2246467991473532e-16f,0.043619387365335965f,-0.9990482215818578f,0.04021585064498638f,0f,0f,0f,1f], start_interpolation: 0, interpolation_duration: 1 }
$data merge entity $(bone_ponpon2) { transformation: [-1f,-5.3418343117727156e-18f,1.2234812067540777e-16f,0.33125f,0f,0.9990482215818578f,0.043619387365335965f,1.9534786995564821f,-1.2246467991473532e-16f,0.043619387365335965f,-0.9990482215818578f,-0.05889734354897977f,0f,0f,0f,1f], start_interpolation: 0, interpolation_duration: 1 }
$data merge entity $(bone_ponpon3) { transformation: [-1f,-5.3418343117727156e-18f,1.2234812067540777e-16f,-0.29375f,0f,0.9990482215818578f,0.043619387365335965f,2.074270409688714f,-1.2246467991473532e-16f,0.043619387365335965f,-0.9990482215818578f,0.04021585064498631f,0f,0f,0f,1f], start_interpolation: 0, interpolation_duration: 1 }
$data merge entity $(bone_ponpon4) { transformation: [-1f,-5.3418343117727156e-18f,1.2234812067540777e-16f,-0.33125f,0f,0.9990482215818578f,0.043619387365335965f,1.9534786995564821f,-1.2246467991473532e-16f,0.043619387365335965f,-0.9990482215818578f,-0.05889734354897985f,0f,0f,0f,1f], start_interpolation: 0, interpolation_duration: 1 }
$data merge entity $(bone_ear_edge_a1) { transformation: [-0.9877241825250906f,0.15592190156197705f,0.009449860762914106f,0.19488676710192798f,0.1555463803966387f,0.9761773178043878f,0.15127183396037513f,2.1773725405432796f,0.014361852270702927f,0.15088474017450626f,-0.9884470306404012f,0.034507422611891075f,0f,0f,0f,1f], start_interpolation: 0, interpolation_duration: 1 }
$data merge entity $(bone_ear_edge_a2) { transformation: [-0.9999552180627992f,-0.0005118598844243843f,0.009449860762914106f,0.07970175513506991f,0.0009235698443992996f,0.9884917699551207f,0.15127183396037513f,2.1874403318630598f,-0.009418539574810035f,0.15127378732104085f,-0.9884470306404012f,0.034946991873918795f,0f,0f,0f,1f], start_interpolation: 0, interpolation_duration: 1 }
$data merge entity $(bone_ear_edge_b1) { transformation: [-0.9707139201213834f,0.23928152357492885f,0.021420498552495164f,0.05725758697949379f,0.2352391632201935f,0.9286328874771183f,0.28688585950404233f,2.182688564575949f,0.04875470613222721f,0.2835230374618096f,-0.957725255936372f,0.01653100641107255f,0f,0f,0f,1f], start_interpolation: 0, interpolation_duration: 1 }
$data merge entity $(bone_ear_edge_b2) { transformation: [-0.9971458564144374f,-0.07239684576886415f,0.021420498552495164f,0.08633159359024292f,-0.06323760469752353f,0.9558752580586792f,0.28688585950404233f,2.192164634716894f,-0.041244955905394065f,0.2847124650484637f,-0.957725255936372f,0.02001982559268602f,0f,0f,0f,1f], start_interpolation: 0, interpolation_duration: 1 }
$data merge entity $(bone_ear_right_2) { transformation: [-0.9961946980917455f,0.08448245815350382f,0.021420498552495164f,0.1444944337193668f,0.08707278979269381f,0.9539993883092086f,0.28688585950404233f,2.3012559126671315f,0.003801680104023551f,0.28765931476313644f,-0.957725255936372f,0.021369505016853797f,0f,0f,0f,1f], start_interpolation: 0, interpolation_duration: 1 }
$data merge entity $(bone_ear_right_1) { transformation: [-0.9961946980917455f,0.08664192764163034f,0.009449860762914106f,0.125f,0.08707278979269381f,0.9846497659208486f,0.15127183396037513f,2.079709715334941f,0.003801680104023551f,0.15151902470172f,-0.9884470306404012f,-0.01272227554103315f,0f,0f,0f,1f], start_interpolation: 0, interpolation_duration: 1 }
$data merge entity $(bone_ear_edge_a3) { transformation: [-0.9876949290950298f,-0.15634024510214192f,-0.004056451819785698f,-0.1951011791883878f,-0.15606872219454376f,0.9836471535281588f,0.08989344419095899f,2.180109623569028f,-0.010063845811933921f,0.08942038423845493f,-0.9959431278391959f,0.02800259565869549f,0f,0f,0f,1f], start_interpolation: 0, interpolation_duration: 1 }
$data merge entity $(bone_ear_edge_a4) { transformation: [-0.9999917681389144f,0.00009409060275807068f,-0.004056451819785698f,-0.07991616722152972f,-0.0002709409926091033f,0.9959513518653738f,0.08989344419095899f,2.190177414888808f,0.004048486802040249f,0.08989380325969641f,-0.9959431278391959f,0.028442164920723243f,0f,0f,0f,1f], start_interpolation: 0, interpolation_duration: 1 }
$data merge entity $(bone_ear_edge_b3) { transformation: [-0.9704595959242143f,-0.2408872633600238f,-0.01347215756771877f,-0.05740219082542476f,-0.2387656248506967f,0.9508980899381511f,0.19693602753592898f,2.1844369174321f,-0.03462873183163463f,0.194335145825181f,-0.9803237740812157f,0.014379227233668919f,0f,0f,0f,1f], start_interpolation: 0, interpolation_duration: 1 }
$data merge entity $(bone_ear_edge_b4) { transformation: [-0.9974001806116065f,0.07079110598376921f,-0.01347215756771877f,-0.08649651938034261f,0.06676406632802671f,0.978140460519712f,0.19693602753592898f,2.1941947718356754f,0.027118981604801008f,0.19552457341183507f,-0.9803237740812157f,0.016739301041224328f,0f,0f,0f,1f], start_interpolation: 0, interpolation_duration: 1 }
$data merge entity $(bone_ear_left_2) { transformation: [-0.9961946980917455f,-0.08610821368700276f,-0.01347215756771877f,-0.14458879086516868f,-0.08707278979269381f,0.9765421293196136f,0.19693602753592898f,2.3029407298349223f,-0.0038016801040237948f,0.19735968483849048f,-0.9803237740812157f,0.0075062547503575786f,0f,0f,0f,1f], start_interpolation: 0, interpolation_duration: 1 }
$data merge entity $(bone_ear_left_1) { transformation: [-0.9961946980917455f,-0.08706129273408321f,-0.004056451819785698f,-0.125f,-0.08707278979269381f,0.9921378422221402f,0.08989344419095899f,2.079709715334941f,-0.0038016801040237948f,0.08990457907284795f,-0.9959431278391959f,-0.012722275541033178f,0f,0f,0f,1f], start_interpolation: 0, interpolation_duration: 1 }
$data merge entity $(bone_head) { transformation: [-1f,-5.3418343117727156e-18f,1.2234812067540777e-16f,4.723407155967195e-19f,0f,0.9990482215818578f,0.043619387365335965f,1.566334395919072f,-1.2246467991473532e-16f,0.043619387365335965f,-0.9990482215818578f,-0.003856954641334797f,0f,0f,0f,1f], start_interpolation: 0, interpolation_duration: 1 }
$data merge entity $(bone_body_1) { transformation: [-1f,5.341834311772731e-18f,1.2234812067540777e-16f,-1.5308471513180546e-18f,0f,0.9990482215818578f,-0.04361938736533605f,1.1916913128258755f,-1.2246467991473532e-16f,-0.04361938736533605f,-0.9990482215818578f,0.012500315620666221f,0f,0f,0f,1f], start_interpolation: 0, interpolation_duration: 1 }
$data merge entity $(bone_leg_left_2) { transformation: [-0.9914448613738104f,-0.10742870174653588f,0.07413609712225003f,0.1316969962793376f,-0.1205904774487396f,0.536531510303498f,-0.8352196568568848f,0.9441971664515337f,0.049950211252314684f,-0.8370143442573139f,-0.5448962872908458f,0.416587947316852f,0f,0f,0f,1f], start_interpolation: 0, interpolation_duration: 1 }
$data merge entity $(bone_leg_left_1) { transformation: [-0.9914448613738104f,-0.042089217069263926f,0.12355397469107268f,0.12499999999999999f,-0.1205904774487396f,-0.06687824472024667f,-0.9904469885520496f,0.8991078595027431f,0.049950211252314684f,-0.9968730100617808f,0.061230533283762434f,0.08779756783041519f,0f,0f,0f,1f], start_interpolation: 0, interpolation_duration: 1 }
$data merge entity $(bone_leg_right_2) { transformation: [-0.984807753012208f,0.17333878033355105f,0.010361314565380003f,-0.1509656731206399f,0.16042999720436046f,0.9310567345637291f,-0.3277126378712528f,0.8858132780543463f,-0.06645228065352395f,-0.32107168086893456f,-0.9447206307369087f,0.40870571678434875f,0f,0f,0f,1f], start_interpolation: 0, interpolation_duration: 1 }
$data merge entity $(bone_leg_right_1) { transformation: [-0.984807753012208f,0.0999707746539306f,-0.14198427315072204f,-0.125f,0.16042999720436046f,0.2109020298959317f,-0.9642523268225929f,0.9029793269663036f,-0.06645228065352395f,-0.9723817038595844f,-0.22373626526577384f,0.06958870415798651f,0f,0f,0f,1f], start_interpolation: 0, interpolation_duration: 1 }
$data merge entity $(bone_skirt_forward_right) { transformation: [-0.9914448613738104f,0.1304752642462442f,-0.0036458572844556805f,-4.100723895728975e-18f,0.09893948797884106f,0.7330081840679601f,-0.6729858689511067f,1.085852132515783f,-0.08513556585793412f,-0.6675891008017312f,-0.7396463532775547f,0.03348495173125884f,0f,0f,0f,1f], start_interpolation: 0, interpolation_duration: 1 }
$data merge entity $(bone_skirt_forward_left) { transformation: [-0.9914448613738104f,-0.12862989265872204f,0.022168391237784163f,-4.357962073375866e-18f,-0.09893948797884106f,0.6298247850563767f,-0.7704100971866695f,1.0484109870222347f,0.08513556585793387f,-0.7660124612846023f,-0.6371631224284365f,0.035585460856224424f,0f,0f,0f,1f], start_interpolation: 0, interpolation_duration: 1 }
$data merge entity $(bone_skirt_forward) { transformation: [-1f,7.987745328979333e-17f,9.28288224774798e-17f,-4.100723895728975e-18f,0f,0.7580048593775025f,-0.6522489042996489f,1.085852132515783f,-1.2246467991473532e-16f,-0.6522489042996489f,-0.7580048593775025f,0.03348495173125884f,0f,0f,0f,1f], start_interpolation: 0, interpolation_duration: 1 }
$data merge entity $(bone_skirt_back_right) { transformation: [-0.9961946980917455f,0.08715574274765822f,1.172448507783768e-16f,-4.100705354660506e-18f,0.0834408913659215f,0.95373375250151f,-0.2888417334587385f,1.1108519471552625f,-0.025174215816117586f,-0.2877426034592244f,-0.9573768604956729f,0.03348480033194532f,0f,0f,0f,1f], start_interpolation: 0, interpolation_duration: 1 }
$data merge entity $(bone_skirt_back_left) { transformation: [-0.9961946980917455f,-0.08715574274765814f,1.172448507783768e-16f,-4.100705354660506e-18f,-0.0834408913659215f,0.95373375250151f,-0.2888417334587385f,1.1108519471552625f,0.025174215816117344f,-0.2877426034592244f,-0.9573768604956729f,0.03348480033194532f,0f,0f,0f,1f], start_interpolation: 0, interpolation_duration: 1 }
$data merge entity $(bone_skirt_back) { transformation: [-1f,3.53729104340417e-17f,1.172448507783768e-16f,-4.100705354660506e-18f,0f,0.9573768604956729f,-0.2888417334587385f,1.1108519471552625f,-1.2246467991473532e-16f,-0.2888417334587385f,-0.9573768604956729f,0.03348480033194532f,0f,0f,0f,1f], start_interpolation: 0, interpolation_duration: 1 }
$data merge entity $(bone_skirt_right) { transformation: [-0.9914448613738104f,0.13043565817949088f,-0.004860651267976319f,-0.19375f,0.1205904774487396f,0.9010895783632278f,-0.41652792044935627f,1.1233522627759287f,-0.04995021125231493f,-0.4135506146053506f,-0.9091099304019211f,0.03348489375606983f,0f,0f,0f,1f], start_interpolation: 0, interpolation_duration: 1 }
$data merge entity $(bone_skirt_left) { transformation: [-0.9914448613738104f,-0.12961381381510756f,0.015406041794324359f,0.19375f,-0.1205904774487396f,0.8644047141383456f,-0.4881213239801042f,1.1233517787753453f,0.04995021125231469f,-0.485803200322628f,-0.8726398036716762f,0.02098481731254889f,0f,0f,0f,1f], start_interpolation: 0, interpolation_duration: 1 }
$data merge entity $(bone_coat_downer) { transformation: [-1f,5.654789612090135e-17f,1.086274977660736e-16f,-0.00781250000000001f,0f,0.8870108331782217f,-0.46174861323503386f,0.9852620732045093f,-1.2246467991473532e-16f,-0.46174861323503386f,-0.8870108331782217f,0.08550582941907472f,0f,0f,0f,1f], start_interpolation: 0, interpolation_duration: 1 }
$data merge entity $(bone_body_2) { transformation: [-1f,4.6865204053262974e-17f,1.1314261122877003e-16f,0f,0f,0.9238795325112867f,-0.3826834323650897f,1.19169140625f,-1.2246467991473532e-16f,-0.3826834323650897f,-0.9238795325112867f,0f,0f,0f,0f,1f], start_interpolation: 0, interpolation_duration: 1 }
$data merge entity $(bone_book_left) { transformation: [0.49492321991946897f,-0.22489736959613668f,-0.8393284098213784f,-0.04642779085560013f,0f,0.9659258262890683f,-0.25881904510252074f,1.26981640625f,0.8689367102295454f,0.12809555517862184f,0.47805912015035934f,0.34150384252830246f,0f,0f,0f,1f], start_interpolation: 0, interpolation_duration: 1 }
$data merge entity $(bone_book_right) { transformation: [0.49492321991946897f,-0.22489736959613668f,-0.8393284098213784f,-0.000028738988149895617f,0f,0.9659258262890683f,-0.25881904510252074f,1.26981640625f,0.8689367102295454f,0.12809555517862184f,0.47805912015035934f,0.42296665911232234f,0f,0f,0f,1f], start_interpolation: 0, interpolation_duration: 1 }
$data merge entity $(bone_book_loot_1) { transformation: [0.49492321991946897f,-0.22489736959613668f,-0.8393284098213784f,0.10267099655133176f,0f,0.9659258262890683f,-0.25881904510252074f,1.308639263015378f,0.8689367102295454f,0.12809555517862184f,0.47805912015035934f,0.31052638279775846f,0f,0f,0f,1f], start_interpolation: 0, interpolation_duration: 1 }
$data merge entity $(bone_book_left2) { transformation: [-0.6697493667480078f,-0.5489564193883943f,-0.5000826285254427f,0.5416098554503304f,-0.5101413311348009f,0.8294993993759021f,-0.22734680271125657f,2.0283040629579974f,0.5396217267759482f,0.10284744064531116f,-0.8356020559716526f,-0.38788076590066056f,0f,0f,0f,1f], start_interpolation: 0, interpolation_duration: 1 }
$data merge entity $(bone_book_right2) { transformation: [0.3232808800208591f,-0.5489564193883943f,-0.7708023885699966f,0.5622204470496698f,0.09723626735704274f,0.8294993993759021f,-0.5499780493305957f,2.052866809542002f,0.9412940990590606f,0.10284744064531116f,0.3215397689700305f,-0.47597694909933946f,0f,0f,0f,1f], start_interpolation: 0, interpolation_duration: 1 }
$data merge entity $(bone_book_loot_2) { transformation: [-0.21984631039295455f,-0.5489564193883943f,-0.8064207645013104f,0.6728782659251966f,-0.26200263022938497f,0.8294993993759021f,-0.49323966607309844f,2.1145713861609647f,0.9396926207859082f,0.10284744064531116f,-0.3261904081870286f,-0.3830002962719457f,0f,0f,0f,1f], start_interpolation: 0, interpolation_duration: 1 }
$data merge entity $(bone_air_staff_povit_1) { transformation: [-0.000015625f,0f,1.9135106236677393e-21f,-0.007217500000000084f,0f,0.000015625f,0f,1.3578139062499999f,-1.9135106236677393e-21f,0f,-0.000015625f,0.6875f,0f,0f,0f,1f], start_interpolation: 0, interpolation_duration: 1 }