# This file was generated by Animated Java via MC-Build. It is not recommended to edit this file directly.
$data merge entity $(bone_wing_right_1) { transformation: [-0.7695928510282812f,-0.1356999837966363f,-0.23718516498339148f,0.029310400663125943f,-0.13148900962900456f,0.8052907297160362f,-0.03408702721918948f,1.2401077280096005f,0.2395452534227918f,0.006066257120404335f,-0.7807212796713074f,-0.3448238034296444f,0f,0f,0f,1f], start_interpolation: 0, interpolation_duration: 1 }
$data merge entity $(bone_wing_right_2) { transformation: [-0.7473709900439713f,0.16568815950691823f,-0.23234465141230187f,0.029310400663125943f,0.1828813868601833f,0.7780998743792703f,-0.033391373602471325f,1.2401077280096005f,0.2190684860512576f,-0.08430907003504341f,-0.7647881923310768f,-0.3448238034296444f,0f,0f,0f,1f], start_interpolation: 0, interpolation_duration: 1 }
$data merge entity $(bone_wing_left_1) { transformation: [-0.7695928510282812f,0.1356999837966363f,0.23718516498339165f,-0.029310400663125846f,0.13148900962900456f,0.8052907297160362f,-0.03408702721918948f,1.2401077280096005f,-0.23954525342279195f,0.006066257120404364f,-0.7807212796713074f,-0.34482380342964447f,0f,0f,0f,1f], start_interpolation: 0, interpolation_duration: 1 }
$data merge entity $(bone_wing_left_2) { transformation: [-0.7473709900439713f,-0.16568815950691823f,0.23234465141230204f,-0.029310400663125846f,-0.1828813868601833f,0.7780998743792703f,-0.033391373602471325f,1.2401077280096005f,-0.21906848605125773f,-0.08430907003504345f,-0.7647881923310768f,-0.34482380342964447f,0f,0f,0f,1f], start_interpolation: 0, interpolation_duration: 1 }
$data merge entity $(bone_staff) { transformation: [0.03865701738869105f,0.35338379412339527f,1.5215228486807435f,-0.5779048752455435f,1.5588827977940978f,0.08771164701859085f,-0.05997782689403974f,0.939223560570165f,-0.0989762989217908f,1.5194843898600077f,-0.3503956780890774f,0.011821650583339116f,0f,0f,0f,1f], start_interpolation: 0, interpolation_duration: 1 }
$data merge entity $(bone_arm_right_2) { transformation: [-0.4918935549960717f,-0.8660254037844386f,-0.08967012073888803f,-0.477533483292119f,-0.8433510171230275f,0.499524110790929f,-0.19807757231975148f,1.157780581561514f,0.21633259687546244f,-0.021809693682668135f,-0.9760760957991885f,-0.05523873565253828f,0f,0f,0f,1f], start_interpolation: 0, interpolation_duration: 1 }
$data merge entity $(bone_arm_right_1) { transformation: [-0.48992113453020325f,-0.8660254037844386f,0.09988634511603021f,-0.2984375f,-0.8564746100772197f,0.499524110790929f,0.13010343973779498f,1.4755735893408608f,-0.1625685216569091f,-0.021809693682668135f,-0.9864561891071267f,-0.0025620040789264154f,0f,0f,0f,1f], start_interpolation: 0, interpolation_duration: 1 }
$data merge entity $(bone_arm_left_2) { transformation: [0.6822627495201796f,0.7009977486242247f,0.20765282815539263f,0.3809530870474536f,0.3647830698816971f,-0.08024751751416848f,-0.927627968455295f,1.308054454367415f,-0.6336014934837587f,0.7086342444142688f,-0.31046200266468826f,0.27371238906117507f,0f,0f,0f,1f], start_interpolation: 0, interpolation_duration: 1 }
$data merge entity $(bone_arm_left_1) { transformation: [-0.17528577935296086f,0.8741413539990428f,0.45293684856207655f,0.2984375f,0.5104409921210694f,0.47408697088724694f,-0.7174200565898705f,1.4755735893408608f,-0.8418579981915498f,0.10544400060541617f,-0.5292982841623819f,-0.0025620040789263426f,0f,0f,0f,1f], start_interpolation: 0, interpolation_duration: 1 }
$data merge entity $(bone_himo_right_2) { transformation: [-1f,7.889770850361946e-17f,9.366295649559896e-17f,-0.15625000000000003f,0f,0.764816080528776f,-0.6442486809956236f,1.1499756468135864f,-1.2246467991473532e-16f,-0.6442486809956236f,-0.764816080528776f,0.26727184744231103f,0f,0f,0f,1f], start_interpolation: 0, interpolation_duration: 1 }
$data merge entity $(bone_himo_right_1) { transformation: [-1f,3.7352269025215584e-17f,1.1662935233159144e-16f,-0.15625000000000003f,0f,0.9523509342676872f,-0.3050044229178706f,1.3266351693455412f,-1.2246467991473532e-16f,-0.3050044229178706f,-0.9523509342676872f,0.20413132480603727f,0f,0f,0f,1f], start_interpolation: 0, interpolation_duration: 1 }
$data merge entity $(bone_himo_left_2) { transformation: [-1f,6.580022455450642e-17f,1.0328566345430089e-16f,0.15624999999999997f,0f,0.8433914458128857f,-0.5372996083468239f,1.1395862489699762f,-1.2246467991473532e-16f,-0.5372996083468239f,-0.8433914458128857f,0.21855401132192442f,0f,0f,0f,1f], start_interpolation: 0, interpolation_duration: 1 }
$data merge entity $(bone_himo_left_1) { transformation: [-1f,5.341834311772731e-18f,1.2234812067540777e-16f,0.15624999999999997f,0f,0.9990482215818578f,-0.04361938736533605f,1.3266351693455412f,-1.2246467991473532e-16f,-0.04361938736533605f,-0.9990482215818578f,0.20413132480603732f,0f,0f,0f,1f], start_interpolation: 0, interpolation_duration: 1 }
$data merge entity $(bone_ponpon1) { transformation: [-1f,-5.3418343117727156e-18f,1.2234812067540777e-16f,0.29375f,0f,0.9990482215818578f,0.043619387365335965f,2.013168847188714f,-1.2246467991473532e-16f,0.043619387365335965f,-0.9990482215818578f,0.04021585064498638f,0f,0f,0f,1f], start_interpolation: 0, interpolation_duration: 1 }
$data merge entity $(bone_ponpon2) { transformation: [-1f,-5.3418343117727156e-18f,1.2234812067540777e-16f,0.33125f,0f,0.9990482215818578f,0.043619387365335965f,1.8923771370564821f,-1.2246467991473532e-16f,0.043619387365335965f,-0.9990482215818578f,-0.05889734354897977f,0f,0f,0f,1f], start_interpolation: 0, interpolation_duration: 1 }
$data merge entity $(bone_ponpon3) { transformation: [-1f,-5.3418343117727156e-18f,1.2234812067540777e-16f,-0.29375f,0f,0.9990482215818578f,0.043619387365335965f,2.013168847188714f,-1.2246467991473532e-16f,0.043619387365335965f,-0.9990482215818578f,0.04021585064498631f,0f,0f,0f,1f], start_interpolation: 0, interpolation_duration: 1 }
$data merge entity $(bone_ponpon4) { transformation: [-1f,-5.3418343117727156e-18f,1.2234812067540777e-16f,-0.33125f,0f,0.9990482215818578f,0.043619387365335965f,1.8923771370564821f,-1.2246467991473532e-16f,0.043619387365335965f,-0.9990482215818578f,-0.05889734354897985f,0f,0f,0f,1f], start_interpolation: 0, interpolation_duration: 1 }
$data merge entity $(bone_ear_edge_a1) { transformation: [-0.9876885926384368f,0.1564308606531276f,0.0007936039476246111f,0.1952130784621191f,0.15625499009008528f,0.9863109085366384f,0.052679880159109245f,2.120463044591696f,0.007458018761793188f,0.05215532127168366f,-0.9986111357376285f,0.02400015179352667f,0f,0f,0f,1f], start_interpolation: 0, interpolation_duration: 1 }
$data merge entity $(bone_ear_edge_a2) { transformation: [-0.9999996850898596f,-0.0000035994393755428566f,0.0007936039476246111f,0.08002806649526101f,0.00003821253151291282f,0.9986114503480442f,0.052679880159109245f,2.1305308359114763f,-0.0007926916071742899f,0.05267989389529665f,-0.9986111357376285f,0.024439721055554395f,0f,0f,0f,1f], start_interpolation: 0, interpolation_duration: 1 }
$data merge entity $(bone_ear_edge_b1) { transformation: [-0.9702986792137147f,0.24190325148467667f,0.001813845986322808f,0.057661584319099804f,0.24151591027810515f,0.96826270872124f,0.06432256200079116f,2.125937641125215f,0.013803557463896022f,0.06285016961750099f,-0.9979275113856679f,0.02274871219148472f,0f,0f,0f,1f], start_interpolation: 0, interpolation_duration: 1 }
$data merge entity $(bone_ear_edge_b2) { transformation: [-0.9975610973221061f,-0.06977511785911635f,0.001813845986322808f,0.08676877103082298f,-0.06951435175543519f,0.995505079302801f,0.06432256200079116f,2.135915258915546f,-0.00629380723706288f,0.06403959720415502f,-0.9979275113856679f,0.023444736586848404f,0f,0f,0f,1f], start_interpolation: 0, interpolation_duration: 1 }
$data merge entity $(bone_ear_right_2) { transformation: [-0.9961946980917455f,0.08713686623142855f,0.001813845986322808f,0.14460922915077698f,0.0870727897926938f,0.9941232002600944f,0.06432256200079116f,2.2424399757509352f,0.0038016801040235506f,0.06423573186314915f,-0.9979275113856679f,-0.0008988588514604167f,0f,0f,0f,1f], start_interpolation: 0, interpolation_duration: 1 }
$data merge entity $(bone_ear_right_1) { transformation: [-0.9961946980917455f,0.08715212955900897f,0.0007936039476246111f,0.125f,0.0870727897926938f,0.9948081018488637f,0.052679880159109245f,2.018608152834941f,0.0038016801040235506f,0.052548518620323344f,-0.9986111357376285f,-0.01272227554103315f,0f,0f,0f,1f], start_interpolation: 0, interpolation_duration: 1 }
$data merge entity $(bone_ear_edge_a3) { transformation: [-0.9876883868890659f,-0.15643380300621246f,-0.0003401198143711585f,-0.19522757244700323f,-0.1562731713732116f,0.9865709129987462f,0.047502942369701304f,2.1206533313283265f,-0.007095513613084199f,0.046971256123653195f,-0.9988710401171579f,0.023439882106209158f,0f,0f,0f,1f], start_interpolation: 0, interpolation_duration: 1 }
$data merge entity $(bone_ear_edge_a4) { transformation: [-0.9999999421590358f,6.611252469646001e-7f,-0.0003401198143711585f,-0.08004256048014516f,-0.000015496313935922656f,0.9988710979030703f,0.047502942369701304f,2.1307211226481066f,0.00033976725779401307f,0.04750294489268872f,-0.9988710401171579f,0.023879451368236913f,0f,0f,0f,1f], start_interpolation: 0, interpolation_duration: 1 }
$data merge entity $(bone_ear_edge_b3) { transformation: [-0.9702968797926671f,-0.24191461258204155f,-0.001133703618827068f,-0.05768210052076146f,-0.24158970771457738f,0.9687286473975456f,0.05656165518888943f,2.1261813191963f,-0.012584839728803157f,0.05515548867159551f,-0.99839846448119f,0.022543645452821934f,0f,0f,0f,1f], start_interpolation: 0, interpolation_duration: 1 }
$data merge entity $(bone_ear_edge_b4) { transformation: [-0.9975628967431537f,0.06976375676175146f,-0.001133703618827068f,-0.08678943101642056f,0.06958814919190741f,0.9959710179791066f,0.05656165518888943f,2.1361648338198878f,0.005075089501969531f,0.05634491625824962f,-0.99839846448119f,0.023142287396788183f,0f,0f,0f,1f], start_interpolation: 0, interpolation_duration: 1 }
$data merge entity $(bone_ear_left_2) { transformation: [-0.9961946980917455f,-0.08714836894630117f,-0.001133703618827068f,-0.1446098927968295f,-0.08707278979269381f,0.9945949469206097f,0.05656165518888943f,2.2424986196083987f,-0.0038016801040237948f,0.05644513575135445f,-0.99839846448119f,-0.0020681217754832653f,0f,0f,0f,1f], start_interpolation: 0, interpolation_duration: 1 }
$data merge entity $(bone_ear_left_1) { transformation: [-0.9961946980917455f,-0.08715507909702018f,-0.0003401198143711585f,-0.125f,-0.08707278979269381f,0.9950687412153686f,0.047502942369701304f,2.018608152834941f,-0.0038016801040237948f,0.04735179451355524f,-0.9988710401171579f,-0.012722275541033178f,0f,0f,0f,1f], start_interpolation: 0, interpolation_duration: 1 }
$data merge entity $(bone_head) { transformation: [-1f,-5.3418343117727156e-18f,1.2234812067540777e-16f,4.723407155967195e-19f,0f,0.9990482215818578f,0.043619387365335965f,1.505232833419072f,-1.2246467991473532e-16f,0.043619387365335965f,-0.9990482215818578f,-0.003856954641334797f,0f,0f,0f,1f], start_interpolation: 0, interpolation_duration: 1 }
$data merge entity $(bone_body_1) { transformation: [-1f,5.341834311772731e-18f,1.2234812067540777e-16f,-1.5308471513180546e-18f,0f,0.9990482215818578f,-0.04361938736533605f,1.1305897503258755f,-1.2246467991473532e-16f,-0.04361938736533605f,-0.9990482215818578f,0.012500315620666221f,0f,0f,0f,1f], start_interpolation: 0, interpolation_duration: 1 }
$data merge entity $(bone_leg_left_2) { transformation: [-0.9914448613738104f,-0.11753628142665709f,0.056765389136863215f,0.13509038958132247f,-0.1205904774487396f,0.6583904138534942f,-0.7429535649652067f,0.8836579000048971f,0.04995021125231469f,-0.7434428596026855f,-0.6669315488876132f,0.40559954086524347f,0f,0f,0f,1f], start_interpolation: 0, interpolation_duration: 1 }
$data merge entity $(bone_leg_left_1) { transformation: [-0.9914448613738104f,-0.044455723570305965f,0.12272235125398463f,0.12499999999999999f,-0.1205904774487396f,-0.04783294264838639f,-0.9915492657181896f,0.8380062970027431f,0.04995021125231469f,-0.997865571226624f,0.04206278826245857f,0.08779756783041519f,0f,0f,0f,1f], start_interpolation: 0, interpolation_duration: 1 }
$data merge entity $(bone_leg_right_2) { transformation: [-0.984807753012208f,0.17315093006891824f,-0.013131832443128794f,-0.1503512165123167f,0.16042999720436046f,0.8782986080912636f,-0.45039290738416105f,0.8284894610057084f,-0.06645228065352395f,-0.4456571669357705f,-0.8927338819349964f,0.4127058174252956f,0f,0f,0f,1f], start_interpolation: 0, interpolation_duration: 1 }
$data merge entity $(bone_leg_right_1) { transformation: [-0.984807753012208f,0.09383079461143361f,-0.14611458376778405f,-0.125f,0.16042999720436046f,0.16962878498049727f,-0.9723622222726718f,0.8418777644663036f,-0.06645228065352395f,-0.9810310174956891f,-0.18210501670002976f,0.06958870415798651f,0f,0f,0f,1f], start_interpolation: 0, interpolation_duration: 1 }
$data merge entity $(bone_skirt_forward_right) { transformation: [-0.9914448613738104f,0.13052583441700835f,-0.0003056226588296951f,-4.100723895728975e-18f,0.0999014987109596f,0.7573182083878448f,-0.6453594516233019f,1.024750570015783f,-0.08400462731760679f,-0.6398688442126f,-0.7638789726097069f,0.03348495173125884f,0f,0f,0f,1f], start_interpolation: 0, interpolation_duration: 1 }
$data merge entity $(bone_skirt_forward_left) { transformation: [-0.9914448613738104f,-0.12920822236336924f,0.018501949334163804f,-4.305788861205578e-18f,-0.0999014987109596f,0.6599376556661407f,-0.7446488979305499f,0.9872879536795856f,0.08400462731760654f,-0.740126695848472f,-0.6671998925971538f,0.03515943424833541f,0f,0f,0f,1f], start_interpolation: 0, interpolation_duration: 1 }
$data merge entity $(bone_skirt_forward) { transformation: [-1f,7.881636337374851e-17f,9.373141784458296e-17f,-4.100723895728975e-18f,0f,0.7653751098671262f,-0.643584447602554f,1.024750570015783f,-1.2246467991473532e-16f,-0.643584447602554f,-0.7653751098671262f,0.03348495173125884f,0f,0f,0f,1f], start_interpolation: 0, interpolation_duration: 1 }
$data merge entity $(bone_skirt_back_right) { transformation: [-0.9961946980917455f,0.08715574274765822f,1.1683490075718646e-16f,-4.100705354660506e-18f,0.08314913786923056f,0.9503989947748192f,-0.2997131488650725f,1.0497503846552625f,-0.02612172210057496f,-0.29857264984776727f,-0.9540293645362196f,0.03348480033194532f,0f,0f,0f,1f], start_interpolation: 0, interpolation_duration: 1 }
$data merge entity $(bone_skirt_back_left) { transformation: [-0.9961946980917455f,-0.08715574274765814f,1.1683490075718646e-16f,-4.100705354660506e-18f,-0.08314913786923056f,0.9503989947748192f,-0.2997131488650725f,1.0497503846552625f,0.02612172210057472f,-0.29857264984776727f,-0.9540293645362196f,0.03348480033194532f,0f,0f,0f,1f], start_interpolation: 0, interpolation_duration: 1 }
$data merge entity $(bone_skirt_back) { transformation: [-1f,3.670427484199852e-17f,1.1683490075718646e-16f,-4.100705354660506e-18f,0f,0.9540293645362196f,-0.2997131488650725f,1.0497503846552625f,-1.2246467991473532e-16f,-0.2997131488650725f,-0.9540293645362196f,0.03348480033194532f,0f,0f,0f,1f], start_interpolation: 0, interpolation_duration: 1 }
$data merge entity $(bone_skirt_right) { transformation: [-0.9914448613738104f,0.13052555612597844f,-0.00040749658883518236f,-0.19375f,0.1205904774487396f,0.914776431659914f,-0.3855411999102557f,1.0622507002759287f,-0.04995021125231493f,-0.38229198170712236f,-0.9226905316075864f,0.03348489375606983f,0f,0f,0f,1f], start_interpolation: 0, interpolation_duration: 1 }
$data merge entity $(bone_skirt_left) { transformation: [-0.9914448613738104f,-0.12999946419595895f,0.01171435718379087f,0.19375f,-0.12059047744873963f,0.8779345111294395f,-0.4633453689383296f,1.0622502162753453f,0.0499502112523147f,-0.46079402500105765f,-0.8861003571374824f,0.02098481731254889f,0f,0f,0f,1f], start_interpolation: 0, interpolation_duration: 1 }
$data merge entity $(bone_coat_downer) { transformation: [-1f,5.654789612090135e-17f,1.086274977660736e-16f,-0.00781250000000001f,0f,0.8870108331782217f,-0.46174861323503386f,0.9241605107045093f,-1.2246467991473532e-16f,-0.46174861323503386f,-0.8870108331782217f,0.08550582941907472f,0f,0f,0f,1f], start_interpolation: 0, interpolation_duration: 1 }
$data merge entity $(bone_body_2) { transformation: [-1f,4.6865204053262974e-17f,1.1314261122877003e-16f,0f,0f,0.9238795325112867f,-0.3826834323650897f,1.13058984375f,-1.2246467991473532e-16f,-0.3826834323650897f,-0.9238795325112867f,0f,0f,0f,0f,1f], start_interpolation: 0, interpolation_duration: 1 }
$data merge entity $(bone_book_left) { transformation: [0.567165636172183f,-0.21316433676699595f,-0.7955401351761514f,-0.04284816864869606f,-1.3877787807814457e-17f,0.9659258262890683f,-0.25881904510252074f,1.20871484375f,0.8236037525080872f,0.14679326836904816f,0.547839935762381f,0.362767667343371f,0f,0f,0f,1f], start_interpolation: 0, interpolation_duration: 1 }
$data merge entity $(bone_book_right) { transformation: [0.567165636172183f,-0.21316433676699595f,-0.7955401351761514f,0.010323609742446102f,-1.3877787807814457e-17f,0.9659258262890683f,-0.25881904510252074f,1.20871484375f,0.8236037525080872f,0.14679326836904816f,0.547839935762381f,0.4399805191410042f,0f,0f,0f,1f], start_interpolation: 0, interpolation_duration: 1 }
$data merge entity $(bone_book_loot_1) { transformation: [0.567165636172183f,-0.21316433676699595f,-0.7955401351761514f,0.10306874082329776f,-1.3877787807814457e-17f,0.9659258262890683f,-0.25881904510252074f,1.247537700515378f,0.8236037525080872f,0.14679326836904816f,0.547839935762381f,0.31919810287783046f,0f,0f,0f,1f], start_interpolation: 0, interpolation_duration: 1 }
$data merge entity $(bone_book_left2) { transformation: [-0.6004513102470505f,-0.5489564193883943f,-0.5814680332012014f,0.5417153692003303f,-0.4769554453846804f,0.8294993993759021f,-0.2905929275686499f,2.0589502929579977f,0.6418502373143609f,0.10284744064531116f,-0.7599017547105729f,-0.3880222984006605f,0f,0f,0f,1f], start_interpolation: 0, interpolation_duration: 1 }
$data merge entity $(bone_book_right2) { transformation: [0.2222661830476653f,-0.5489564193883943f,-0.805757155404589f,0.5623259607996698f,0.026251961379115535f,0.8294993993759021f,-0.5578902947343383f,2.0835130395420025f,0.9746325350598404f,0.10284744064531116f,0.19878084806021434f,-0.4761184815993394f,0f,0f,0f,1f], start_interpolation: 0, interpolation_duration: 1 }
$data merge entity $(bone_book_loot_2) { transformation: [-0.21984631039295455f,-0.5489564193883943f,-0.8064207645013104f,0.6729837796751966f,-0.26200263022938497f,0.8294993993759021f,-0.49323966607309844f,2.145217616160965f,0.9396926207859082f,0.10284744064531116f,-0.3261904081870286f,-0.38314182877194564f,0f,0f,0f,1f], start_interpolation: 0, interpolation_duration: 1 }
$data merge entity $(bone_air_staff_povit_1) { transformation: [-0.000015625f,0f,1.9135106236677393e-21f,-0.007217500000000084f,0f,0.000015625f,0f,1.2967123437499999f,-1.9135106236677393e-21f,0f,-0.000015625f,0.6875f,0f,0f,0f,1f], start_interpolation: 0, interpolation_duration: 1 }