# This file was generated by Animated Java via MC-Build. It is not recommended to edit this file directly.
$data merge entity $(bone_wing_right_1) { transformation: [-0.7187546816035748f,-0.1267358428772324f,-0.3664344119315019f,0.03563151455701204f,-0.12593688709910775f,0.8062697187182565f,-0.031835288442460564f,1.2667082238068628f,0.3667097661437103f,0.028488791701747083f,-0.7291479826527975f,-0.3290124282903419f,0f,0f,0f,1f], start_interpolation: 0, interpolation_duration: 1 }
$data merge entity $(bone_wing_right_2) { transformation: [-0.6980007640027608f,0.15474304390010635f,-0.3589561586267774f,0.03563151455701204f,0.1882731928085755f,0.7769045397785053f,-0.03118558867832872f,1.2667082238068628f,0.3425611453758692f,-0.11168673348289268f,-0.7142674115782506f,-0.3290124282903419f,0f,0f,0f,1f], start_interpolation: 0, interpolation_duration: 1 }
$data merge entity $(bone_wing_left_1) { transformation: [-0.7187546816035748f,0.1267358428772324f,0.3664344119315021f,-0.03563151455701194f,0.12593688709910775f,0.8062697187182565f,-0.031835288442460564f,1.2667082238068628f,-0.36670976614371054f,0.028488791701747125f,-0.7291479826527975f,-0.3290124282903419f,0f,0f,0f,1f], start_interpolation: 0, interpolation_duration: 1 }
$data merge entity $(bone_wing_left_2) { transformation: [-0.6980007640027608f,-0.15474304390010635f,0.3589561586267776f,-0.03563151455701194f,-0.1882731928085755f,0.7769045397785053f,-0.03118558867832872f,1.2667082238068628f,-0.34256114537586935f,-0.11168673348289274f,-0.7142674115782506f,-0.3290124282903419f,0f,0f,0f,1f], start_interpolation: 0, interpolation_duration: 1 }
$data merge entity $(bone_staff) { transformation: [0.02002479923921702f,0.2511629884396704f,1.5420513644666587f,-0.5726840206532049f,1.5623706323659947f,-0.0014356851212607479f,-0.020054823073652684f,0.970889383662694f,-0.0018068026211986656f,1.5421807099190055f,-0.25116059288431664f,-0.06358143184609744f,0f,0f,0f,1f], start_interpolation: 0, interpolation_duration: 1 }
$data merge entity $(bone_arm_right_2) { transformation: [-0.4995009978425692f,-0.8660254037844387f,-0.022332782054142852f,-0.4695380258198122f,-0.8623893804823831f,0.499524110790929f,-0.08222055199123451f,1.195696922057661f,0.08236084983467162f,-0.021809693682668163f,-0.9963639032381588f,-0.09765729456528438f,0f,0f,0f,1f], start_interpolation: 0, interpolation_duration: 1 }
$data merge entity $(bone_arm_right_1) { transformation: [-0.4750187229806599f,-0.8660254037844387f,0.15606797499110192f,-0.2984375f,-0.8355886597221002f,0.499524110790929f,0.2286203282351683f,1.501483745590861f,-0.27595072850356367f,-0.021809693682668163f,-0.9609243116394864f,-0.0025620040789264154f,0f,0f,0f,1f], start_interpolation: 0, interpolation_duration: 1 }
$data merge entity $(bone_arm_left_2) { transformation: [0.6890151046352296f,0.6952414270179654f,0.20468889501515805f,0.37794416957911875f,0.3642032192688343f,-0.08797399378235576f,-0.9271551064909255f,1.3320464644542966f,-0.626589339726364f,0.7133722272250337f,-0.3138245764201303f,0.2734248076466604f,0f,0f,0f,1f], start_interpolation: 0, interpolation_duration: 1 }
$data merge entity $(bone_arm_left_1) { transformation: [-0.16612051037209663f,0.8760090993964424f,0.45278254583005717f,0.2984375f,0.5158508117756168f,0.4685240669115738f,-0.7172050883220757f,1.501483745590861f,-0.8404177033024419f,0.11442576851073756f,-0.5297214621634428f,-0.0025620040789263426f,0f,0f,0f,1f], start_interpolation: 0, interpolation_duration: 1 }
$data merge entity $(bone_himo_right_2) { transformation: [-1f,7.513969621479965e-17f,9.670379454481707e-17f,-0.15625000000000003f,0f,0.7896464075368185f,-0.6135621819051407f,1.174221256678214f,-1.2246467991473532e-16f,-0.6135621819051407f,-0.7896464075368185f,0.26240515207667653f,0f,0f,0f,1f], start_interpolation: 0, interpolation_duration: 1 }
$data merge entity $(bone_himo_right_1) { transformation: [-1f,3.414093995153986e-17f,1.1760949811067098e-16f,-0.15625000000000003f,0f,0.9603544319272734f,-0.2787819310458338f,1.3525453255955413f,-1.2246467991473532e-16f,-0.2787819310458338f,-0.9603544319272734f,0.20413132480603727f,0f,0f,0f,1f], start_interpolation: 0, interpolation_duration: 1 }
$data merge entity $(bone_himo_left_2) { transformation: [-1f,6.580022455450642e-17f,1.0328566345430089e-16f,0.15624999999999997f,0f,0.8433914458128857f,-0.5372996083468239f,1.1654964052199763f,-1.2246467991473532e-16f,-0.5372996083468239f,-0.8433914458128857f,0.21855401132192442f,0f,0f,0f,1f], start_interpolation: 0, interpolation_duration: 1 }
$data merge entity $(bone_himo_left_1) { transformation: [-1f,5.341834311772731e-18f,1.2234812067540777e-16f,0.15624999999999997f,0f,0.9990482215818578f,-0.04361938736533605f,1.3525453255955413f,-1.2246467991473532e-16f,-0.04361938736533605f,-0.9990482215818578f,0.20413132480603732f,0f,0f,0f,1f], start_interpolation: 0, interpolation_duration: 1 }
$data merge entity $(bone_ponpon1) { transformation: [-1f,-5.3418343117727156e-18f,1.2234812067540777e-16f,0.29375f,0f,0.9990482215818578f,0.043619387365335965f,2.0390790034387143f,-1.2246467991473532e-16f,0.043619387365335965f,-0.9990482215818578f,0.04021585064498638f,0f,0f,0f,1f], start_interpolation: 0, interpolation_duration: 1 }
$data merge entity $(bone_ponpon2) { transformation: [-1f,-5.3418343117727156e-18f,1.2234812067540777e-16f,0.33125f,0f,0.9990482215818578f,0.043619387365335965f,1.9182872933064823f,-1.2246467991473532e-16f,0.043619387365335965f,-0.9990482215818578f,-0.05889734354897977f,0f,0f,0f,1f], start_interpolation: 0, interpolation_duration: 1 }
$data merge entity $(bone_ponpon3) { transformation: [-1f,-5.3418343117727156e-18f,1.2234812067540777e-16f,-0.29375f,0f,0.9990482215818578f,0.043619387365335965f,2.0390790034387143f,-1.2246467991473532e-16f,0.043619387365335965f,-0.9990482215818578f,0.04021585064498631f,0f,0f,0f,1f], start_interpolation: 0, interpolation_duration: 1 }
$data merge entity $(bone_ponpon4) { transformation: [-1f,-5.3418343117727156e-18f,1.2234812067540777e-16f,-0.33125f,0f,0.9990482215818578f,0.043619387365335965f,1.9182872933064823f,-1.2246467991473532e-16f,0.043619387365335965f,-0.9990482215818578f,-0.05889734354897985f,0f,0f,0f,1f], start_interpolation: 0, interpolation_duration: 1 }
$data merge entity $(bone_ear_edge_a1) { transformation: [-0.9876963427072912f,0.15632002950497437f,0.00447023245536421f,0.19508603206335146f,0.15603813422285856f,0.983209725153619f,0.09460833489494574f,2.1447229164265544f,0.010394001678382983f,0.09414183309724201f,-0.995504535394089f,0.02850655913056516f,0f,0f,0f,1f], start_interpolation: 0, interpolation_duration: 1 }
$data merge entity $(bone_ear_edge_a2) { transformation: [-0.9999900019311347f,-0.00011427845005652915f,0.00447023245536421f,0.07990102009649337f,0.0003091584833777167f,0.9955145239470081f,0.09460833489494574f,2.1547907077463346f,-0.004460993028608591f,0.09460877100458448f,-0.995504535394089f,0.02894612839259288f,0f,0f,0f,1f], start_interpolation: 0, interpolation_duration: 1 }
$data merge entity $(bone_ear_edge_b1) { transformation: [-0.9703893948331912f,0.24133049560480202f,0.010198739452185706f,0.05744523324258856f,0.2398235449129608f,0.9575775343336762f,0.15978089073734264f,2.1494837428756255f,0.028793917771884045f,0.15749557971758502f,-0.9870998189994606f,0.02020168703924248f,0f,0f,0f,1f], start_interpolation: 0, interpolation_duration: 1 }
$data merge entity $(bone_ear_edge_b2) { transformation: [-0.9974703817026296f,-0.07034787373899097f,0.010198739452185706f,0.0865451712623872f,-0.06782198639029083f,0.9848199049152372f,0.15978089073734264f,2.159326131085577f,-0.0212841675450509f,0.15868500730423904f,-0.9870998189994606f,0.022095526147634124f,0f,0f,0f,1f], start_interpolation: 0, interpolation_duration: 1 }
$data merge entity $(bone_ear_right_2) { transformation: [-0.9961946980917455f,0.08655697087746546f,0.010198739452185706f,0.1445842312488097f,0.0870727897926938f,0.9833048338297229f,0.15978089073734264f,2.2676506618656616f,0.0038016801040235506f,0.16006090890538785f,-0.9870998189994606f,0.008571174835389134f,0f,0f,0f,1f], start_interpolation: 0, interpolation_duration: 1 }
$data merge entity $(bone_ear_right_1) { transformation: [-0.9961946980917455f,0.08704102777248773f,0.00447023245536421f,0.125f,0.0870727897926938f,0.991699345692092f,0.09460833489494574f,2.0445183090849413f,0.0038016801040235506f,0.09463755722854364f,-0.995504535394089f,-0.01272227554103315f,0f,0f,0f,1f], start_interpolation: 0, interpolation_duration: 1 }
$data merge entity $(bone_ear_edge_a3) { transformation: [-0.9876898106341286f,-0.15641344250323588f,-0.0019165004058997583f,-0.19517607818556876f,-0.15620187962581375f,0.985551393512352f,0.06549369089633063f,2.145889494447127f,-0.008355284009636421f,0.06498681212483214f,-0.9978511429461663f,0.025383273398829207f,0f,0f,0f,1f], start_interpolation: 0, interpolation_duration: 1 }
$data merge entity $(bone_ear_edge_a4) { transformation: [-0.9999981632910431f,0.000020993679442832258f,-0.0019165004058997583f,-0.07999106621871069f,-0.00010457027170260313f,0.9978529779069832f,0.06549369089633063f,2.1559572857669074f,0.0019137605907392219f,0.06549377101245012f,-0.9978511429461663f,0.02582284266085696f,0f,0f,0f,1f], start_interpolation: 0, interpolation_duration: 1 }
$data merge entity $(bone_ear_edge_b3) { transformation: [-0.9703323411285512f,-0.24169071851889085f,-0.006383129468158025f,-0.05754109088913127f,-0.2407737818396566f,0.9635770941689018f,0.11639230890245847f,2.150627487205204f,-0.021980303424076288f,0.11447611180870063f,-0.9931828059760941f,0.019124234382398138f,0f,0f,0f,1f], start_interpolation: 0, interpolation_duration: 1 }
$data merge entity $(bone_ear_edge_b4) { transformation: [-0.9975274354072696f,0.06998765082490217f,-0.006383129468158025f,-0.08664558782315523f,0.06877222331698658f,0.9908194647504628f,0.11639230890245847f,2.160545804728946f,0.014470553197242664f,0.11566553939535473f,-0.9931828059760941f,0.02047362710344352f,0f,0f,0f,1f], start_interpolation: 0, interpolation_duration: 1 }
$data merge entity $(bone_ear_left_2) { transformation: [-0.9961946980917455f,-0.0869216840154901f,-0.006383129468158025f,-0.1446053004970483f,-0.08707278979269381f,0.9893791789329672f,0.11639230890245847f,2.2681788238223577f,-0.0038016801040237948f,0.11650519791768629f,-0.9931828059760941f,0.001995276558898862f,0f,0f,0f,1f], start_interpolation: 0, interpolation_duration: 1 }
$data merge entity $(bone_ear_left_1) { transformation: [-0.9961946980917455f,-0.08713466887577044f,-0.0019165004058997583f,-0.125f,-0.08707278979269381f,0.9940467321662968f,0.06549369089633063f,2.0445183090849413f,-0.0038016801040237948f,0.06541134266636472f,-0.9978511429461663f,-0.012722275541033178f,0f,0f,0f,1f], start_interpolation: 0, interpolation_duration: 1 }
$data merge entity $(bone_head) { transformation: [-1f,-5.3418343117727156e-18f,1.2234812067540777e-16f,4.723407155967195e-19f,0f,0.9990482215818578f,0.043619387365335965f,1.5311429896690723f,-1.2246467991473532e-16f,0.043619387365335965f,-0.9990482215818578f,-0.003856954641334797f,0f,0f,0f,1f], start_interpolation: 0, interpolation_duration: 1 }
$data merge entity $(bone_body_1) { transformation: [-1f,5.341834311772731e-18f,1.2234812067540777e-16f,-1.5308471513180546e-18f,0f,0.9990482215818578f,-0.04361938736533605f,1.1564999065758756f,-1.2246467991473532e-16f,-0.04361938736533605f,-0.9990482215818578f,0.012500315620666221f,0f,0f,0f,1f], start_interpolation: 0, interpolation_duration: 1 }
$data merge entity $(bone_leg_left_2) { transformation: [-0.9914448613738104f,-0.1204715736363868f,0.050236309588170096f,0.1375693874131353f,-0.1205904774487396f,0.698131300879857f,-0.7057411873204535f,0.8928772877656332f,0.04995021125231468f,-0.7057614941872156f,-0.7066864154053605f,0.40720072995124956f,0f,0f,0f,1f], start_interpolation: 0, interpolation_duration: 1 }
$data merge entity $(bone_leg_left_1) { transformation: [-0.9914448613738104f,-0.05062293298983003f,0.12030962351770959f,0.12499999999999999f,-0.1205904774487396f,0.0025195901329964077f,-0.9926991429502932f,0.8639164532527432f,0.04995021125231468f,-0.9987146591099325f,-0.008602678349226511f,0.08779756783041519f,0f,0f,0f,1f], start_interpolation: 0, interpolation_duration: 1 }
$data merge entity $(bone_leg_right_2) { transformation: [-0.984807753012208f,0.17214513671252865f,-0.02279784010099753f,-0.14696443923197772f,0.1604299972043605f,0.8517268592528545f,-0.49882218597840766f,0.8761264143576144f,-0.06645228065352397f,-0.49490141354970185f,-0.8664044582424841f,0.41245480798030837f,0f,0f,0f,1f], start_interpolation: 0, interpolation_duration: 1 }
$data merge entity $(bone_leg_right_1) { transformation: [-0.984807753012208f,0.08449361996925028f,-0.15170536507169988f,-0.125f,0.1604299972043605f,0.10838501442682474f,-0.981078439598336f,0.8677879207163037f,-0.06645228065352397f,-0.9905117449238999f,-0.12029371373333014f,0.06958870415798651f,0f,0f,0f,1f], start_interpolation: 0, interpolation_duration: 1 }
$data merge entity $(bone_skirt_forward_right) { transformation: [-0.9914448613738104f,0.13051483009150636f,-0.0017222025580926668f,-4.100723895728975e-18f,0.09949512881569895f,0.7471344842460933f,-0.6571839786484995f,1.0506607262657832f,-0.08448553839216118f,-0.651733029373615f,-0.7537282349932748f,0.03348495173125884f,0f,0f,0f,1f], start_interpolation: 0, interpolation_duration: 1 }
$data merge entity $(bone_skirt_forward_left) { transformation: [-0.9914448613738104f,-0.12897571548748957f,0.020058705590241147f,-4.327916576487394e-18f,-0.09949512881569898f,0.6472938445258337f,-0.7557191265152108f,1.0132066228544865f,0.08448553839216096f,-0.7512495881219874f,-0.6545886113805608f,0.03534012075563876f,0f,0f,0f,1f], start_interpolation: 0, interpolation_duration: 1 }
$data merge entity $(bone_skirt_forward) { transformation: [-1f,7.926757258939364e-17f,9.335014602240203e-17f,-4.100723895728975e-18f,0f,0.7622617891737932f,-0.647268850452088f,1.0506607262657832f,-1.2246467991473532e-16f,-0.647268850452088f,-0.7622617891737932f,0.03348495173125884f,0f,0f,0f,1f], start_interpolation: 0, interpolation_duration: 1 }
$data merge entity $(bone_skirt_back_right) { transformation: [-0.9961946980917455f,0.08715574274765822f,1.17010589549202e-16f,-4.100705354660506e-18f,0.0832741721825625f,0.951828143515843f,-0.29510777261619664f,1.0756605409052626f,-0.02572033711297176f,-0.2939847984459195f,-0.9554639723932594f,0.03348480033194532f,0f,0f,0f,1f], start_interpolation: 0, interpolation_duration: 1 }
$data merge entity $(bone_skirt_back_left) { transformation: [-0.9961946980917455f,-0.08715574274765814f,1.17010589549202e-16f,-4.100705354660506e-18f,-0.0832741721825625f,0.951828143515843f,-0.29510777261619664f,1.0756605409052626f,0.025720337112971517f,-0.2939847984459195f,-0.9554639723932594f,0.03348480033194532f,0f,0f,0f,1f], start_interpolation: 0, interpolation_duration: 1 }
$data merge entity $(bone_skirt_back) { transformation: [-1f,3.614027891379301e-17f,1.17010589549202e-16f,-4.100705354660506e-18f,0f,0.9554639723932594f,-0.29510777261619664f,1.0756605409052626f,-1.2246467991473532e-16f,-0.29510777261619664f,-0.9554639723932594f,0.03348480033194532f,0f,0f,0f,1f], start_interpolation: 0, interpolation_duration: 1 }
$data merge entity $(bone_skirt_right) { transformation: [-0.9914448613738104f,0.1305059931083495f,-0.0022962182538455974f,-0.19375f,0.12059047744873957f,0.9091016952406947f,-0.39873806497396264f,1.0881608565259289f,-0.04995021125231491f,-0.3956037076081296f,-0.9170619842314643f,0.03348489375606983f,0f,0f,0f,1f], start_interpolation: 0, interpolation_duration: 1 }
$data merge entity $(bone_skirt_left) { transformation: [-0.9914448613738104f,-0.129848750289971f,0.013281148429205875f,0.19375f,-0.1205904774487396f,0.8722832674841542f,-0.47389855245173784f,1.0881603725253455f,0.04995021125231469f,-0.47144586467090815f,-0.8804792860031114f,0.02098481731254889f,0f,0f,0f,1f], start_interpolation: 0, interpolation_duration: 1 }
$data merge entity $(bone_coat_downer) { transformation: [-1f,5.654789612090135e-17f,1.086274977660736e-16f,-0.00781250000000001f,0f,0.8870108331782217f,-0.46174861323503386f,0.9500706669545095f,-1.2246467991473532e-16f,-0.46174861323503386f,-0.8870108331782217f,0.08550582941907472f,0f,0f,0f,1f], start_interpolation: 0, interpolation_duration: 1 }
$data merge entity $(bone_body_2) { transformation: [-1f,4.6865204053262974e-17f,1.1314261122877003e-16f,0f,0f,0.9238795325112867f,-0.3826834323650897f,1.1565f,-1.2246467991473532e-16f,-0.3826834323650897f,-0.9238795325112867f,0f,0f,0f,0f,1f], start_interpolation: 0, interpolation_duration: 1 }
$data merge entity $(bone_book_left) { transformation: [0.5370051764663867f,-0.21833429762726544f,-0.8148346917798197f,-0.04438832764686193f,0f,0.9659258262890683f,-0.25881904510252074f,1.234625f,0.843578947371439f,0.13898716698814081f,0.5187071687998014f,0.3537154918419637f,0f,0f,0f,1f], start_interpolation: 0, interpolation_duration: 1 }
$data merge entity $(bone_book_right) { transformation: [0.5370051764663867f,-0.21833429762726544f,-0.8148346917798197f,0.005955907646861824f,0f,0.9659258262890683f,-0.25881904510252074f,1.234625f,0.843578947371439f,0.13898716698814081f,0.5187071687998014f,0.4328010181580361f,0f,0f,0f,1f], start_interpolation: 0, interpolation_duration: 1 }
$data merge entity $(bone_book_loot_1) { transformation: [0.5370051764663867f,-0.21833429762726544f,-0.8148346917798197f,0.10300899376697292f,0f,0.9659258262890683f,-0.25881904510252074f,1.2734478567653782f,0.843578947371439f,0.13898716698814081f,0.5187071687998014f,0.3154521796800297f,0f,0f,0f,1f], start_interpolation: 0, interpolation_duration: 1 }
$data merge entity $(bone_book_left2) { transformation: [-0.6311059401391845f,-0.5489564193883943f,-0.5480439233613573f,0.5416668142003302f,-0.4920149537531837f,0.8294993993759021f,-0.2642953494071925f,2.1251979667079977f,0.5996887339314358f,0.10284744064531116f,-0.7935967655859117f,-0.3879571684006606f,0f,0f,0f,1f], start_interpolation: 0, interpolation_duration: 1 }
$data merge entity $(bone_book_right2) { transformation: [0.2656428420885273f,-0.5489564193883943f,-0.7925154446819337f,0.5622774057996698f,0.05647299369070369f,0.8294993993759021f,-0.5556451632279609f,2.1497607132920025f,0.9624160646158912f,0.10284744064531116f,0.25135179036953303f,-0.4760533515993395f,0f,0f,0f,1f], start_interpolation: 0, interpolation_duration: 1 }
$data merge entity $(bone_book_loot_2) { transformation: [-0.21984631039295455f,-0.5489564193883943f,-0.8064207645013104f,0.6729352246751966f,-0.26200263022938497f,0.8294993993759021f,-0.49323966607309844f,2.211465289910965f,0.9396926207859082f,0.10284744064531116f,-0.3261904081870286f,-0.3830766987719457f,0f,0f,0f,1f], start_interpolation: 0, interpolation_duration: 1 }
$data merge entity $(bone_air_staff_povit_1) { transformation: [-0.000015625f,0f,1.9135106236677393e-21f,-0.007217500000000084f,0f,0.000015625f,0f,1.3226225f,-1.9135106236677393e-21f,0f,-0.000015625f,0.6875f,0f,0f,0f,1f], start_interpolation: 0, interpolation_duration: 1 }