execute if entity @s[tag=aj.frestchika_v2.bone.hair] run data modify entity @s {} merge value {transformation:[-0.9930890331699689f,-0.0009733561943357269f,0.11735938298770715f,0.032815696964532785f,-0.0015833750561557826f,0.9999857171320754f,-0.00510474830724173f,1.6010909914878546f,-0.1173527380207548f,-0.005255293480643295f,-0.9930763901983897f,-0.28033737064729874f,0f,0f,0f,1f],start_interpolation:0}
execute if entity @s[tag=aj.frestchika_v2.bone.side_hair_2] run data modify entity @s {} merge value {transformation:[-0.9930890331699689f,-0.0009733561943357269f,0.11735938298770715f,0.4830581940000249f,-0.0015833750561557826f,0.9999857171320754f,-0.00510474830724173f,1.9332959609952867f,-0.1173527380207548f,-0.005255293480643295f,-0.9930763901983897f,0.058150546504801726f,0f,0f,0f,1f],start_interpolation:0}
execute if entity @s[tag=aj.frestchika_v2.bone.side_hair_1] run data modify entity @s {} merge value {transformation:[-0.9930890331699689f,-0.0009733561943357269f,0.11735938298770715f,0.3255056471471364f,-0.0015833750561557826f,0.9999857171320754f,-0.00510474830724173f,2.320324829674254f,-0.1173527380207548f,-0.005255293480643295f,-0.9930763901983897f,0.03754190566806719f,0f,0f,0f,1f],start_interpolation:0}
execute if entity @s[tag=aj.frestchika_v2.bone.head] run data modify entity @s {} merge value {transformation:[-0.9930890331699689f,-0.0009733561943357269f,0.11735938298770715f,-0.00036500857287589754f,-0.0015833750561557826f,0.9999857171320754f,-0.00510474830724173f,1.7806491578134174f,-0.1173527380207548f,-0.005255293480643295f,-0.9930763901983897f,-0.0019707350552412356f,0f,0f,0f,1f],start_interpolation:0}
execute if entity @s[tag=aj.frestchika_v2.bone.group] run data modify entity @s {} merge value {transformation:[-0.000009368344746792644f,-0.000001119434960444784f,0.0000033137564899335366f,-0.7911953197091635f,-0.0000010423891144025646f,0.000009937070671883588f,4.099407227467009e-7f,1.67025537360535f,-0.00000333879344066351f,3.8624232355286286e-8f,-0.00000942607906444972f,-0.498108031630564f,0f,0f,0f,1f],start_interpolation:0}
execute if entity @s[tag=aj.frestchika_v2.bone.group2] run data modify entity @s {} merge value {transformation:[-0.000009368344746792644f,-0.000001119434960444784f,0.0000033137564899335366f,-0.7911953197091635f,-0.0000010423891144025646f,0.000009937070671883588f,4.099407227467009e-7f,1.67025537360535f,-0.00000333879344066351f,3.8624232355286286e-8f,-0.00000942607906444972f,-0.498108031630564f,0f,0f,0f,1f],start_interpolation:0}
execute if entity @s[tag=aj.frestchika_v2.bone.group3] run data modify entity @s {} merge value {transformation:[-0.000009368344746792644f,-0.000001119434960444784f,0.0000033137564899335366f,-0.7911953197091635f,-0.0000010423891144025646f,0.000009937070671883588f,4.099407227467009e-7f,1.67025537360535f,-0.00000333879344066351f,3.8624232355286286e-8f,-0.00000942607906444972f,-0.498108031630564f,0f,0f,0f,1f],start_interpolation:0}
execute if entity @s[tag=aj.frestchika_v2.locator_origin.muzzle] at @s on origin run tp @s ^-0.7912 ^1.67026 ^-0.49811 ~19.36922 ~2.34945
execute if entity @s[tag=aj.frestchika_v2.bone.gun] run data modify entity @s {} merge value {transformation:[-0.000009368344746792644f,-0.000001119434960444784f,0.0000033137564899335366f,-0.7911944154210239f,-0.0000010423891144025646f,0.000009937070671883588f,4.099407227467009e-7f,1.670257380103825f,-0.00000333879344066351f,3.8624232355286286e-8f,-0.00000942607906444972f,-0.4981125993690244f,0f,0f,0f,1f],start_interpolation:0}
execute if entity @s[tag=aj.frestchika_v2.bone.sword] run data modify entity @s {} merge value {transformation:[-0.922171330982189f,-0.18246825863785632f,0.473106841003389f,-0.5529270078206657f,0.40386203159393635f,0.329454211519045f,0.9142647833364153f,1.621407976492047f,-0.3066271479359841f,0.9826952575453048f,-0.21866534944204435f,-0.3417363621309559f,0f,0f,0f,1f],start_interpolation:0}
execute if entity @s[tag=aj.frestchika_v2.bone.arm_right_1] run data modify entity @s {} merge value {transformation:[-0.9368344746792644f,-0.1119434960444784f,0.33137564899335364f,-0.4818672831840263f,-0.10423891144025645f,0.9937070671883587f,0.040994072274670085f,1.7048837849110758f,-0.333879344066351f,0.003862423235528628f,-0.9426079064449719f,-0.4409064628950181f,0f,0f,0f,1f],start_interpolation:0}
execute if entity @s[tag=aj.frestchika_v2.bone.arm_right_0] run data modify entity @s {} merge value {transformation:[-0.811230100498409f,-0.1119434960444784f,0.5739114720396177f,-0.15801036701443852f,-0.08914082570219693f,0.9937070671883587f,0.06782461067371524f,1.7404142029578504f,-0.5778924097429136f,0.003862423235528628f,-0.8161038196505872f,-0.19576297570260148f,0f,0f,0f,1f],start_interpolation:0}
execute if entity @s[tag=aj.frestchika_v2.bone.arm_left_1] run data modify entity @s {} merge value {transformation:[0.05293520512498451f,0.6110282367724169f,0.7898369185630454f,0.36618405580621477f,0.9273415212171255f,0.2633407503664124f,-0.26587469270910735f,1.4757579363003415f,-0.37045319148994144f,0.7465227009698007f,-0.5526918579567377f,0.20996192714116563f,0f,0f,0f,1f],start_interpolation:0}
execute if entity @s[tag=aj.frestchika_v2.bone.arm_left_0] run data modify entity @s {} merge value {transformation:[-0.42643242459191866f,0.6110282367724169f,0.6669331908995448f,0.15784745956984664f,0.9040172405120204f,0.2633407503664124f,0.3367558136892172f,1.7802579403397654f,0.03013662412563098f,0.7465227009698007f,-0.6646770951545302f,0.19160380686421238f,0f,0f,0f,1f],start_interpolation:0}
execute if entity @s[tag=aj.frestchika_v2.bone.right_wing_0] run data modify entity @s {} merge value {transformation:[-0.6328437890946755f,-0.0009733561943357269f,0.7742788846287961f,0.30665735925099025f,-0.0046850408374681666f,0.9999857171320754f,-0.0025721438917757347f,1.435258151946245f,-0.7742653220935605f,-0.005255293480643295f,-0.6328393104839389f,-0.5127886674495241f,0f,0f,0f,1f],start_interpolation:0}
execute if entity @s[tag=aj.frestchika_v2.bone.right_wing_1] run data modify entity @s {} merge value {transformation:[-0.6328437890946755f,-0.0009733561943357269f,0.7742788846287961f,0.09877817165928045f,-0.0046850408374681666f,0.9999857171320754f,-0.0025721438917757347f,2.220727637456654f,-0.7742653220935605f,-0.005255293480643295f,-0.6328393104839389f,0.1679105034430077f,0f,0f,0f,1f],start_interpolation:0}
execute if entity @s[tag=aj.frestchika_v2.bone.right_wing_2] run data modify entity @s {} merge value {transformation:[-0.6328437890946755f,-0.0009733561943357269f,0.7742788846287961f,0.10327582107336378f,-0.0046850408374681666f,0.9999857171320754f,-0.0025721438917757347f,2.2053443766901326f,-0.7742653220935605f,-0.005255293480643295f,-0.6328393104839389f,0.1734759019156637f,0f,0f,0f,1f],start_interpolation:0}
execute if entity @s[tag=aj.frestchika_v2.bone.left_wing_0] run data modify entity @s {} merge value {transformation:[-0.6328437890946755f,-0.0009733561943357269f,0.7742788846287961f,0.3092942083722181f,-0.0046850408374681666f,0.9999857171320754f,-0.0025721438917757347f,1.4352776729497345f,-0.7742653220935605f,-0.005255293480643295f,-0.6328393104839389f,-0.509562561940801f,0f,0f,0f,1f],start_interpolation:0}
execute if entity @s[tag=aj.frestchika_v2.bone.left_wing_1] run data modify entity @s {} merge value {transformation:[-0.6328437890946755f,-0.0009733561943357269f,0.7742788846287961f,0.10246976042899941f,-0.0046850408374681666f,0.9999857171320754f,-0.0025721438917757347f,2.220754966861539f,-0.7742653220935605f,-0.005255293480643295f,-0.6328393104839389f,0.17242705115522014f,0f,0f,0f,1f],start_interpolation:0}
execute if entity @s[tag=aj.frestchika_v2.bone.left_wing_2] run data modify entity @s {} merge value {transformation:[-0.6328437890946755f,-0.0009733561943357269f,0.7742788846287961f,0.10591267019459158f,-0.0046850408374681666f,0.9999857171320754f,-0.0025721438917757347f,2.2053638976936223f,-0.7742653220935605f,-0.005255293480643295f,-0.6328393104839389f,0.17670200742438685f,0f,0f,0f,1f],start_interpolation:0}
execute if entity @s[tag=aj.frestchika_v2.bone.leg_right_1] run data modify entity @s {} merge value {transformation:[-0.4502585421217257f,-0.34684414924071555f,0.8227796675805146f,-0.3486672252614274f,-0.002476967987600627f,0.9219524715437697f,0.38729511337470157f,0.8275389447621724f,-0.8928947921653516f,0.17234493422151598f,-0.41597609759717546f,0.03743147634296955f,0f,0f,0f,1f],start_interpolation:0}
execute if entity @s[tag=aj.frestchika_v2.bone.leg_right_0] run data modify entity @s {} merge value {transformation:[-0.4502585421217257f,0.5871754130277288f,0.6726754637878016f,-0.11214604286045299f,-0.002476967987600627f,0.7525375705170354f,-0.6585446602850155f,1.0356803825394838f,-0.8928947921653516f,-0.298181554251825f,-0.3373820546916499f,-0.08241606155959234f,0f,0f,0f,1f],start_interpolation:0}
execute if entity @s[tag=aj.frestchika_v2.bone.leg_left_1] run data modify entity @s {} merge value {transformation:[-0.4502585421217257f,0.05794530206107197f,0.8910160420640412f,-0.05027850821977126f,-0.002476967987600627f,0.9978071511572986f,-0.06614192111622028f,0.6656952334135722f,-0.8928947921653516f,-0.031987983187550764f,-0.4491276645404806f,0.16740066643067034f,0f,0f,0f,1f],start_interpolation:0}
execute if entity @s[tag=aj.frestchika_v2.bone.leg_left_0] run data modify entity @s {} merge value {transformation:[-0.4502585421217257f,0.13519226903933257f,0.8826042689894575f,0.00041859266997845007f,-0.002476967987600627f,0.9882783763274983f,-0.15264244335397656f,1.036299624536384f,-0.8928947921653516f,-0.07091474653046613f,-0.4446459140130642f,0.14080763648174555f,0f,0f,0f,1f],start_interpolation:0}
execute if entity @s[tag=aj.frestchika_v2.bone.body_0] run data modify entity @s {} merge value {transformation:[-0.4502585421217257f,0.14896993358729937f,0.8803835551243637f,0f,-0.002476967987600627f,0.9857720276025469f,-0.1680695517515049f,1.405654513888889f,-0.8928947921653516f,-0.07785543322953761f,-0.4434832822560897f,0f,0f,0f,0f,1f],start_interpolation:0}
execute if entity @s[tag=aj.frestchika_v2.bone.body_1] run data modify entity @s {} merge value {transformation:[-0.6328437890946755f,-0.0009733561943357269f,0.7742788846287961f,0f,-0.0046850408374681666f,0.9999857171320754f,-0.0025721438917757347f,1.405654513888889f,-0.7742653220935605f,-0.005255293480643295f,-0.6328393104839389f,0f,0f,0f,0f,1f],start_interpolation:0}