execute if entity @s[tag=aj.frestchika_v2.bone.hair] run data modify entity @s {} merge value {transformation:[-0.9865540777115792f,-0.00335115009916328f,0.16340080031526272f,0.04529671741289487f,-0.007288121655427882f,0.9996972604957136f,-0.023500439146981893f,1.5637892329833383f,-0.16327257893899727f,-0.024375338979759725f,-0.9862798324087493f,-0.2821900977266009f,0f,0f,0f,1f],start_interpolation:0}
execute if entity @s[tag=aj.frestchika_v2.bone.side_hair_2] run data modify entity @s {} merge value {transformation:[-0.9865540777115792f,-0.00335115009916328f,0.16340080031526272f,0.4784477761397499f,-0.007288121655427882f,0.9996972604957136f,-0.023500439146981893f,1.9039221643898894f,-0.16327257893899727f,-0.024375338979759725f,-0.9862798324087493f,0.07043189145834383f,0f,0f,0f,1f],start_interpolation:0}
execute if entity @s[tag=aj.frestchika_v2.bone.side_hair_1] run data modify entity @s {} merge value {transformation:[-0.9865540777115792f,-0.00335115009916328f,0.16340080031526272f,0.3210086286904824f,-0.007288121655427882f,0.9996972604957136f,-0.023500439146981893f,2.2899364314616433f,-0.16327257893899727f,-0.024375338979759725f,-0.9862798324087493f,0.03515063927825434f,0f,0f,0f,1f],start_interpolation:0}
execute if entity @s[tag=aj.frestchika_v2.bone.head] run data modify entity @s {} merge value {transformation:[-0.9865540777115792f,-0.00335115009916328f,0.16340080031526272f,-0.00125668128718623f,-0.007288121655427882f,0.9996972604957136f,-0.023500439146981893f,1.748469806019226f,-0.16327257893899727f,-0.024375338979759725f,-0.9862798324087493f,-0.009140752117409896f,0f,0f,0f,1f],start_interpolation:0}
execute if entity @s[tag=aj.frestchika_v2.bone.group] run data modify entity @s {} merge value {transformation:[-0.000008668956755741253f,-0.000001208941281601657f,0.000004836077929968403f,-0.7375049007614801f,-0.0000010439706417693064f,0.00000992662497027704f,6.101163811897984e-7f,1.633103002033788f,-0.00000487435268176318f,2.403491443082176e-8f,-0.000008731558180340804f,-0.6049278242541536f,0f,0f,0f,1f],start_interpolation:0}
execute if entity @s[tag=aj.frestchika_v2.bone.group2] run data modify entity @s {} merge value {transformation:[-0.000008668956755741253f,-0.000001208941281601657f,0.000004836077929968403f,-0.7375049007614801f,-0.0000010439706417693064f,0.00000992662497027704f,6.101163811897984e-7f,1.633103002033788f,-0.00000487435268176318f,2.403491443082176e-8f,-0.000008731558180340804f,-0.6049278242541536f,0f,0f,0f,1f],start_interpolation:0}
execute if entity @s[tag=aj.frestchika_v2.bone.group3] run data modify entity @s {} merge value {transformation:[-0.000008668956755741253f,-0.000001208941281601657f,0.000004836077929968403f,-0.7375049007614801f,-0.0000010439706417693064f,0.00000992662497027704f,6.101163811897984e-7f,1.633103002033788f,-0.00000487435268176318f,2.403491443082176e-8f,-0.000008731558180340804f,-0.6049278242541536f,0f,0f,0f,1f],start_interpolation:0}
execute if entity @s[tag=aj.frestchika_v2.locator_origin.muzzle] at @s on origin run tp @s ^-0.73751 ^1.63311 ^-0.60493 ~28.9804 ~3.49788
execute if entity @s[tag=aj.frestchika_v2.bone.gun] run data modify entity @s {} merge value {transformation:[-0.000008668956755741253f,-0.000001208941281601657f,0.000004836077929968403f,-0.7375032668837886f,-0.0000010439706417693064f,0.00000992662497027704f,6.101163811897984e-7f,1.6331051003318997f,-0.00000487435268176318f,2.403491443082176e-8f,-0.000008731558180340804f,-0.6049321411507861f,0f,0f,0f,1f],start_interpolation:0}
execute if entity @s[tag=aj.frestchika_v2.bone.sword] run data modify entity @s {} merge value {transformation:[-0.8903298735007464f,-0.21563349873042398f,-0.5180150795849686f,-0.5106362581992595f,0.3035433556358412f,-1.0022290532867717f,-0.1045134828490318f,1.4358739378678087f,-0.47190980038719077f,-0.2378315182501635f,0.9100890183522402f,-0.5492763036316308f,0f,0f,0f,1f],start_interpolation:0}
execute if entity @s[tag=aj.frestchika_v2.bone.arm_right_1] run data modify entity @s {} merge value {transformation:[-0.8668956755741252f,-0.12089412816016568f,0.48360779299684026f,-0.4424202609919828f,-0.10439706417693063f,0.992662497027704f,0.06101163811897983f,1.6687818033966015f,-0.487435268176318f,0.0024034914430821758f,-0.8731558180340803f,-0.49626753242092897f,0f,0f,0f,1f],start_interpolation:0}
execute if entity @s[tag=aj.frestchika_v2.bone.arm_right_0] run data modify entity @s {} merge value {transformation:[-0.7320163610241898f,-0.12089412816016568f,0.6704749488006965f,-0.14764714926278838f,-0.08751471752639667f,0.992662497027704f,0.0834406448381035f,1.7039901296578326f,-0.6756428208818458f,0.0024034914430821758f,-0.7372252042759424f,-0.21070242799923922f,0f,0f,0f,1f],start_interpolation:0}
execute if entity @s[tag=aj.frestchika_v2.bone.arm_left_1] run data modify entity @s {} merge value {transformation:[0.2621060457390997f,0.5749788828398019f,0.7750481953242045f,0.2632930285744476f,0.8273342030500164f,0.27957321132430235f,-0.4871929145353112f,1.4087952479550996f,-0.4968083506248735f,0.7689200893448616f,-0.4024218668900618f,0.26940008761182305f,0f,0f,0f,1f],start_interpolation:0}
execute if entity @s[tag=aj.frestchika_v2.bone.arm_left_0] run data modify entity @s {} merge value {transformation:[-0.22136308213298905f,0.5749788828398019f,0.7876532677243693f,0.14778852478625198f,0.9579129558561068f,0.27957321132430235f,0.06512747893810251f,1.7522996322345445f,-0.18275982838577948f,0.7689200893448616f,-0.612666908956482f,0.19154133573284338f,0f,0f,0f,1f],start_interpolation:0}
execute if entity @s[tag=aj.frestchika_v2.bone.right_wing_0] run data modify entity @s {} merge value {transformation:[-0.5961598796056331f,-0.00335115009916328f,0.8028587470667614f,0.32145458419109096f,-0.02156741273937256f,0.9996972604957136f,-0.011842046490994115f,1.373819959412802f,-0.8025760055323896f,-0.024375338979759725f,-0.5960516740965461f,-0.5096792621126008f,0f,0f,0f,1f],start_interpolation:0}
execute if entity @s[tag=aj.frestchika_v2.bone.right_wing_1] run data modify entity @s {} merge value {transformation:[-0.5961598796056331f,-0.00335115009916328f,0.8028587470667614f,0.0766063287494513f,-0.02156741273937256f,0.9996972604957136f,-0.011842046490994115f,2.177012490026564f,-0.8025760055323896f,-0.024375338979759725f,-0.5960516740965461f,0.1407005790538277f,0f,0f,0f,1f],start_interpolation:0}
execute if entity @s[tag=aj.frestchika_v2.bone.right_wing_2] run data modify entity @s {} merge value {transformation:[-0.5961598796056331f,-0.00335115009916328f,0.8028587470667614f,0.08428019725607236f,-0.02156741273937256f,0.9996972604957136f,-0.011842046490994115f,2.1852053390867052f,-0.8025760055323896f,-0.024375338979759725f,-0.5960516740965461f,0.15087421435836465f,0f,0f,0f,1f],start_interpolation:0}
execute if entity @s[tag=aj.frestchika_v2.bone.left_wing_0] run data modify entity @s {} merge value {transformation:[-0.5961598796056331f,-0.00335115009916328f,0.8028587470667614f,0.34132658017794537f,-0.02156741273937256f,0.9996972604957136f,-0.011842046490994115f,1.374538873170781f,-0.8025760055323896f,-0.024375338979759725f,-0.5960516740965461f,-0.4829267285948545f,0f,0f,0f,1f],start_interpolation:0}
execute if entity @s[tag=aj.frestchika_v2.bone.left_wing_1] run data modify entity @s {} merge value {transformation:[-0.5961598796056331f,-0.00335115009916328f,0.8028587470667614f,0.1044271231310475f,-0.02156741273937256f,0.9996972604957136f,-0.011842046490994115f,2.178018969287735f,-0.8025760055323896f,-0.024375338979759725f,-0.5960516740965461f,0.17815412597867253f,0f,0f,0f,1f],start_interpolation:0}
execute if entity @s[tag=aj.frestchika_v2.bone.left_wing_2] run data modify entity @s {} merge value {transformation:[-0.5961598796056331f,-0.00335115009916328f,0.8028587470667614f,0.10415219324292678f,-0.02156741273937256f,0.9996972604957136f,-0.011842046490994115f,2.1859242528446843f,-0.8025760055323896f,-0.024375338979759725f,-0.5960516740965461f,0.17762674787611096f,0f,0f,0f,1f],start_interpolation:0}
execute if entity @s[tag=aj.frestchika_v2.bone.leg_right_1] run data modify entity @s {} merge value {transformation:[-0.4082534390371112f,-0.37290705472839486f,0.8332283348807611f,-0.33166060696000865f,-0.01140362594778022f,0.9147703138901107f,0.4038133605276476f,0.7813262524441378f,-0.9127973963753482f,0.15535636890447302f,-0.37771061914010645f,0.01879438051430353f,0f,0f,0f,1f],start_interpolation:0}
execute if entity @s[tag=aj.frestchika_v2.bone.leg_right_0] run data modify entity @s {} merge value {transformation:[-0.4082534390371112f,0.5688392819457513f,0.713968487280646f,-0.09994230553669536f,-0.01140362594778022f,0.7788762956655118f,-0.6270738978506549f,1.0013074447103272f,-0.9127973963753482f,-0.2641469048953871f,-0.3114920958942178f,-0.0875910858133462f,0f,0f,0f,1f],start_interpolation:0}
execute if entity @s[tag=aj.frestchika_v2.bone.leg_left_1] run data modify entity @s {} merge value {transformation:[-0.4082534390371112f,0.0438321609203336f,0.9118157002286295f,-0.022303246143850104f,-0.01140362594778022f,0.9985237573007939f,-0.05310615238508949f,0.6302796859817206f,-0.9127973963753482f,-0.03207877452396226f,-0.4071509123106886f,0.15620304600573814f,0f,0f,0f,1f],start_interpolation:0}
execute if entity @s[tag=aj.frestchika_v2.bone.leg_left_0] run data modify entity @s {} merge value {transformation:[-0.4082534390371112f,0.0651314676438201f,0.9105421579679515f,0.002121054222582436f,-0.01140362594778022f,0.9970097739081379f,-0.07642949723036754f,1.0041583511972723f,-0.9127973963753482f,-0.041586087267326044f,-0.40628993405717007f,0.14060826328049086f,0f,0f,0f,1f],start_interpolation:0}
execute if entity @s[tag=aj.frestchika_v2.bone.body_0] run data modify entity @s {} merge value {transformation:[-0.4082534390371112f,0.1304283350854839f,0.9035029490384636f,0f,-0.01140362594778022f,0.9889344943454229f,-0.1479139047182714f,1.3735833333333334f,-0.9127973963753482f,-0.07068956995619288f,-0.402248552352639f,0f,0f,0f,0f,1f],start_interpolation:0}
execute if entity @s[tag=aj.frestchika_v2.bone.body_1] run data modify entity @s {} merge value {transformation:[-0.5961598796056331f,-0.00335115009916328f,0.8028587470667614f,0f,-0.02156741273937256f,0.9996972604957136f,-0.011842046490994115f,1.3735833333333334f,-0.8025760055323896f,-0.024375338979759725f,-0.5960516740965461f,0f,0f,0f,0f,1f],start_interpolation:0}