execute if entity @s[tag=aj.frestchika_v2.bone.hair] run data modify entity @s {} merge value {transformation:[-0.9904507444729194f,-0.0022482728342536696f,0.13784871432952323f,0.03832732219093472f,-0.00411723736929063f,0.9999034140728018f,-0.013274444696480913f,1.5942319220746974f,-0.1378055555102356f,-0.013715239510040294f,-0.9903643375423499f,-0.2812401577123251f,0f,0f,0f,1f],start_interpolation:0}
execute if entity @s[tag=aj.frestchika_v2.bone.side_hair_2] run data modify entity @s {} merge value {transformation:[-0.9904507444729194f,-0.0022482728342536696f,0.13784871432952323f,0.4810238113208172f,-0.00411723736929063f,0.9999034140728018f,-0.013274444696480913f,1.929973048662878f,-0.1378055555102356f,-0.013715239510040294f,-0.9903643375423499f,0.0636514664097045f,0f,0f,0f,1f],start_interpolation:0}
execute if entity @s[tag=aj.frestchika_v2.bone.side_hair_1] run data modify entity @s {} merge value {transformation:[-0.9904507444729194f,-0.0022482728342536696f,0.13784871432952323f,0.3233950686801896f,-0.00411723736929063f,0.9999034140728018f,-0.013274444696480913f,2.3165690097968987f,-0.1378055555102356f,-0.013715239510040294f,-0.9903643375423499f,0.03652936073392575f,0f,0f,0f,1f],start_interpolation:0}
execute if entity @s[tag=aj.frestchika_v2.bone.head] run data modify entity @s {} merge value {transformation:[-0.9904507444729194f,-0.0022482728342536696f,0.13784871432952323f,-0.0008431023128451261f,-0.00411723736929063f,0.9999034140728018f,-0.013274444696480913f,1.7760731552773006f,-0.1378055555102356f,-0.013715239510040294f,-0.9903643375423499f,-0.00514321481626511f,0f,0f,0f,1f],start_interpolation:0}
execute if entity @s[tag=aj.frestchika_v2.bone.group] run data modify entity @s {} merge value {transformation:[-0.000009001263796937655f,-0.000001231864340239346f,0.000004178487801248944f,-0.762234948682756f,-0.0000011170560806367092f,0.000009923835437342088f,5.19303307582325e-7f,1.6584183281325429f,-0.000004210633654291486f,6.780855919316653e-10f,-0.000009070312220069817f,-0.5579333102466371f,0f,0f,0f,1f],start_interpolation:0}
execute if entity @s[tag=aj.frestchika_v2.bone.group2] run data modify entity @s {} merge value {transformation:[-0.000009001263796937655f,-0.000001231864340239346f,0.000004178487801248944f,-0.762234948682756f,-0.0000011170560806367092f,0.000009923835437342088f,5.19303307582325e-7f,1.6584183281325429f,-0.000004210633654291486f,6.780855919316653e-10f,-0.000009070312220069817f,-0.5579333102466371f,0f,0f,0f,1f],start_interpolation:0}
execute if entity @s[tag=aj.frestchika_v2.bone.group3] run data modify entity @s {} merge value {transformation:[-0.000009001263796937655f,-0.000001231864340239346f,0.000004178487801248944f,-0.762234948682756f,-0.0000011170560806367092f,0.000009923835437342088f,5.19303307582325e-7f,1.6584183281325429f,-0.000004210633654291486f,6.780855919316653e-10f,-0.000009070312220069817f,-0.5579333102466371f,0f,0f,0f,1f],start_interpolation:0}
execute if entity @s[tag=aj.frestchika_v2.locator_origin.muzzle] at @s on origin run tp @s ^-0.76224 ^1.65842 ^-0.55794 ~24.73446 ~2.97673
execute if entity @s[tag=aj.frestchika_v2.bone.gun] run data modify entity @s {} merge value {transformation:[-0.000009001263796937655f,-0.000001231864340239346f,0.000004178487801248944f,-0.7622336429254034f,-0.0000011170560806367092f,0.000009923835437342088f,5.19303307582325e-7f,1.658420379913109f,-0.000004210633654291486f,6.780855919316653e-10f,-0.000009070312220069817f,-0.5579377592018017f,0f,0f,0f,1f],start_interpolation:0}
execute if entity @s[tag=aj.frestchika_v2.bone.sword] run data modify entity @s {} merge value {transformation:[-0.9073270395289411f,0.18744237933073793f,0.49914698223116555f,-0.47703696815917435f,0.35518612770831237f,0.9472669757003132f,0.28991861535809776f,1.6964918185479578f,-0.39764955692572035f,0.4184200560183677f,-0.8799569300246257f,-0.45112633217866255f,0f,0f,0f,1f],start_interpolation:0}
execute if entity @s[tag=aj.frestchika_v2.bone.arm_right_1] run data modify entity @s {} merge value {transformation:[-0.9001263796937655f,-0.12318643402393459f,0.41784878012489435f,-0.4600540747509506f,-0.11170560806367091f,0.9923835437342087f,0.05193033075823249f,1.695926920032651f,-0.4210633654291486f,0.00006780855919316653f,-0.9070312220069816f,-0.47170799215882653f,0f,0f,0f,1f],start_interpolation:0}
execute if entity @s[tag=aj.frestchika_v2.bone.arm_right_0] run data modify entity @s {} merge value {transformation:[-0.7649225801711731f,-0.12318643402393459f,0.6322329861821054f,-0.15353870516927706f,-0.09490774537029592f,0.9923835437342087f,0.07853293572929107f,1.733956852305954f,-0.6370918035989807f,0.00006780855919316653f,-0.7707879275060013f,-0.20247361880815423f,0f,0f,0f,1f],start_interpolation:0}
execute if entity @s[tag=aj.frestchika_v2.bone.arm_left_1] run data modify entity @s {} merge value {transformation:[0.1068946826827123f,0.5951169999623225f,0.7964981375810037f,0.3396256918056636f,0.9066050428511324f,0.27056182151100466f,-0.32382649214902626f,1.4601297483381872f,-0.4082166374500904f,0.7567245582749987f,-0.5106144531958032f,0.2310067900955564f,0f,0f,0f,1f],start_interpolation:0}
execute if entity @s[tag=aj.frestchika_v2.bone.arm_left_0] run data modify entity @s {} merge value {transformation:[-0.3761449250645559f,0.5951169999623225f,0.7101765637530042f,0.15333862999055936f,0.9258907843428006f,0.27056182151100466f,0.26367130334892447f,1.7775565304000063f,-0.03523138965827166f,0.7567245582749987f,-0.6527838019484359f,0.19165168966151003f,0f,0f,0f,1f],start_interpolation:0}
execute if entity @s[tag=aj.frestchika_v2.bone.right_wing_0] run data modify entity @s {} merge value {transformation:[-0.6167128775084039f,-0.0022482728342536696f,0.7871849668181979f,0.31458347139097675f,-0.012182896828777864f,0.9999034140728018f,-0.0066887629958287285f,1.420993035042507f,-0.7870938976641628f,-0.013715239510040294f,-0.6166807021992973f,-0.5097818311484252f,0f,0f,0f,1f],start_interpolation:0}
execute if entity @s[tag=aj.frestchika_v2.bone.right_wing_1] run data modify entity @s {} merge value {transformation:[-0.6167128775084039f,-0.0022482728342536696f,0.7871849668181979f,0.09057368231841595f,-0.012182896828777864f,0.9999034140728018f,-0.0066887629958287285f,2.2134814903402784f,-0.7870938976641628f,-0.013715239510040294f,-0.6166807021992973f,0.1584928411379182f,0f,0f,0f,1f],start_interpolation:0}
execute if entity @s[tag=aj.frestchika_v2.bone.right_wing_2] run data modify entity @s {} merge value {transformation:[-0.6167128775084039f,-0.0022482728342536696f,0.7871849668181979f,0.09598959238391419f,-0.012182896828777864f,0.9999034140728018f,-0.0066887629958287285f,2.2048389358143927f,-0.7870938976641628f,-0.013715239510040294f,-0.6166807021992973f,0.16549992108819245f,0f,0f,0f,1f],start_interpolation:0}
execute if entity @s[tag=aj.frestchika_v2.bone.left_wing_0] run data modify entity @s {} merge value {transformation:[-0.6167128775084039f,-0.0022482728342536696f,0.7871849668181979f,0.3222923823598318f,-0.012182896828777864f,0.9999034140728018f,-0.0066887629958287285f,1.4211453212528669f,-0.7870938976641628f,-0.013715239510040294f,-0.6166807021992973f,-0.4999431574276232f,0f,0f,0f,1f],start_interpolation:0}
execute if entity @s[tag=aj.frestchika_v2.bone.left_wing_1] run data modify entity @s {} merge value {transformation:[-0.6167128775084039f,-0.0022482728342536696f,0.7871849668181979f,0.10136615767481298f,-0.012182896828777864f,0.9999034140728018f,-0.0066887629958287285f,2.2136946910347817f,-0.7870938976641628f,-0.013715239510040294f,-0.6166807021992973f,0.17226698434704102f,0f,0f,0f,1f],start_interpolation:0}
execute if entity @s[tag=aj.frestchika_v2.bone.left_wing_2] run data modify entity @s {} merge value {transformation:[-0.6167128775084039f,-0.0022482728342536696f,0.7871849668181979f,0.10369850335276924f,-0.012182896828777864f,0.9999034140728018f,-0.0066887629958287285f,2.2049912220247525f,-0.7870938976641628f,-0.013715239510040294f,-0.6166807021992973f,0.1753385948089945f,0f,0f,0f,1f],start_interpolation:0}
execute if entity @s[tag=aj.frestchika_v2.bone.leg_right_1] run data modify entity @s {} merge value {transformation:[-0.4317167830832891f,-0.3585393084849802f,0.8276896661643957f,-0.34303444020336693f,-0.006441223853466145f,0.9188086818961789f,0.394650626133389f,0.8188107006821564f,-0.9019862137746262f,0.165045964335147f,-0.39897456036343426f,0.02976147607610749f,0f,0f,0f,1f],start_interpolation:0}
execute if entity @s[tag=aj.frestchika_v2.bone.leg_right_0] run data modify entity @s {} merge value {transformation:[-0.4317167830832891f,0.5842163492600356f,0.6872495008812247f,-0.10676156024678744f,-0.006441223853466145f,0.7598934698690254f,-0.6500157114144873f,1.0300903727280937f,-0.9019862137746262f,-0.28504941976381704f,-0.32429569601341535f,-0.08483436336079142f,0f,0f,0f,1f],start_interpolation:0}
execute if entity @s[tag=aj.frestchika_v2.bone.leg_left_1] run data modify entity @s {} merge value {transformation:[-0.4317167830832891f,0.051665418085932634f,0.9005283470153632f,-0.03800987463354445f,-0.006441223853466145f,0.9981562223984296f,-0.06035450540403763f,0.6593678728235451f,-0.9019862137746262f,-0.03185655758713189f,-0.43058800482504384f,0.16207257009766737f,0f,0f,0f,1f],start_interpolation:0}
execute if entity @s[tag=aj.frestchika_v2.bone.leg_left_0] run data modify entity @s {} merge value {transformation:[-0.4317167830832891f,0.10447336042021141f,0.895938578344925f,0.0011676355240348296f,-0.006441223853466145f,0.9928874823144401f,-0.11888211849795485f,1.0317006786914602f,-0.9019862137746262f,-0.05709434670613932f,-0.4279732535272659f,0.14066219008286512f,0f,0f,0f,1f],start_interpolation:0}
execute if entity @s[tag=aj.frestchika_v2.bone.body_0] run data modify entity @s {} merge value {transformation:[-0.4317167830832891f,0.1407918996303368f,0.8909535679274749f,0f,-0.006441223853466145f,0.9872369314405945f,-0.15912809882301798f,1.4011093749999999f,-0.9019862137746262f,-0.07443710229609826f,-0.4252998800402775f,0f,0f,0f,0f,1f],start_interpolation:0}
execute if entity @s[tag=aj.frestchika_v2.bone.body_1] run data modify entity @s {} merge value {transformation:[-0.6167128775084039f,-0.0022482728342536696f,0.7871849668181979f,0f,-0.012182896828777864f,0.9999034140728018f,-0.0066887629958287285f,1.4011093749999999f,-0.7870938976641628f,-0.013715239510040294f,-0.6166807021992973f,0f,0f,0f,0f,1f],start_interpolation:0}