execute if entity @s[tag=aj.frestchika_v2.bone.hair] run data modify entity @s {} merge value {transformation:[-0.9902121620382123f,-0.0023386177766819448f,0.13955072561081283f,0.03878822620325685f,-0.004328050424512526f,0.9998932683190361f,-0.013954209035230973f,1.4631776297980403f,-0.13950319756597923f,-0.014421610075530125f,-0.9901165966853079f,-0.28130954730136287f,0f,0f,0f,1f],start_interpolation:0}
execute if entity @s[tag=aj.frestchika_v2.bone.side_hair_2] run data modify entity @s {} merge value {transformation:[-0.9902121620382123f,-0.0023386177766819448f,0.13955072561081283f,0.4808535496536278f,-0.004328050424512526f,0.9998932683190361f,-0.013954209035230973f,1.7992118872303275f,-0.13950319756597923f,-0.014421610075530125f,-0.9901165966853079f,0.06410577603390348f,0f,0f,0f,1f],start_interpolation:0}
execute if entity @s[tag=aj.frestchika_v2.bone.side_hair_1] run data modify entity @s {} merge value {transformation:[-0.9902121620382123f,-0.0023386177766819448f,0.13955072561081283f,0.32322757806479896f,-0.004328050424512526f,0.9998932683190361f,-0.013954209035230973f,2.185770553815609f,-0.13950319756597923f,-0.014421610075530125f,-0.9901165966853079f,0.03644141888653274f,0f,0f,0f,1f],start_interpolation:0}
execute if entity @s[tag=aj.frestchika_v2.bone.head] run data modify entity @s {} merge value {transformation:[-0.9902121620382123f,-0.0023386177766819448f,0.13955072561081283f,-0.0008769816662557293f,-0.004328050424512526f,0.9998932683190361f,-0.013954209035230973f,1.6452082395085275f,-0.13950319756597923f,-0.014421610075530125f,-0.9901165966853079f,-0.005408103778323797f,0f,0f,0f,1f],start_interpolation:0}
execute if entity @s[tag=aj.frestchika_v2.bone.group] run data modify entity @s {} merge value {transformation:[-0.000009399487581735347f,-0.0000014262775409506001f,0.0000031008652948786687f,-0.7885379641647511f,-0.0000015368161924964514f,0.00000988054884367546f,-1.1380043156446419e-7f,1.494454373437015f,-0.00000304759400040159f,-5.835125739206126e-7f,-0.000009506402257678388f,-0.48678792478300886f,0f,0f,0f,1f],start_interpolation:0}
execute if entity @s[tag=aj.frestchika_v2.bone.group2] run data modify entity @s {} merge value {transformation:[-0.000009399487581735347f,-0.0000014262775409506001f,0.0000031008652948786687f,-0.7885379641647511f,-0.0000015368161924964514f,0.00000988054884367546f,-1.1380043156446419e-7f,1.494454373437015f,-0.00000304759400040159f,-5.835125739206126e-7f,-0.000009506402257678388f,-0.48678792478300886f,0f,0f,0f,1f],start_interpolation:0}
execute if entity @s[tag=aj.frestchika_v2.bone.group3] run data modify entity @s {} merge value {transformation:[-0.000009399487581735347f,-0.0000014262775409506001f,0.0000031008652948786687f,-0.7885379641647511f,-0.0000015368161924964514f,0.00000988054884367546f,-1.1380043156446419e-7f,1.494454373437015f,-0.00000304759400040159f,-5.835125739206126e-7f,-0.000009506402257678388f,-0.48678792478300886f,0f,0f,0f,1f],start_interpolation:0}
execute if entity @s[tag=aj.frestchika_v2.locator_origin.muzzle] at @s on origin run tp @s ^-0.78855 ^1.49446 ^-0.48679 ~18.06566 ~-0.65204
execute if entity @s[tag=aj.frestchika_v2.bone.gun] run data modify entity @s {} merge value {transformation:[-0.000009399487581735347f,-0.0000014262775409506001f,0.0000031008652948786687f,-0.7885372186621634f,-0.0000015368161924964514f,0.00000988054884367546f,-1.1380043156446419e-7f,1.494456100657712f,-0.00000304759400040159f,-5.835125739206126e-7f,-0.000009506402257678388f,-0.4867926331736435f,0f,0f,0f,1f],start_interpolation:0}
execute if entity @s[tag=aj.frestchika_v2.bone.sword] run data modify entity @s {} merge value {transformation:[-0.9404950050477242f,-0.4427300734916181f,0.16426788976056142f,-0.5814489911474446f,0.35532194573358206f,-0.42235141868537046f,0.8960414645062783f,1.3607370059724397f,-0.31103082236393015f,0.8562324878562836f,0.5269254846551412f,-0.3417194903238568f,0f,0f,0f,1f],start_interpolation:0}
execute if entity @s[tag=aj.frestchika_v2.bone.arm_right_1] run data modify entity @s {} merge value {transformation:[-0.9399487581735346f,-0.14262775409506f,0.31008652948786686f,-0.47930140648816644f,-0.15368161924964513f,0.988054884367546f,-0.011380043156446418f,1.5419145185652217f,-0.30475940004015895f,-0.05835125739206125f,-0.9506402257678387f,-0.4390881707311427f,0f,0f,0f,1f],start_interpolation:0}
execute if entity @s[tag=aj.frestchika_v2.bone.arm_right_0] run data modify entity @s {} merge value {transformation:[-0.8181570679592786f,-0.14262775409506f,0.5570245379784233f,-0.15315716937178134f,-0.15087019246890293f,0.988054884367546f,0.03139634535788634f,1.6029351253425688f,-0.5548488056873447f,-0.05835125739206125f,-0.8299023638887242f,-0.2030266163087276f,0f,0f,0f,1f],start_interpolation:0}
execute if entity @s[tag=aj.frestchika_v2.bone.arm_left_1] run data modify entity @s {} merge value {transformation:[0.3699672873740208f,0.5937858130727256f,0.7145226479732264f,0.1853623692087043f,0.7440645355168138f,0.27116178862521967f,-0.6106056430919388f,1.2797986813739346f,-0.5563202074877893f,0.7575550756104367f,-0.3414939738232709f,0.2917246098141961f,0f,0f,0f,1f],start_interpolation:0}
execute if entity @s[tag=aj.frestchika_v2.bone.arm_left_0] run data modify entity @s {} merge value {transformation:[-0.056304675596075146f,0.5937858130727256f,0.8026507283367924f,0.15296640724509378f,0.9531978935313549f,0.27116178862521967f,-0.13373503713298132f,1.6468475930361997f,-0.2970581748974582f,0.7575550756104367f,-0.5812630627723191f,0.191650175962804f,0f,0f,0f,1f],start_interpolation:0}
execute if entity @s[tag=aj.frestchika_v2.bone.right_wing_0] run data modify entity @s {} merge value {transformation:[-0.6153589392842937f,-0.0023386177766819448f,0.7882435579881409f,0.3052547488780788f,-0.012806747037682219f,0.9998932683190361f,-0.007031301486130607f,1.266265771275618f,-0.7881429839015391f,-0.014421610075530125f,-0.6153232110765915f,-0.5220539429729909f,0f,0f,0f,1f],start_interpolation:0}
execute if entity @s[tag=aj.frestchika_v2.bone.right_wing_1] run data modify entity @s {} merge value {transformation:[-0.6153589392842937f,-0.0023386177766819448f,0.7882435579881409f,0.07588943929191255f,-0.012806747037682219f,0.9998932683190361f,-0.007031301486130607f,2.065778214334074f,-0.7881429839015391f,-0.014421610075530125f,-0.6153232110765915f,0.13992768218138654f,0f,0f,0f,1f],start_interpolation:0}
execute if entity @s[tag=aj.frestchika_v2.bone.right_wing_2] run data modify entity @s {} merge value {transformation:[-0.6153589392842937f,-0.0023386177766819448f,0.7882435579881409f,0.08533432270404653f,-0.012806747037682219f,0.9998932683190361f,-0.007031301486130607f,2.083890406074954f,-0.7881429839015391f,-0.014421610075530125f,-0.6153232110765915f,0.1518198326693487f,0f,0f,0f,1f],start_interpolation:0}
execute if entity @s[tag=aj.frestchika_v2.bone.left_wing_0] run data modify entity @s {} merge value {transformation:[-0.6153589392842937f,-0.0023386177766819448f,0.7882435579881409f,0.33345870026194224f,-0.012806747037682219f,0.9998932683190361f,-0.007031301486130607f,1.2668527471815116f,-0.7881429839015391f,-0.014421610075530125f,-0.6153232110765915f,-0.4859307228775037f,0f,0f,0f,1f],start_interpolation:0}
execute if entity @s[tag=aj.frestchika_v2.bone.left_wing_1] run data modify entity @s {} merge value {transformation:[-0.6153589392842937f,-0.0023386177766819448f,0.7882435579881409f,0.11537497122932137f,-0.012806747037682219f,0.9998932683190361f,-0.007031301486130607f,2.0665999806023247f,-0.7881429839015391f,-0.014421610075530125f,-0.6153232110765915f,0.19050019031506862f,0f,0f,0f,1f],start_interpolation:0}
execute if entity @s[tag=aj.frestchika_v2.bone.left_wing_2] run data modify entity @s {} merge value {transformation:[-0.6153589392842937f,-0.0023386177766819448f,0.7882435579881409f,0.11353827408791f,-0.012806747037682219f,0.9998932683190361f,-0.007031301486130607f,2.0844773819808475f,-0.7881429839015391f,-0.014421610075530125f,-0.6153232110765915f,0.18794305276483592f,0f,0f,0f,1f],start_interpolation:0}
execute if entity @s[tag=aj.frestchika_v2.bone.leg_right_1] run data modify entity @s {} merge value {transformation:[-0.4301657239080242f,-0.3595039378105437f,0.8280787213021468f,-0.3180629101734993f,-0.006771080709411732f,0.9185437945745722f,0.3952612426162888f,0.6596954833423322f,-0.902724544055778f,0.16442085070713774f,-0.3975602865126608f,0.017673014722558486f,0f,0f,0f,1f],start_interpolation:0}
execute if entity @s[tag=aj.frestchika_v2.bone.leg_right_0] run data modify entity @s {} merge value {transformation:[-0.4301657239080242f,0.5169800797541426f,0.7400601645218354f,-0.10631089659813311f,-0.006771080709411732f,0.8179134671880891f,-0.5753014102697692f,0.8991439520970324f,-0.902724544055778f,-0.25248595471780033f,-0.3483378248619129f,-0.08502695474961738f,0f,0f,0f,1f],start_interpolation:0}
execute if entity @s[tag=aj.frestchika_v2.bone.leg_left_1] run data modify entity @s {} merge value {transformation:[-0.4301657239080242f,0.05114361406591646f,0.9013000503245089f,-0.036977280688561626f,-0.006771080709411732f,0.9981830483058054f,-0.05987281971776953f,0.5283798205202725f,-0.902724544055778f,-0.03185801022045306f,-0.4290378360285737f,0.16165463848553907f,0f,0f,0f,1f],start_interpolation:0}
execute if entity @s[tag=aj.frestchika_v2.bone.leg_left_0] run data modify entity @s {} merge value {transformation:[-0.4301657239080242f,0.10188750684649217f,0.896981820285836f,0.0012305343788729384f,-0.006771080709411732f,0.9932184046776338f,-0.11606615818421195f,0.9008367222743853f,-0.902724544055778f,-0.05600121925656522f,-0.4265586255147889f,0.1406541812643271f,0f,0f,0f,1f],start_interpolation:0}
execute if entity @s[tag=aj.frestchika_v2.bone.body_0] run data modify entity @s {} merge value {transformation:[-0.4301657239080242f,0.14010714962568024f,0.8918113234302719f,0f,-0.006771080709411732f,0.9873544712084805f,-0.15838339764839116f,1.270248263888889f,-0.902724544055778f,-0.0741696353529463f,-0.4237773740431393f,0f,0f,0f,0f,1f],start_interpolation:0}
execute if entity @s[tag=aj.frestchika_v2.bone.body_1] run data modify entity @s {} merge value {transformation:[-0.6153589392842937f,-0.0023386177766819448f,0.7882435579881409f,0f,-0.012806747037682219f,0.9998932683190361f,-0.007031301486130607f,1.270248263888889f,-0.7881429839015391f,-0.014421610075530125f,-0.6153232110765915f,0f,0f,0f,0f,1f],start_interpolation:0}