execute if entity @s[tag=aj.frestchika_v2.bone.hair] run data modify entity @s {} merge value {transformation:[-0.9987685405194879f,0.0030976483648552733f,0.049515725211084f,0.014713880366060753f,0.005268025108581211f,0.9990281016890763f,0.043761854930703566f,1.6090573889407656f,-0.049332042123018005f,0.04396881406324596f,-0.9978141575513171f,-0.2761740398194658f,0f,0f,0f,1f],start_interpolation:0}
execute if entity @s[tag=aj.frestchika_v2.bone.side_hair_2] run data modify entity @s {} merge value {transformation:[-0.9987685405194879f,0.0041051843874067f,0.049442390008142434f,0.488756627834648f,0.005268025108581211f,0.9997120262065541f,0.023411804062084814f,1.9297055965058874f,-0.049332042123018005f,0.02364343712600783f,-0.9985025475685284f,0.04024454136353604f,0f,0f,0f,1f],start_interpolation:0}
execute if entity @s[tag=aj.frestchika_v2.bone.side_hair_1] run data modify entity @s {} merge value {transformation:[-0.9987685405194879f,0.0041051843874067f,0.049442390008142434f,0.33227203149244333f,0.005268025108581211f,0.9997120262065541f,0.023411804062084814f,2.317712835616712f,-0.049332042123018005f,0.02364343712600783f,-0.9985025475685284f,0.04159353843659825f,0f,0f,0f,1f],start_interpolation:0}
execute if entity @s[tag=aj.frestchika_v2.bone.head] run data modify entity @s {} merge value {transformation:[-0.9987685405194879f,0.0041051843874067f,0.049442390008142434f,0.0015394441452775125f,0.005268025108581211f,0.9997120262065541f,0.023411804062084814f,1.7805465237163467f,-0.049332042123018005f,0.02364343712600783f,-0.9985025475685284f,0.008866288922252935f,0f,0f,0f,1f],start_interpolation:0}
execute if entity @s[tag=aj.frestchika_v2.bone.group] run data modify entity @s {} merge value {transformation:[-0.000009888730057370229f,-8.447930993879138e-7f,0.0000012244764071590691f,-0.8456353298495675f,-8.027079889297446e-7f,0.000009960132166250125f,3.8913637113224304e-7f,1.6942217088900806f,-0.0000012524686570812794f,2.865167535348813e-7f,-0.000009917118049764905f,-0.3456457716181236f,0f,0f,0f,1f],start_interpolation:0}
execute if entity @s[tag=aj.frestchika_v2.bone.group2] run data modify entity @s {} merge value {transformation:[-0.000009888730057370229f,-8.447930993879138e-7f,0.0000012244764071590691f,-0.8456353298495675f,-8.027079889297446e-7f,0.000009960132166250125f,3.8913637113224304e-7f,1.6942217088900806f,-0.0000012524686570812794f,2.865167535348813e-7f,-0.000009917118049764905f,-0.3456457716181236f,0f,0f,0f,1f],start_interpolation:0}
execute if entity @s[tag=aj.frestchika_v2.bone.group3] run data modify entity @s {} merge value {transformation:[-0.000009888730057370229f,-8.447930993879138e-7f,0.0000012244764071590691f,-0.8456353298495675f,-8.027079889297446e-7f,0.000009960132166250125f,3.8913637113224304e-7f,1.6942217088900806f,-0.0000012524686570812794f,2.865167535348813e-7f,-0.000009917118049764905f,-0.3456457716181236f,0f,0f,0f,1f],start_interpolation:0}
execute if entity @s[tag=aj.frestchika_v2.locator_origin.muzzle] at @s on origin run tp @s ^-0.84564 ^1.69423 ^-0.34565 ~7.03874 ~2.23015
execute if entity @s[tag=aj.frestchika_v2.bone.gun] run data modify entity @s {} merge value {transformation:[-0.000009888730057370229f,-8.447930993879138e-7f,0.0000012244764071590691f,-0.8456353778091792f,-8.027079889297446e-7f,0.000009960132166250125f,3.8913637113224304e-7f,1.6942237211955988f,-0.0000012524686570812794f,2.865167535348813e-7f,-0.000009917118049764905f,-0.34565042525478645f,0f,0f,0f,1f],start_interpolation:0}
execute if entity @s[tag=aj.frestchika_v2.bone.sword] run data modify entity @s {} merge value {transformation:[-0.9264627006942755f,-0.26641576715859533f,0.42215425537540985f,-0.626840509135472f,0.49003634271003627f,-0.31572013142028216f,0.8761905577780051f,1.542009431242938f,-0.09516280337212343f,0.9679194954774167f,0.4019957751383735f,-0.24528551546055047f,0f,0f,0f,1f],start_interpolation:0}
execute if entity @s[tag=aj.frestchika_v2.bone.arm_right_1] run data modify entity @s {} merge value {transformation:[-0.9888730057370229f,-0.08447930993879137f,0.12244764071590691f,-0.5304926622878049f,-0.08027079889297445f,0.9960132166250124f,0.0389136371132243f,1.721256129796949f,-0.12524686570812793f,0.02865167535348813f,-0.9917118049764904f,-0.3560965937938811f,0f,0f,0f,1f],start_interpolation:0}
execute if entity @s[tag=aj.frestchika_v2.bone.arm_right_0] run data modify entity @s {} merge value {transformation:[-0.9042861677030285f,-0.08447930993879137f,0.4184850930358642f,-0.17098113682665403f,-0.06455935239093541f,0.9960132166250124f,0.06156104553334907f,1.7464843561688426f,-0.4220173182700364f,0.02865167535348813f,-0.9061349041834803f,-0.17308325782334327f,0f,0f,0f,1f],start_interpolation:0}
execute if entity @s[tag=aj.frestchika_v2.bone.arm_left_1] run data modify entity @s {} merge value {transformation:[-0.0007435725437919261f,0.6618604641489275f,0.7496266891569683f,0.3958215328463498f,0.9478542475226484f,0.23937508559165827f,-0.21040887303357791f,1.4826782976801511f,-0.31870326724579734f,0.7103803871128145f,-0.6275252449521864f,0.17035035481156285f,0f,0f,0f,1f],start_interpolation:0}
execute if entity @s[tag=aj.frestchika_v2.bone.arm_left_0] run data modify entity @s {} merge value {transformation:[-0.45950268420007034f,0.6618604641489275f,0.5922820351905808f,0.1725601279064622f,0.8782881607198746f,0.23937508559165827f,0.41389548818184285f,1.7739712972281343f,0.13216349704903468f,0.7103803871128145f,-0.6912977040705527f,0.1911055095327888f,0f,0f,0f,1f],start_interpolation:0}
execute if entity @s[tag=aj.frestchika_v2.bone.right_wing_0] run data modify entity @s {} merge value {transformation:[-0.68410839244716f,0.0041051843874067f,0.7293688057797013f,0.2711880417424793f,0.02005270578905898f,0.9997120262065541f,0.013181564722123607f,1.449118555818965f,-0.729104653924181f,0.02364343712600783f,-0.6839937072129895f,-0.5314463772655342f,0f,0f,0f,1f],start_interpolation:0}
execute if entity @s[tag=aj.frestchika_v2.bone.right_wing_1] run data modify entity @s {} merge value {transformation:[-0.68410839244716f,0.0041051843874067f,0.7293688057797013f,0.1144091762522573f,0.02005270578905898f,0.9997120262065541f,0.013181564722123607f,2.2151457438667808f,-0.729104653924181f,0.02364343712600783f,-0.6839937072129895f,0.18420029886921252f,0f,0f,0f,1f],start_interpolation:0}
execute if entity @s[tag=aj.frestchika_v2.bone.right_wing_2] run data modify entity @s {} merge value {transformation:[-0.68410839244716f,0.0041051843874067f,0.7293688057797013f,0.11919165577278551f,0.02005270578905898f,0.9997120262065541f,0.013181564722123607f,2.199591476796757f,-0.729104653924181f,0.02364343712600783f,-0.6839937072129895f,0.1890002871788162f,0f,0f,0f,1f],start_interpolation:0}
execute if entity @s[tag=aj.frestchika_v2.bone.left_wing_0] run data modify entity @s {} merge value {transformation:[-0.68410839244716f,0.0041051843874067f,0.7293688057797013f,0.2740384933776758f,0.02005270578905898f,0.9997120262065541f,0.013181564722123607f,1.4490350028781773f,-0.729104653924181f,0.02364343712600783f,-0.6839937072129895f,-0.5284084412075167f,0f,0f,0f,1f],start_interpolation:0}
execute if entity @s[tag=aj.frestchika_v2.bone.left_wing_1] run data modify entity @s {} merge value {transformation:[-0.68410839244716f,0.0041051843874067f,0.7293688057797013f,0.11839980854153243f,0.02005270578905898f,0.9997120262065541f,0.013181564722123607f,2.215028769749678f,-0.729104653924181f,0.02364343712600783f,-0.6839937072129895f,0.18845340935043695f,0f,0f,0f,1f],start_interpolation:0}
execute if entity @s[tag=aj.frestchika_v2.bone.left_wing_2] run data modify entity @s {} merge value {transformation:[-0.68410839244716f,0.0041051843874067f,0.7293688057797013f,0.12204210740798202f,0.02005270578905898f,0.9997120262065541f,0.013181564722123607f,2.199507923855969f,-0.729104653924181f,0.02364343712600783f,-0.6839937072129895f,0.19203822323683362f,0f,0f,0f,1f],start_interpolation:0}
execute if entity @s[tag=aj.frestchika_v2.bone.leg_right_1] run data modify entity @s {} merge value {transformation:[-0.5100397060717483f,-0.3158486126544275f,0.8000619676715783f,-0.3579079280183617f,0.01563548240943584f,0.9265833333892641f,0.3757643649616922f,0.8379003646902512f,-0.8600087382812275f,0.2041641010792864f,-0.46765584558563833f,0.05662150488407021f,0f,0f,0f,1f],start_interpolation:0}
execute if entity @s[tag=aj.frestchika_v2.bone.leg_right_0] run data modify entity @s {} merge value {transformation:[-0.5100397060717483f,0.5803606000760284f,0.6348551583705031f,-0.12600663455527092f,0.01563548240943584f,0.7442077806887734f,-0.6677651614543205f,1.042706592017034f,-0.8600087382812275f,-0.3306604800118737f,-0.38864973567242866f,-0.0771871627125509f,0f,0f,0f,1f],start_interpolation:0}
execute if entity @s[tag=aj.frestchika_v2.bone.leg_left_1] run data modify entity @s {} merge value {transformation:[-0.5100397060717483f,0.07368278150665866f,0.856989116581819f,-0.07689423303282494f,0.01563548240943584f,0.9969537864365479f,-0.07641125178698777f,0.6768110551749122f,-0.8600087382812275f,-0.0255733341446166f,-0.5096380820353392f,0.1777285865985202f,0f,0f,0f,1f],start_interpolation:0}
execute if entity @s[tag=aj.frestchika_v2.bone.leg_left_0] run data modify entity @s {} merge value {transformation:[-0.5100397060717483f,0.20110845320602563f,0.836310282299174f,0.0015032919626661778f,0.01563548240943584f,0.9742903015868924f,-0.22475306432515346f,1.0387977214146749f,-0.8600087382812275f,-0.10155687215940698f,-0.5000711667324255f,0.137815021857756f,0f,0f,0f,1f],start_interpolation:0}
execute if entity @s[tag=aj.frestchika_v2.bone.body_0] run data modify entity @s {} merge value {transformation:[-0.5100397060717483f,0.16604447473572354f,0.8439719963600582f,0.000015006729593964488f,0.01563548240943584f,0.9828182933983723f,-0.1839122993476376f,1.409309016740244f,-0.8600087382812275f,-0.08060666579910435f,-0.5038725389507578f,0.00008642989793840636f,0f,0f,0f,1f],start_interpolation:0}
execute if entity @s[tag=aj.frestchika_v2.bone.body_1] run data modify entity @s {} merge value {transformation:[-0.68410839244716f,0.0041051843874067f,0.7293688057797013f,0f,0.02005270578905898f,0.9997120262065541f,0.013181564722123607f,1.405654513888889f,-0.729104653924181f,0.02364343712600783f,-0.6839937072129895f,0f,0f,0f,0f,1f],start_interpolation:0}