execute if entity @s[tag=aj.frestchika_v2.bone.hair] run data modify entity @s {} merge value {transformation:[-0.9961713177542292f,0.07707756827051276f,-0.041252323004981634f,-0.005553830269751522f,0.05965926037747684f,0.9442853474094339f,0.32367569466837787f,1.4736711538972944f,0.0639020996135129f,0.3199753602034835f,-0.9452683695795792f,-0.27649522765314216f,0f,0f,0f,1f],start_interpolation:0}
execute if entity @s[tag=aj.frestchika_v2.bone.side_hair_2] run data modify entity @s {} merge value {transformation:[-0.9961713177542292f,0.0611053706114202f,-0.06252071149822175f,0.5179416678958639f,0.05965926037747684f,0.997912100712911f,0.024742916197515386f,1.7668368832138268f,0.0639020996135129f,0.020918244027303842f,-0.9977369135858405f,-0.016382105118357006f,0f,0f,0f,1f],start_interpolation:0}
execute if entity @s[tag=aj.frestchika_v2.bone.side_hair_1] run data modify entity @s {} merge value {transformation:[-0.9961713177542292f,0.0611053706114202f,-0.06252071149822175f,0.38394344949921955f,0.05965926037747684f,0.997912100712911f,0.024742916197515386f,2.162755504991332f,0.0639020996135129f,0.020918244027303842f,-0.9977369135858405f,0.0018329623867757872f,0f,0f,0f,1f],start_interpolation:0}
execute if entity @s[tag=aj.frestchika_v2.bone.head] run data modify entity @s {} merge value {transformation:[-0.9961713177542292f,0.0611053706114202f,-0.06252071149822175f,0.022914513979282576f,0.05965926037747684f,0.997912100712911f,0.024742916197515386f,1.6444653016562305f,0.0639020996135129f,0.020918244027303842f,-0.9977369135858405f,0.00784434151023894f,0f,0f,0f,1f],start_interpolation:0}
execute if entity @s[tag=aj.frestchika_v2.bone.group] run data modify entity @s {} merge value {transformation:[-0.000008382049422861349f,5.370109850758835e-7f,0.000005427049536775727f,-0.7463250957258302f,-0.0000013315497790834195f,0.000009448689866423268f,-0.0000029915272009415475f,1.5241588138857665f,-0.000005288499093176881f,-0.0000032301515459894606f,-0.000007848432858310585f,-0.5026906670123672f,0f,0f,0f,1f],start_interpolation:0}
execute if entity @s[tag=aj.frestchika_v2.bone.group2] run data modify entity @s {} merge value {transformation:[-0.000008382049422861349f,5.370109850758835e-7f,0.000005427049536775727f,-0.7463250957258302f,-0.0000013315497790834195f,0.000009448689866423268f,-0.0000029915272009415475f,1.5241588138857665f,-0.000005288499093176881f,-0.0000032301515459894606f,-0.000007848432858310585f,-0.5026906670123672f,0f,0f,0f,1f],start_interpolation:0}
execute if entity @s[tag=aj.frestchika_v2.bone.group3] run data modify entity @s {} merge value {transformation:[-0.000008382049422861349f,5.370109850758835e-7f,0.000005427049536775727f,-0.7463250957258302f,-0.0000013315497790834195f,0.000009448689866423268f,-0.0000029915272009415475f,1.5241588138857665f,-0.000005288499093176881f,-0.0000032301515459894606f,-0.000007848432858310585f,-0.5026906670123672f,0f,0f,0f,1f],start_interpolation:0}
execute if entity @s[tag=aj.frestchika_v2.locator_origin.muzzle] at @s on origin run tp @s ^-0.74633 ^1.52416 ^-0.5027 ~34.66316 ~-17.40672
execute if entity @s[tag=aj.frestchika_v2.bone.gun] run data modify entity @s {} merge value {transformation:[-0.000008382049422861349f,5.370109850758835e-7f,0.000005427049536775727f,-0.7463228440153667f,-0.0000013315497790834195f,0.000009448689866423268f,-0.0000029915272009415475f,1.524159120820345f,-0.000005288499093176881f,-0.0000032301515459894606f,-0.000007848432858310585f,-0.5026951995170794f,0f,0f,0f,1f],start_interpolation:0}
execute if entity @s[tag=aj.frestchika_v2.bone.sword] run data modify entity @s {} merge value {transformation:[0.056514499058400676f,-0.14482676503805153f,1.0408439035824686f,-0.7321170113483472f,0.9943706728525181f,0.34455055490673225f,-0.006049147402167027f,1.309655143997079f,-0.33993791854838484f,0.9837859702913414f,0.15534506201008078f,-0.32481680615183817f,0f,0f,0f,1f],start_interpolation:0}
execute if entity @s[tag=aj.frestchika_v2.bone.arm_right_1] run data modify entity @s {} merge value {transformation:[-0.8382049422861348f,0.05370109850758835f,0.5427049536775727f,-0.4572503668712893f,-0.13315497790834194f,0.9448689866423267f,-0.2991527200941547f,1.5508142777370615f,-0.528849909317688f,-0.32301515459894603f,-0.7848432858310583f,-0.37667373203770327f,0f,0f,0f,1f],start_interpolation:0}
execute if entity @s[tag=aj.frestchika_v2.bone.arm_right_0] run data modify entity @s {} merge value {transformation:[-0.7231725940907434f,0.05370109850758835f,0.688576496240718f,-0.19355658543211923f,-0.18626365115117813f,0.9448689866423267f,-0.269311066132335f,1.62139010860183f,-0.6650768763202471f,-0.32301515459894603f,-0.6733007934671708f,-0.12638962501518608f,0f,0f,0f,1f],start_interpolation:0}
execute if entity @s[tag=aj.frestchika_v2.bone.arm_left_1] run data modify entity @s {} merge value {transformation:[-0.04277649270270861f,0.7499345216140385f,0.6601275520409511f,0.4291078531283769f,0.9657769378080561f,0.20022346802831487f,-0.16488016632939367f,1.3820740500970599f,-0.25582235647055795f,0.6304829705410273f,-0.7328343235599797f,0.030505354136429824f,0f,0f,0f,1f],start_interpolation:0}
execute if entity @s[tag=aj.frestchika_v2.bone.arm_left_0] run data modify entity @s {} merge value {transformation:[-0.5136732792257205f,0.7499345216140385f,0.4168188761332895f,0.21282308993412974f,0.7768028810711546f,0.20022346802831487f,0.5970660322026937f,1.627880275425253f,0.36430350831284747f,0.6304829705410273f,-0.6854007424045537f,0.16959140049422738f,0f,0f,0f,1f],start_interpolation:0}
execute if entity @s[tag=aj.frestchika_v2.bone.right_wing_0] run data modify entity @s {} merge value {transformation:[-0.76001621238571f,0.0611053706114202f,0.6470251081629835f,0.19373289629576365f,0.06010315429445536f,0.997912100712911f,-0.023644240199290387f,1.2732330050392553f,-0.6471189749611244f,0.020918244027303842f,-0.7621020005957719f,-0.5728833193127557f,0f,0f,0f,1f],start_interpolation:0}
execute if entity @s[tag=aj.frestchika_v2.bone.right_wing_1] run data modify entity @s {} merge value {transformation:[-0.76001621238571f,0.0611053706114202f,0.6470251081629835f,0.15490011135218387f,0.06010315429445536f,0.997912100712911f,-0.023644240199290387f,2.052547812792665f,-0.6471189749611244f,0.020918244027303842f,-0.7621020005957719f,0.1490645383048714f,0f,0f,0f,1f],start_interpolation:0}
execute if entity @s[tag=aj.frestchika_v2.bone.right_wing_2] run data modify entity @s {} merge value {transformation:[-0.76001621238571f,0.0611053706114202f,0.6470251081629835f,0.16771183251658486f,0.06010315429445536f,0.997912100712911f,-0.023644240199290387f,2.0695004809683977f,-0.6471189749611244f,0.020918244027303842f,-0.7621020005957719f,0.15941574104101125f,0f,0f,0f,1f],start_interpolation:0}
execute if entity @s[tag=aj.frestchika_v2.bone.left_wing_0] run data modify entity @s {} merge value {transformation:[-0.76001621238571f,0.0611053706114202f,0.6470251081629835f,0.22856697269677537f,0.06010315429445536f,0.997912100712911f,-0.023644240199290387f,1.2704782771340928f,-0.6471189749611244f,0.020918244027303842f,-0.7621020005957719f,-0.5432236996270375f,0f,0f,0f,1f],start_interpolation:0}
execute if entity @s[tag=aj.frestchika_v2.bone.left_wing_1] run data modify entity @s {} merge value {transformation:[-0.76001621238571f,0.0611053706114202f,0.6470251081629835f,0.20366781831360026f,0.06010315429445536f,0.997912100712911f,-0.023644240199290387f,2.0486911937254373f,-0.6471189749611244f,0.020918244027303842f,-0.7621020005957719f,0.19058800586487687f,0f,0f,0f,1f],start_interpolation:0}
execute if entity @s[tag=aj.frestchika_v2.bone.left_wing_2] run data modify entity @s {} merge value {transformation:[-0.76001621238571f,0.0611053706114202f,0.6470251081629835f,0.20254590891759652f,0.06010315429445536f,0.997912100712911f,-0.023644240199290387f,2.0667457530632354f,-0.6471189749611244f,0.020918244027303842f,-0.7621020005957719f,0.18907536072672945f,0f,0f,0f,1f],start_interpolation:0}
execute if entity @s[tag=aj.frestchika_v2.bone.leg_right_1] run data modify entity @s {} merge value {transformation:[-0.6010487178259328f,-0.2955364605214753f,0.7425622124120247f,-0.3511145190993761f,-0.11646527087744639f,0.9515879308002724f,0.2844578187266071f,0.7753948652463898f,-0.7906808961137517f,0.08449029800926641f,-0.6063704396349315f,0.19765976815183103f,0f,0f,0f,1f],start_interpolation:0}
execute if entity @s[tag=aj.frestchika_v2.bone.leg_right_0] run data modify entity @s {} merge value {transformation:[-0.6010487178259328f,0.4776536240832039f,0.640770984205733f,-0.15782333911190533f,-0.11646527087744639f,0.7408470981135067f,-0.6614993710475009f,0.9845976165430982f,-0.7906808961137517f,-0.47222091505669f,-0.38965513971174187f,0.019911359549342273f,0f,0f,0f,1f],start_interpolation:0}
execute if entity @s[tag=aj.frestchika_v2.bone.leg_left_1] run data modify entity @s {} merge value {transformation:[-0.6010487178259328f,-0.43592496394011704f,0.6698580928925247f,-0.18276124664376478f,-0.11646527087744639f,0.8769748681376699f,0.4662090961514582f,0.7789009049360078f,-0.7906808961137517f,0.2021991752424435f,-0.5778747390672397f,0.3853500871111073f,0f,0f,0f,1f],start_interpolation:0}
execute if entity @s[tag=aj.frestchika_v2.bone.leg_left_0] run data modify entity @s {} merge value {transformation:[-0.6010487178259328f,0.4181153158375141f,0.6811167458386986f,-0.007561159655422133f,-0.11646527087744639f,0.7973150776737885f,-0.5922199824334566f,1.01371393426246f,-0.7906808961137517f,-0.43527950741579435f,-0.43052929162208947f,0.2175815835777802f,0f,0f,0f,1f],start_interpolation:0}
execute if entity @s[tag=aj.frestchika_v2.bone.body_0] run data modify entity @s {} merge value {transformation:[-0.6010487178259328f,0.23264140214090784f,0.7646034376130642f,0.004548276419176709f,-0.11646527087744639f,0.9209877667089097f,-0.37177597320426464f,1.34452618791862f,-0.7906808961137517f,-0.3125052184883438f,-0.5264638723961097f,0.0015570146304323157f,0f,0f,0f,1f],start_interpolation:0}
execute if entity @s[tag=aj.frestchika_v2.bone.body_1] run data modify entity @s {} merge value {transformation:[-0.76001621238571f,0.0611053706114202f,0.6470251081629835f,0f,0.06010315429445536f,0.997912100712911f,-0.023644240199290387f,1.270248263888889f,-0.6471189749611244f,0.020918244027303842f,-0.7621020005957719f,0f,0f,0f,0f,1f],start_interpolation:0}