execute if entity @s[tag=aj.frestchika_v2.bone.hair] run data modify entity @s {} merge value {transformation:[-0.9999133975216528f,0.013050056972799574f,0.0017010201973252093f,0.002887534118193586f,0.011109206659472909f,0.7676863682205527f,0.6407294480322682f,1.5914236378330593f,0.007055705783417132f,0.6406928562590226f,-0.7677648604583003f,-0.22676499925936872f,0f,0f,0f,1f],start_interpolation:0}
execute if entity @s[tag=aj.frestchika_v2.bone.side_hair_2] run data modify entity @s {} merge value {transformation:[-0.9999133975216528f,0.013050056972799574f,0.0017010201973252093f,0.49404620868149807f,0.011109206659472909f,0.7676863682205527f,0.6407294480322682f,1.656724893750742f,0.007055705783417132f,0.6406928562590226f,-0.7677648604583003f,0.2000270113698692f,0f,0f,0f,1f],start_interpolation:0}
execute if entity @s[tag=aj.frestchika_v2.bone.side_hair_1] run data modify entity @s {} merge value {transformation:[-0.9999133975216528f,0.013050056972799574f,0.0017010201973252093f,0.3408446315163302f,0.011109206659472909f,0.7676863682205527f,0.6407294480322682f,1.9557965560617792f,0.007055705783417132f,0.6406928562590226f,-0.7677648604583003f,0.44927444635067f,0f,0f,0f,1f],start_interpolation:0}
execute if entity @s[tag=aj.frestchika_v2.bone.head] run data modify entity @s {} merge value {transformation:[-0.9999133975216528f,0.013050056972799574f,0.0017010201973252093f,0.0047336635859757965f,0.011109206659472909f,0.7676863682205527f,0.6407294480322682f,1.54796261491327f,0.007055705783417132f,0.6406928562590226f,-0.7677648604583003f,0.10329228276566667f,0f,0f,0f,1f],start_interpolation:0}
execute if entity @s[tag=aj.frestchika_v2.bone.group] run data modify entity @s {} merge value {transformation:[0.000006852058493378788f,-0.000004594514264406154f,-0.000005651524845338997f,-0.07978631506414817f,0.00000179356269773304f,0.000008584801443919057f,-0.000004804614138282684f,1.4690892143845706f,0.000007059208684591792f,0.000002278513296571617f,0.0000067064111046617296f,0.598254051696753f,0f,0f,0f,1f],start_interpolation:0}
execute if entity @s[tag=aj.frestchika_v2.bone.group2] run data modify entity @s {} merge value {transformation:[0.000006852058493378788f,-0.000004594514264406154f,-0.000005651524845338997f,-0.07978631506414817f,0.00000179356269773304f,0.000008584801443919057f,-0.000004804614138282684f,1.4690892143845706f,0.000007059208684591792f,0.000002278513296571617f,0.0000067064111046617296f,0.598254051696753f,0f,0f,0f,1f],start_interpolation:0}
execute if entity @s[tag=aj.frestchika_v2.bone.group3] run data modify entity @s {} merge value {transformation:[0.000006852058493378788f,-0.000004594514264406154f,-0.000005651524845338997f,-0.07978631506414817f,0.00000179356269773304f,0.000008584801443919057f,-0.000004804614138282684f,1.4690892143845706f,0.000007059208684591792f,0.000002278513296571617f,0.0000067064111046617296f,0.598254051696753f,0f,0f,0f,1f],start_interpolation:0}
execute if entity @s[tag=aj.frestchika_v2.locator_origin.muzzle] at @s on origin run tp @s ^-0.07978 ^1.46909 ^0.59826 ~-139.879 ~-28.71554
execute if entity @s[tag=aj.frestchika_v2.bone.gun] run data modify entity @s {} merge value {transformation:[0.000006852058493378788f,-0.000004594514264406154f,-0.000005651524845338997f,-0.07978950449760212f,0.00000179356269773304f,0.000008584801443919057f,-0.000004804614138282684f,1.4690886559452154f,0.000007059208684591792f,0.000002278513296571617f,0.0000067064111046617296f,0.5982579534486085f,0f,0f,0f,1f],start_interpolation:0}
execute if entity @s[tag=aj.frestchika_v2.bone.sword] run data modify entity @s {} merge value {transformation:[-0.4835220866718393f,0.3503933888969714f,-0.8665769306979075f,0.03949073054612243f,0.9034559191565977f,0.42547151508318215f,-0.3320634037254462f,1.271320025406053f,0.23978846081790045f,-0.8965060931026164f,-0.4962892616090593f,0.44557599833829786f,0f,0f,0f,1f],start_interpolation:0}
execute if entity @s[tag=aj.frestchika_v2.bone.arm_right_1] run data modify entity @s {} merge value {transformation:[0.6852058493378788f,-0.4594514264406153f,-0.5651524845338997f,-0.32217342740635274f,0.179356269773304f,0.8584801443919056f,-0.4804614138282683f,1.3890191375326f,0.7059208684591791f,0.22785132965716168f,0.6706411104661729f,0.41119189336645484f,0f,0f,0f,1f],start_interpolation:0}
execute if entity @s[tag=aj.frestchika_v2.bone.arm_right_0] run data modify entity @s {} merge value {transformation:[-0.09153139111726291f,-0.4594514264406153f,-0.8834740466939718f,-0.24548282433702803f,-0.3009280467381497f,0.8584801443919056f,-0.4152759954189679f,1.5115178828442328f,0.9492440756341334f,0.22785132965716168f,-0.21683970219257095f,0.10429382218389015f,0f,0f,0f,1f],start_interpolation:0}
execute if entity @s[tag=aj.frestchika_v2.bone.arm_left_1] run data modify entity @s {} merge value {transformation:[0.6318820240050363f,0.47072568009272003f,0.6157454359071975f,0.3570908055797322f,-0.18001682768363214f,0.8618524326994035f,-0.4741353456565345f,1.4265056511788645f,-0.7538693849003422f,0.18875306183308954f,0.6293276032072754f,0.3900980904445698f,0f,0f,0f,1f],start_interpolation:0}
execute if entity @s[tag=aj.frestchika_v2.bone.arm_left_0] run data modify entity @s {} merge value {transformation:[-0.17151138223159107f,0.47072568009272003f,0.8654485425871692f,0.2544704597981656f,0.2992450787410015f,0.8618524326994035f,-0.4094664419698051f,1.5478794177596822f,-0.9386353011762881f,0.18875306183308954f,-0.28867984521669154f,0.09182349088350747f,0f,0f,0f,1f],start_interpolation:0}
execute if entity @s[tag=aj.frestchika_v2.bone.right_wing_0] run data modify entity @s {} merge value {transformation:[-0.9989515550921088f,0.012623102895935457f,-0.044005088936805305f,-0.22482038654628653f,2.2425636841265604e-17f,0.9612336397687199f,0.2757351805210549f,1.3759913786298423f,0.04577980536281821f,0.2754460873751111f,-0.9602258392538107f,-0.520719224730108f,0f,0f,0f,1f],start_interpolation:0}
execute if entity @s[tag=aj.frestchika_v2.bone.right_wing_1] run data modify entity @s {} merge value {transformation:[-0.9989515550921088f,0.012623102895935457f,-0.044005088936805305f,0.2107500561842347f,2.2425636841265604e-17f,0.9612336397687199f,0.2757351805210549f,1.9632373962647787f,0.04577980536281821f,0.2754460873751111f,-0.9602258392538107f,0.24629520094352042f,0f,0f,0f,1f],start_interpolation:0}
execute if entity @s[tag=aj.frestchika_v2.bone.right_wing_2] run data modify entity @s {} merge value {transformation:[-0.9989515550921088f,0.012623102895935457f,-0.044005088936805305f,0.2167568202242616f,2.2425636841265604e-17f,0.9612336397687199f,0.2757351805210549f,1.9452142655191147f,0.04577980536281821f,0.2754460873751111f,-0.9602258392538107f,0.24084446302171938f,0f,0f,0f,1f],start_interpolation:0}
execute if entity @s[tag=aj.frestchika_v2.bone.left_wing_0] run data modify entity @s {} merge value {transformation:[-0.9989515550921088f,0.012623102895935457f,-0.044005088936805305f,-0.22482038654628653f,2.2425636841265604e-17f,0.9612336397687199f,0.2757351805210549f,1.3759913786298423f,0.04577980536281821f,0.2754460873751111f,-0.9602258392538107f,-0.520719224730108f,0f,0f,0f,1f],start_interpolation:0}
execute if entity @s[tag=aj.frestchika_v2.bone.left_wing_1] run data modify entity @s {} merge value {transformation:[-0.9989515550921088f,0.012623102895935457f,-0.044005088936805305f,0.2107500561842347f,2.2425636841265604e-17f,0.9612336397687199f,0.2757351805210549f,1.9632373962647787f,0.04577980536281821f,0.2754460873751111f,-0.9602258392538107f,0.24629520094352042f,0f,0f,0f,1f],start_interpolation:0}
execute if entity @s[tag=aj.frestchika_v2.bone.left_wing_2] run data modify entity @s {} merge value {transformation:[-0.9989515550921088f,0.012623102895935457f,-0.044005088936805305f,0.2167568202242616f,2.2425636841265604e-17f,0.9612336397687199f,0.2757351805210549f,1.9452142655191147f,0.04577980536281821f,0.2754460873751111f,-0.9602258392538107f,0.24084446302171938f,0f,0f,0f,1f],start_interpolation:0}
execute if entity @s[tag=aj.frestchika_v2.bone.leg_right_1] run data modify entity @s {} merge value {transformation:[-0.9983662509455421f,-0.042199683308382974f,-0.038522924364780366f,-0.1020002357721733f,-0.0038823351763023566f,0.7227416702644232f,-0.6911073762715683f,0.5434591436498215f,0.05700663510961904f,-0.6898287213447003f,-0.7217247250589485f,0.36753988174694274f,0f,0f,0f,1f],start_interpolation:0}
execute if entity @s[tag=aj.frestchika_v2.bone.leg_right_0] run data modify entity @s {} merge value {transformation:[-0.9983662509455421f,-0.04020636321906308f,-0.04059898187934244f,-0.11706340456632955f,-0.0038823351763023566f,0.7566249029144002f,-0.6538376585692762f,0.830646240271169f,0.05700663510961904f,-0.6526118330573476f,-0.7555448622729212f,0.12329458008662683f,0f,0f,0f,1f],start_interpolation:0}
execute if entity @s[tag=aj.frestchika_v2.bone.leg_left_1] run data modify entity @s {} merge value {transformation:[-0.9983977355869335f,-0.02165482099570529f,-0.05227839231008771f,0.14249127734016864f,-0.0024312831972830703f,0.9394402317271279f,-0.34270415794748477f,1.0494378495568857f,0.056533622180947214f,-0.3420279516941913f,-0.9379876490780557f,0.2957010244249871f,0f,0f,0f,1f],start_interpolation:0}
execute if entity @s[tag=aj.frestchika_v2.bone.leg_left_0] run data modify entity @s {} merge value {transformation:[-0.9983977355869335f,-0.05517123087824386f,0.012573657314520252f,0.12626300435470333f,-0.0024312831972830703f,-0.18017468814408782f,-0.9836316234313511f,0.901290445098951f,0.056533622180947214f,-0.9820861556073175f,0.17975186376653168f,0.0027344912822250683f,0f,0f,0f,1f],start_interpolation:0}
execute if entity @s[tag=aj.frestchika_v2.bone.body_0] run data modify entity @s {} merge value {transformation:[-0.9983822840806078f,-0.02062501584999049f,-0.05298512579182875f,0f,-0.003156810106325999f,0.9505577559081072f,-0.31053178135723214f,1.1875f,0.05677014518160821f,-0.30986216517046883f,-0.9490851327525515f,0f,0f,0f,0f,1f],start_interpolation:0}
execute if entity @s[tag=aj.frestchika_v2.bone.body_1] run data modify entity @s {} merge value {transformation:[-0.9989515550921088f,0.012623102895935457f,-0.044005088936805305f,0f,2.2425636841265604e-17f,0.9612336397687199f,0.2757351805210549f,1.1875f,0.04577980536281821f,0.2754460873751111f,-0.9602258392538107f,0f,0f,0f,0f,1f],start_interpolation:0}