execute if entity @s[tag=aj.frestchika_v2.bone.hair] run data modify entity @s {} merge value {transformation:[-0.998513625146695f,0.04317298489329564f,0.03326610544997277f,0.017892910544034364f,0.03821061780202133f,0.9897532320255642f,-0.13758084307830565f,1.343507516644699f,-0.038865011045840364f,-0.1361052279317469f,-0.9899317541356344f,-0.30632105996198844f,0f,0f,0f,1f],start_interpolation:0}
execute if entity @s[tag=aj.frestchika_v2.bone.side_hair_2] run data modify entity @s {} merge value {transformation:[-0.998513625146695f,0.04317298489329564f,0.03326610544997277f,0.5093133735144402f,0.03821061780202133f,0.9897532320255642f,-0.13758084307830565f,1.6906968543819492f,-0.038865011045840364f,-0.1361052279317469f,-0.9899317541356344f,-0.05016093368219801f,0f,0f,0f,1f],start_interpolation:0}
execute if entity @s[tag=aj.frestchika_v2.bone.side_hair_1] run data modify entity @s {} merge value {transformation:[-0.998513625146695f,0.04317298489329564f,0.03326610544997277f,0.3679994955878884f,0.03821061780202133f,0.9897532320255642f,-0.13758084307830565f,2.0800610054448594f,-0.038865011045840364f,-0.1361052279317469f,-0.9899317541356344f,-0.10902358788933784f,0f,0f,0f,1f],start_interpolation:0}
execute if entity @s[tag=aj.frestchika_v2.bone.head] run data modify entity @s {} merge value {transformation:[-0.998513625146695f,0.04317298489329564f,0.03326610544997277f,0.016227006320347813f,0.03821061780202133f,0.9897532320255642f,-0.13758084307830565f,1.5585019232150261f,-0.038865011045840364f,-0.1361052279317469f,-0.9899317541356344f,-0.05214649783668371f,0f,0f,0f,1f],start_interpolation:0}
execute if entity @s[tag=aj.frestchika_v2.bone.group] run data modify entity @s {} merge value {transformation:[-0.000007440417964181309f,-0.000004131506612729874f,0.0000052507936188025325f,-0.7321222635871713f,-0.000005537462337860109f,0.000008210662042704274f,-0.0000013861961178982348f,1.0443545600334632f,-0.0000037385413432338743f,-0.000003938995040548364f,-0.000008396881962697016f,-0.3735067180162804f,0f,0f,0f,1f],start_interpolation:0}
execute if entity @s[tag=aj.frestchika_v2.bone.group2] run data modify entity @s {} merge value {transformation:[-0.000007440417964181309f,-0.000004131506612729874f,0.0000052507936188025325f,-0.7321222635871713f,-0.000005537462337860109f,0.000008210662042704274f,-0.0000013861961178982348f,1.0443545600334632f,-0.0000037385413432338743f,-0.000003938995040548364f,-0.000008396881962697016f,-0.3735067180162804f,0f,0f,0f,1f],start_interpolation:0}
execute if entity @s[tag=aj.frestchika_v2.bone.group3] run data modify entity @s {} merge value {transformation:[-0.000007440417964181309f,-0.000004131506612729874f,0.0000052507936188025325f,-0.7321222635871713f,-0.000005537462337860109f,0.000008210662042704274f,-0.0000013861961178982348f,1.0443545600334632f,-0.0000037385413432338743f,-0.000003938995040548364f,-0.000008396881962697016f,-0.3735067180162804f,0f,0f,0f,1f],start_interpolation:0}
execute if entity @s[tag=aj.frestchika_v2.locator_origin.muzzle] at @s on origin run tp @s ^-0.73213 ^1.04435 ^-0.37351 ~32.01884 ~-7.96798
execute if entity @s[tag=aj.frestchika_v2.bone.gun] run data modify entity @s {} merge value {transformation:[-0.000007440417964181309f,-0.000004131506612729874f,0.0000052507936188025325f,-0.7321209257047444f,-0.000005537462337860109f,0.000008210662042704274f,-0.0000013861961178982348f,1.0443551901846189f,-0.0000037385413432338743f,-0.000003938995040548364f,-0.000008396881962697016f,-0.37351156786039597f,0f,0f,0f,1f],start_interpolation:0}
execute if entity @s[tag=aj.frestchika_v2.bone.sword] run data modify entity @s {} merge value {transformation:[-0.43479562441707925f,-0.2915534990667171f,0.9129479909993315f,-0.6184554442406553f,0.8640818627121551f,0.3143684436943973f,0.5119176967453412f,0.8758268232300855f,-0.41453589907226934f,0.9610898765938162f,0.10950319442477119f,-0.18554791986189645f,0f,0f,0f,1f],start_interpolation:0}
execute if entity @s[tag=aj.frestchika_v2.bone.arm_right_1] run data modify entity @s {} merge value {transformation:[-0.7440417964181308f,-0.4131506612729874f,0.5250793618802532f,-0.47335656578214513f,-0.5537462337860108f,0.8210662042704273f,-0.13861961178982346f,1.2104705130015285f,-0.3738541343233874f,-0.3938995040548363f,-0.8396881962697015f,-0.2986683299734315f,0f,0f,0f,1f],start_interpolation:0}
execute if entity @s[tag=aj.frestchika_v2.bone.arm_right_0] run data modify entity @s {} merge value {transformation:[-0.6534548183358737f,-0.4131506612729874f,0.634273861579778f,-0.22830478244012017f,-0.5685566538964096f,0.8210662042704273f,-0.05092759090189762f,1.4253844525562493f,-0.4997400641370957f,-0.3938995040548363f,-0.7714292248817163f,-0.10771793403019299f,0f,0f,0f,1f],start_interpolation:0}
execute if entity @s[tag=aj.frestchika_v2.bone.arm_left_1] run data modify entity @s {} merge value {transformation:[-0.8135927296449101f,0.5783232373617605f,-0.060075813738614106f,0.5603373125903272f,0.5814172146815315f,0.8084009716639282f,-0.09187976646023162f,1.2084943687146714f,-0.004570857787526847f,-0.10968182228714816f,-0.9939562390361343f,0.005017839784785594f,0f,0f,0f,1f],start_interpolation:0}
execute if entity @s[tag=aj.frestchika_v2.bone.arm_left_0] run data modify entity @s {} merge value {transformation:[-0.8045517902661594f,0.5783232373617605f,-0.13505054574836156f,0.24955624462372153f,0.5874222006492721f,0.8084009716639282f,-0.037723032714550436f,1.4354928057375962f,0.08735888600413688f,-0.10968182228714816f,-0.9901203577827732f,0.039425033608140266f,0f,0f,0f,1f],start_interpolation:0}
execute if entity @s[tag=aj.frestchika_v2.bone.right_wing_0] run data modify entity @s {} merge value {transformation:[-0.9548378090567113f,0.04327201685426084f,0.2939596757263548f,-0.025000620169117665f,-1.4901994956270155e-16f,0.9893384619067362f,-0.14563450069270423f,1.1402156039938378f,-0.2971275120142514f,-0.13905732756448988f,-0.9446577693825648f,-0.5952821783940933f,0f,0f,0f,1f],start_interpolation:0}
execute if entity @s[tag=aj.frestchika_v2.bone.right_wing_1] run data modify entity @s {} merge value {transformation:[-0.9548378090567113f,0.04327201685426084f,0.2939596757263548f,0.216202209158435f,-1.4901994956270155e-16f,0.9893384619067362f,-0.14563450069270423f,1.999606762144769f,-0.2971275120142514f,-0.13905732756448988f,-0.9446577693825648f,-0.024179160177252457f,0f,0f,0f,1f],start_interpolation:0}
execute if entity @s[tag=aj.frestchika_v2.bone.right_wing_2] run data modify entity @s {} merge value {transformation:[-0.9548378090567113f,0.04327201685426084f,0.2939596757263548f,0.22135859514902206f,-1.4901994956270155e-16f,0.9893384619067362f,-0.14563450069270423f,1.9810566659840174f,-0.2971275120142514f,-0.13905732756448988f,-0.9446577693825648f,-0.01971478833532916f,0f,0f,0f,1f],start_interpolation:0}
execute if entity @s[tag=aj.frestchika_v2.bone.left_wing_0] run data modify entity @s {} merge value {transformation:[-0.9548378090567113f,0.04327201685426084f,0.2939596757263548f,-0.025000620169117665f,-1.4901994956270155e-16f,0.9893384619067362f,-0.14563450069270423f,1.1402156039938378f,-0.2971275120142514f,-0.13905732756448988f,-0.9446577693825648f,-0.5952821783940933f,0f,0f,0f,1f],start_interpolation:0}
execute if entity @s[tag=aj.frestchika_v2.bone.left_wing_1] run data modify entity @s {} merge value {transformation:[-0.9548378090567113f,0.04327201685426084f,0.2939596757263548f,0.216202209158435f,-1.4901994956270155e-16f,0.9893384619067362f,-0.14563450069270423f,1.999606762144769f,-0.2971275120142514f,-0.13905732756448988f,-0.9446577693825648f,-0.024179160177252457f,0f,0f,0f,1f],start_interpolation:0}
execute if entity @s[tag=aj.frestchika_v2.bone.left_wing_2] run data modify entity @s {} merge value {transformation:[-0.9548378090567113f,0.04327201685426084f,0.2939596757263548f,0.22135859514902206f,-1.4901994956270155e-16f,0.9893384619067362f,-0.14563450069270423f,1.9810566659840174f,-0.2971275120142514f,-0.13905732756448988f,-0.9446577693825648f,-0.01971478833532916f,0f,0f,0f,1f],start_interpolation:0}
execute if entity @s[tag=aj.frestchika_v2.bone.leg_right_1] run data modify entity @s {} merge value {transformation:[-0.9293519436391763f,-0.06670020170781063f,0.3631198809569955f,-0.1350371787806321f,0.05247062231487555f,0.9496988449914788f,0.30873765176236734f,0.45225521347114384f,-0.3654473951856476f,0.3059790628686683f,-0.8791046663725751f,-0.03841091568698882f,0f,0f,0f,1f],start_interpolation:0}
execute if entity @s[tag=aj.frestchika_v2.bone.leg_right_0] run data modify entity @s {} merge value {transformation:[-0.9293519436391763f,0.0552410966492982f,0.36503888299065906f,-0.10884750802095516f,0.05247062231487555f,0.9984688962026546f,-0.0175127699049139f,0.8112769840615381f,-0.3654473951856476f,0.002878290610009507f,-0.9308275440677448f,-0.05346458898931104f,0f,0f,0f,1f],start_interpolation:0}
execute if entity @s[tag=aj.frestchika_v2.bone.leg_left_1] run data modify entity @s {} merge value {transformation:[-0.9268481640276628f,-0.11552591097915148f,0.3572201628281746f,0.17597103005656423f,-0.0743733016332646f,0.9891214951121766f,0.12691445903134768f,0.4368437084787574f,-0.3679960500368421f,0.0910627904222649f,-0.925357485168728f,-0.018342082631125557f,0f,0f,0f,1f],start_interpolation:0}
execute if entity @s[tag=aj.frestchika_v2.bone.leg_left_0] run data modify entity @s {} merge value {transformation:[-0.9268481640276628f,-0.13707054399454086f,0.3495198804182547f,0.12176489776493782f,-0.0743733016332646f,0.9795541393082375f,0.18692859644330895f,0.8070141817262287f,-0.3679960500368421f,0.14725947892457936f,-0.9180923444970791f,0.04337068284203227f,0f,0f,0f,1f],start_interpolation:0}
execute if entity @s[tag=aj.frestchika_v2.bone.body_0] run data modify entity @s {} merge value {transformation:[-0.9299737630227284f,-0.019731232951695696f,0.3670960072454506f,0f,-0.010973448941130138f,0.9996035595221883f,0.025928887537018858f,1.1875f,-0.3674620844491068f,0.020084875821793857f,-0.9298216034571044f,0f,0f,0f,0f,1f],start_interpolation:0}
execute if entity @s[tag=aj.frestchika_v2.bone.body_1] run data modify entity @s {} merge value {transformation:[-0.9548378090567113f,0.04327201685426084f,0.2939596757263548f,0f,-1.4901994956270155e-16f,0.9893384619067362f,-0.14563450069270423f,1.1875f,-0.2971275120142514f,-0.13905732756448988f,-0.9446577693825648f,0f,0f,0f,0f,1f],start_interpolation:0}