execute if entity @s[tag=aj.frestchika_v2.bone.hair] run data modify entity @s {} merge value {transformation:[-0.9999771812906574f,0.0031679415646546655f,-0.005966661062499573f,-0.0015735388297514485f,0.0015698003607236752f,0.9680191909530426f,0.25087124521045556f,1.4604283396305668f,0.006570587859490731f,0.2508561541857404f,-0.9680020750402969f,-0.304682925248213f,0f,0f,0f,1f],start_interpolation:0}
execute if entity @s[tag=aj.frestchika_v2.bone.side_hair_2] run data modify entity @s {} merge value {transformation:[-0.9999771812906574f,0.0031679415646546655f,-0.005966661062499573f,0.48854058046208537f,0.0015698003607236752f,0.9680191909530426f,0.25087124521045556f,1.7075949441175593f,0.006570587859490731f,0.2508561541857404f,-0.9680020750402969f,0.050773594817622864f,0f,0f,0f,1f],start_interpolation:0}
execute if entity @s[tag=aj.frestchika_v2.bone.side_hair_1] run data modify entity @s {} merge value {transformation:[-0.9999771812906574f,0.0031679415646546655f,-0.005966661062499573f,0.3315017132138186f,0.0015698003607236752f,0.9680191909530426f,0.25087124521045556f,2.0827427078077747f,0.006570587859490731f,0.2508561541857404f,-0.9680020750402969f,0.1489663433253515f,0f,0f,0f,1f],start_interpolation:0}
execute if entity @s[tag=aj.frestchika_v2.bone.head] run data modify entity @s {} merge value {transformation:[-0.9999771812906574f,0.0031679415646546655f,-0.005966661062499573f,0.0006688741852806689f,0.0015698003607236752f,0.9680191909530426f,0.25087124521045556f,1.562299220303637f,0.006570587859490731f,0.2508561541857404f,-0.9680020750402969f,0.012251410821205514f,0f,0f,0f,1f],start_interpolation:0}
execute if entity @s[tag=aj.frestchika_v2.bone.group] run data modify entity @s {} merge value {transformation:[-0.000006270832701014993f,-0.000003167062981134064f,-0.000007116626258938377f,-0.7285141951785272f,-3.9682112921525293e-7f,0.000009254173525175025f,-0.0000037686609501728888f,1.378315725714593f,0.000007779408089777099f,-0.0000020808614657107523f,-0.000005928813147100415f,0.43534729017755586f,0f,0f,0f,1f],start_interpolation:0}
execute if entity @s[tag=aj.frestchika_v2.bone.group2] run data modify entity @s {} merge value {transformation:[-0.000006270832701014993f,-0.000003167062981134064f,-0.000007116626258938377f,-0.7285141951785272f,-3.9682112921525293e-7f,0.000009254173525175025f,-0.0000037686609501728888f,1.378315725714593f,0.000007779408089777099f,-0.0000020808614657107523f,-0.000005928813147100415f,0.43534729017755586f,0f,0f,0f,1f],start_interpolation:0}
execute if entity @s[tag=aj.frestchika_v2.bone.group3] run data modify entity @s {} merge value {transformation:[-0.000006270832701014993f,-0.000003167062981134064f,-0.000007116626258938377f,-0.7285141951785272f,-3.9682112921525293e-7f,0.000009254173525175025f,-0.0000037686609501728888f,1.378315725714593f,0.000007779408089777099f,-0.0000020808614657107523f,-0.000005928813147100415f,0.43534729017755586f,0f,0f,0f,1f],start_interpolation:0}
execute if entity @s[tag=aj.frestchika_v2.locator_origin.muzzle] at @s on origin run tp @s ^-0.72852 ^1.37832 ^0.43535 ~-50.20255 ~-22.1397
execute if entity @s[tag=aj.frestchika_v2.bone.gun] run data modify entity @s {} merge value {transformation:[-0.000006270832701014993f,-0.000003167062981134064f,-0.000007116626258938377f,-0.7285184188666779f,-3.9682112921525293e-7f,0.000009254173525175025f,-0.0000037686609501728888f,1.3783156757113182f,0.000007779408089777099f,-0.0000020808614657107523f,-0.000005928813147100415f,0.4353444855446225f,0f,0f,0f,1f],start_interpolation:0}
execute if entity @s[tag=aj.frestchika_v2.bone.sword] run data modify entity @s {} merge value {transformation:[-0.33329854107156787f,0.9127297284642345f,0.40417970928433544f,-0.5545722309654165f,0.9738999676158945f,0.3908115770724737f,-0.07943473046398587f,1.1689133085522478f,-0.21898777978993392f,0.3488774370803177f,-0.9684284167138757f,0.4857960212648146f,0f,0f,0f,1f],start_interpolation:0}
execute if entity @s[tag=aj.frestchika_v2.bone.arm_right_1] run data modify entity @s {} merge value {transformation:[-0.6270832701014992f,-0.3167062981134064f,-0.7116626258938377f,-0.5681402058194918f,-0.03968211292152529f,0.9254173525175023f,-0.37686609501728885f,1.371875065051526f,0.7779408089777098f,-0.20808614657107521f,-0.5928813147100415f,0.16259523804383896f,0f,0f,0f,1f],start_interpolation:0}
execute if entity @s[tag=aj.frestchika_v2.bone.arm_right_0] run data modify entity @s {} merge value {transformation:[-0.8701250431796312f,-0.3167062981134064f,-0.37759704708451725f,-0.2491607295491873f,-0.1961196920693224f,0.9254173525175023f,-0.32425266389365415f,1.449469038358063f,0.4521277204665505f,-0.20808614657107521f,-0.8673411554808879f,0.022191851098073385f,0f,0f,0f,1f],start_interpolation:0}
execute if entity @s[tag=aj.frestchika_v2.bone.arm_left_1] run data modify entity @s {} merge value {transformation:[-0.694264505945015f,0.28767725990256693f,0.6597261476702853f,0.5807531154863836f,0.03293532799745691f,0.9283814686131526f,-0.3701663314043914f,1.3904584146873917f,-0.7189659657832379f,-0.23526504812792906f,-0.6540170465475188f,0.10218730440694772f,0f,0f,0f,1f],start_interpolation:0}
execute if entity @s[tag=aj.frestchika_v2.bone.arm_left_0] run data modify entity @s {} merge value {transformation:[-0.9122563423669435f,0.28767725990256693f,0.29159931403595035f,0.25012502316630025f,0.19082976930012904f,0.9283814686131526f,-0.3188915926840113f,1.4658665042463472f,-0.36245325900058534f,-0.23526504812792906f,-0.9018192680183863f,-0.004529400497502096f,0f,0f,0f,1f],start_interpolation:0}
execute if entity @s[tag=aj.frestchika_v2.bone.right_wing_0] run data modify entity @s {} merge value {transformation:[-0.9985129789397631f,0.0017836644940817836f,-0.05448531389110978f,-0.23099939296566224f,2.6704403975239033e-17f,0.9994645874763657f,0.03271908282177566f,1.2407815900629569f,0.054514501638006446f,0.032670428856548035f,-0.9979783625858273f,-0.5486547818419006f,0f,0f,0f,1f],start_interpolation:0}
execute if entity @s[tag=aj.frestchika_v2.bone.right_wing_1] run data modify entity @s {} merge value {transformation:[-0.9985129789397631f,0.0017836644940817836f,-0.05448531389110978f,0.20214994161909083f,2.6704403975239033e-17f,0.9994645874763657f,0.03271908282177566f,2.0021863436034386f,0.054514501638006446f,0.032670428856548035f,-0.9979783625858273f,0.04761284283240992f,0f,0f,0f,1f],start_interpolation:0}
execute if entity @s[tag=aj.frestchika_v2.bone.right_wing_2] run data modify entity @s {} merge value {transformation:[-0.9985129789397631f,0.0017836644940817836f,-0.05448531389110978f,0.2083572040282003f,2.6704403975239033e-17f,0.9994645874763657f,0.03271908282177566f,1.9834463825882565f,0.054514501638006446f,0.032670428856548035f,-0.9979783625858273f,0.0466595566561121f,0f,0f,0f,1f],start_interpolation:0}
execute if entity @s[tag=aj.frestchika_v2.bone.left_wing_0] run data modify entity @s {} merge value {transformation:[-0.9985129789397631f,0.0017836644940817836f,-0.05448531389110978f,-0.23099939296566224f,2.6704403975239033e-17f,0.9994645874763657f,0.03271908282177566f,1.2407815900629569f,0.054514501638006446f,0.032670428856548035f,-0.9979783625858273f,-0.5486547818419006f,0f,0f,0f,1f],start_interpolation:0}
execute if entity @s[tag=aj.frestchika_v2.bone.left_wing_1] run data modify entity @s {} merge value {transformation:[-0.9985129789397631f,0.0017836644940817836f,-0.05448531389110978f,0.20214994161909083f,2.6704403975239033e-17f,0.9994645874763657f,0.03271908282177566f,2.0021863436034386f,0.054514501638006446f,0.032670428856548035f,-0.9979783625858273f,0.04761284283240992f,0f,0f,0f,1f],start_interpolation:0}
execute if entity @s[tag=aj.frestchika_v2.bone.left_wing_2] run data modify entity @s {} merge value {transformation:[-0.9985129789397631f,0.0017836644940817836f,-0.05448531389110978f,0.2083572040282003f,2.6704403975239033e-17f,0.9994645874763657f,0.03271908282177566f,1.9834463825882565f,0.054514501638006446f,0.032670428856548035f,-0.9979783625858273f,0.0466595566561121f,0f,0f,0f,1f],start_interpolation:0}
execute if entity @s[tag=aj.frestchika_v2.bone.leg_right_1] run data modify entity @s {} merge value {transformation:[-0.9968067208018985f,0.029192893235382066f,-0.07432453396230404f,-0.13509540250132873f,0.04841130047201863f,0.9611482441069751f,-0.27175429865355694f,0.4448271357569858f,0.06350360108508835f,-0.27448465865076366f,-0.959492295338842f,0.12186408394410173f,0f,0f,0f,1f],start_interpolation:0}
execute if entity @s[tag=aj.frestchika_v2.bone.leg_right_0] run data modify entity @s {} merge value {transformation:[-0.9968067208018985f,0.03359684662808686f,-0.0724404117935211f,-0.12217834235144273f,0.04841130047201863f,0.9757132526408888f,-0.21363519047091734f,0.8140551813927307f,0.06350360108508835f,-0.21645992820285692f,-0.9742239948449432f,0.04314417823574115f,0f,0f,0f,1f],start_interpolation:0}
execute if entity @s[tag=aj.frestchika_v2.bone.leg_left_1] run data modify entity @s {} merge value {transformation:[-0.9961442904256801f,-0.05367550180681094f,-0.06939375446036472f,0.15479517597447462f,-0.04930247264054441f,0.9967782145326763f,-0.06326497628686972f,0.625732584561145f,0.07256596201971502f,-0.059599761231374615f,-0.9955812621867268f,0.24464233948420822f,0f,0f,0f,1f],start_interpolation:0}
execute if entity @s[tag=aj.frestchika_v2.bone.leg_left_0] run data modify entity @s {} merge value {transformation:[-0.9961442904256801f,-0.0848764995065312f,-0.022193072879530734f,0.12438269326966714f,-0.04930247264054441f,0.750848926147597f,-0.658631274913763f,0.8573681875411157f,0.07256596201971502f,-0.6549976106326788f,-0.7521384920489277f,-0.015466015731142826f,0f,0f,0f,1f],start_interpolation:0}
execute if entity @s[tag=aj.frestchika_v2.bone.body_0] run data modify entity @s {} merge value {transformation:[-0.9976772515563922f,-0.006750170914950102f,-0.06778301350266411f,0f,-0.00044612345950776537f,0.9957041417995489f,-0.09259083635588816f,1.1875f,0.0681168312588178f,-0.09234553154237046f,-0.9933943829634908f,0f,0f,0f,0f,1f],start_interpolation:0}
execute if entity @s[tag=aj.frestchika_v2.bone.body_1] run data modify entity @s {} merge value {transformation:[-0.9985129789397631f,0.0017836644940817836f,-0.05448531389110978f,0f,2.6704403975239033e-17f,0.9994645874763657f,0.03271908282177566f,1.1875f,0.054514501638006446f,0.032670428856548035f,-0.9979783625858273f,0f,0f,0f,0f,1f],start_interpolation:0}