execute if entity @s[tag=aj.frestchika_v2.bone.hair] run data modify entity @s {} merge value {transformation:[-0.9996650590788055f,-0.02585374907051721f,0.0011633210936671246f,-0.004042367024733052f,-0.021069492175890298f,0.8391325352391998f,0.5435187805425705f,1.5559945641212254f,-0.015028178745887258f,0.5433122232768481f,-0.8393962007786013f,-0.24773329675967184f,0f,0f,0f,1f],start_interpolation:0}
execute if entity @s[tag=aj.frestchika_v2.bone.side_hair_2] run data modify entity @s {} merge value {transformation:[-0.9996650590788055f,-0.02585374907051721f,0.0011633210936671246f,0.474310917255483f,-0.021069492175890298f,0.8391325352391998f,0.5435187805425705f,1.6882601238622494f,-0.015028178745887258f,0.5433122232768481f,-0.8393962007786013f,0.17810291011438045f,0f,0f,0f,1f],start_interpolation:0}
execute if entity @s[tag=aj.frestchika_v2.bone.side_hair_1] run data modify entity @s {} merge value {transformation:[-0.9996650590788055f,-0.02585374907051721f,0.0011633210936671246f,0.30608178393696717f,-0.021069492175890298f,0.8391325352391998f,0.5435187805425705f,2.0099089124141174f,-0.015028178745887258f,0.5433122232768481f,-0.8393962007786013f,0.38614108404865466f,0f,0f,0f,1f],start_interpolation:0}
execute if entity @s[tag=aj.frestchika_v2.bone.head] run data modify entity @s {} merge value {transformation:[-0.9996650590788055f,-0.02585374907051721f,0.0011633210936671246f,-0.008974750135512811f,-0.021069492175890298f,0.8391325352391998f,0.5435187805425705f,1.55260038993311f,-0.015028178745887258f,0.5433122232768481f,-0.8393962007786013f,0.0851243744804984f,0f,0f,0f,1f],start_interpolation:0}
execute if entity @s[tag=aj.frestchika_v2.bone.group] run data modify entity @s {} merge value {transformation:[0.0000031492013868295133f,-0.000005578460616777341f,-0.000007678756915820113f,-0.2973511958500918f,0.0000014879227176564843f,0.000008280547761172318f,-0.000005405424568082132f,1.4507890107541417f,0.000009373826145788752f,5.597373687795977e-7f,0.0000034377430774446872f,0.5879911534996903f,0f,0f,0f,1f],start_interpolation:0}
execute if entity @s[tag=aj.frestchika_v2.bone.group2] run data modify entity @s {} merge value {transformation:[0.0000031492013868295133f,-0.000005578460616777341f,-0.000007678756915820113f,-0.2973511958500918f,0.0000014879227176564843f,0.000008280547761172318f,-0.000005405424568082132f,1.4507890107541417f,0.000009373826145788752f,5.597373687795977e-7f,0.0000034377430774446872f,0.5879911534996903f,0f,0f,0f,1f],start_interpolation:0}
execute if entity @s[tag=aj.frestchika_v2.bone.group3] run data modify entity @s {} merge value {transformation:[0.0000031492013868295133f,-0.000005578460616777341f,-0.000007678756915820113f,-0.2973511958500918f,0.0000014879227176564843f,0.000008280547761172318f,-0.000005405424568082132f,1.4507890107541417f,0.000009373826145788752f,5.597373687795977e-7f,0.0000034377430774446872f,0.5879911534996903f,0f,0f,0f,1f],start_interpolation:0}
execute if entity @s[tag=aj.frestchika_v2.locator_origin.muzzle] at @s on origin run tp @s ^-0.29735 ^1.45079 ^0.588 ~-114.11784 ~-32.72057
execute if entity @s[tag=aj.frestchika_v2.bone.gun] run data modify entity @s {} merge value {transformation:[0.0000031492013868295133f,-0.000005578460616777341f,-0.000007678756915820113f,-0.29735569360994674f,0.0000014879227176564843f,0.000008280547761172318f,-0.000005405424568082132f,1.450788099310458f,0.000009373826145788752f,5.597373687795977e-7f,0.0000034377430774446872f,0.5879933092906151f,0f,0f,0f,1f],start_interpolation:0}
execute if entity @s[tag=aj.frestchika_v2.bone.sword] run data modify entity @s {} merge value {transformation:[-0.5870716168490306f,0.6710435928239612f,-0.5590815015006083f,-0.11461338077322158f,0.8714365658380137f,0.4954460633595563f,-0.3204000969443803f,1.2672845318432486f,0.05890620095299612f,-0.6416840397979588f,-0.8320434872396137f,0.49009707371630595f,0f,0f,0f,1f],start_interpolation:0}
execute if entity @s[tag=aj.frestchika_v2.bone.arm_right_1] run data modify entity @s {} merge value {transformation:[0.3149201386829513f,-0.5578460616777341f,-0.7678756915820113f,-0.43416257457732177f,0.1487922717656484f,0.8280547761172317f,-0.5405424568082131f,1.3772656375637247f,0.9373826145788752f,0.05597373687795977f,0.3437743077444687f,0.3122522538839132f,0f,0f,0f,1f],start_interpolation:0}
execute if entity @s[tag=aj.frestchika_v2.bone.arm_right_0] run data modify entity @s {} merge value {transformation:[-0.4224021539476706f,-0.5578460616777341f,-0.7144117802857186f,-0.2566618950472857f,-0.34132497765688785f,0.8280547761172317f,-0.44477246697268313f,1.5145690993150778f,0.8396866558234048f,0.05597373687795977f,-0.5401789155567104f,0.05004477805136051f,0f,0f,0f,1f],start_interpolation:0}
execute if entity @s[tag=aj.frestchika_v2.bone.arm_left_1] run data modify entity @s {} merge value {transformation:[0.4686275596678707f,0.5502687854249457f,0.6910806567302339f,0.36248283232441975f,-0.14090047633315125f,0.8188442951680162f,-0.5564540196996388f,1.4099969568605313f,-0.8720867308294672f,0.1633960956013019f,0.46126613777018444f,0.4044551366378445f,0f,0f,0f,1f],start_interpolation:0}
execute if entity @s[tag=aj.frestchika_v2.bone.arm_left_0] run data modify entity @s {} merge value {transformation:[-0.25092029707560715f,0.5502687854249457f,0.7963939152846689f,0.23968465937427394f,0.34880515574122667f,0.8188442951680162f,-0.455882642353417f,1.5510791383083888f,-0.9029806021415011f,0.1633960956013019f,-0.3974012432019087f,0.11098216367424901f,0f,0f,0f,1f],start_interpolation:0}
execute if entity @s[tag=aj.frestchika_v2.bone.right_wing_0] run data modify entity @s {} merge value {transformation:[-0.9944880588702218f,-0.023932667028034163f,0.10208196811123564f,-0.1431180816405933f,-5.1361635982225713e-17f,0.9736010398216267f,0.22825646816300127f,1.3497461003557583f,-0.10484989634967735f,0.22699833194799574f,-0.9682346082062392f,-0.5571491134830879f,0f,0f,0f,1f],start_interpolation:0}
execute if entity @s[tag=aj.frestchika_v2.bone.right_wing_1] run data modify entity @s {} merge value {transformation:[-0.9944880588702218f,-0.023932667028034163f,0.10208196811123564f,0.17536857722579755f,-5.1361635982225713e-17f,0.9736010398216267f,0.22825646816300127f,1.9748446347446222f,-0.10484989634967735f,0.22699833194799574f,-0.9682346082062392f,0.23702259051360935f,0f,0f,0f,1f],start_interpolation:0}
execute if entity @s[tag=aj.frestchika_v2.bone.right_wing_2] run data modify entity @s {} merge value {transformation:[-0.9944880588702218f,-0.023932667028034163f,0.10208196811123564f,0.18203286510051206f,-5.1361635982225713e-17f,0.9736010398216267f,0.22825646816300127f,1.9565896152479665f,-0.10484989634967735f,0.22699833194799574f,-0.9682346082062392f,0.23342168364176985f,0f,0f,0f,1f],start_interpolation:0}
execute if entity @s[tag=aj.frestchika_v2.bone.left_wing_0] run data modify entity @s {} merge value {transformation:[-0.9944880588702218f,-0.023932667028034163f,0.10208196811123564f,-0.1431180816405933f,-5.1361635982225713e-17f,0.9736010398216267f,0.22825646816300127f,1.3497461003557583f,-0.10484989634967735f,0.22699833194799574f,-0.9682346082062392f,-0.5571491134830879f,0f,0f,0f,1f],start_interpolation:0}
execute if entity @s[tag=aj.frestchika_v2.bone.left_wing_1] run data modify entity @s {} merge value {transformation:[-0.9944880588702218f,-0.023932667028034163f,0.10208196811123564f,0.17536857722579755f,-5.1361635982225713e-17f,0.9736010398216267f,0.22825646816300127f,1.9748446347446222f,-0.10484989634967735f,0.22699833194799574f,-0.9682346082062392f,0.23702259051360935f,0f,0f,0f,1f],start_interpolation:0}
execute if entity @s[tag=aj.frestchika_v2.bone.left_wing_2] run data modify entity @s {} merge value {transformation:[-0.9944880588702218f,-0.023932667028034163f,0.10208196811123564f,0.18203286510051206f,-5.1361635982225713e-17f,0.9736010398216267f,0.22825646816300127f,1.9565896152479665f,-0.10484989634967735f,0.22699833194799574f,-0.9682346082062392f,0.23342168364176985f,0f,0f,0f,1f],start_interpolation:0}
execute if entity @s[tag=aj.frestchika_v2.bone.leg_right_1] run data modify entity @s {} merge value {transformation:[-0.991464725883524f,0.0749546385743884f,0.10667473686347402f,-0.17268431725786937f,0.005993495071433535f,0.8435521537139432f,-0.5370138191717199f,0.5457646207082159f,-0.13023738075351993f,-0.5317909045111159f,-0.8368014451073277f,0.32528427089364764f,0f,0f,0f,1f],start_interpolation:0}
execute if entity @s[tag=aj.frestchika_v2.bone.leg_right_0] run data modify entity @s {} merge value {transformation:[-0.991464725883524f,0.08675339322914534f,0.09732186851852927f,-0.14002292236973646f,0.005993495071433535f,0.776014718833551f,-0.6306863199487631f,0.8288876913883597f,-0.13023738075351993f,-0.6247199411871804f,-0.7699111765246356f,0.08967047074298454f,0f,0f,0f,1f],start_interpolation:0}
execute if entity @s[tag=aj.frestchika_v2.bone.leg_left_1] run data modify entity @s {} merge value {transformation:[-0.991464725883524f,0.04418712883466798f,0.12265885607675084f,0.07665011994731455f,0.005993495071433535f,0.9552672179256192f,-0.29568331094851513f,0.934557236487229f,-0.13023738075351993f,-0.2924244175885387f,-0.9473785857050321f,0.36462725491156284f,0f,0f,0f,1f],start_interpolation:0}
execute if entity @s[tag=aj.frestchika_v2.bone.leg_left_0] run data modify entity @s {} merge value {transformation:[-0.991464725883524f,0.1302394867958571f,0.005947554779939995f,0.11950355519523216f,0.005993495071433535f,0.09110181817259638f,-0.9958235469913713f,0.887566635198012f,-0.13023738075351993f,-0.987288273405898f,-0.09110482890420091f,0.03623223405793069f,0f,0f,0f,1f],start_interpolation:0}
execute if entity @s[tag=aj.frestchika_v2.bone.body_0] run data modify entity @s {} merge value {transformation:[-0.991464725883524f,0.042906217691455875f,0.12311276868027142f,0f,0.005993495071433535f,0.9582973213215186f,-0.2857102062664737f,1.1875f,-0.13023738075351993f,-0.28253371556579876f,-0.9503751492032224f,0f,0f,0f,0f,1f],start_interpolation:0}
execute if entity @s[tag=aj.frestchika_v2.bone.body_1] run data modify entity @s {} merge value {transformation:[-0.9944880588702218f,-0.023932667028034163f,0.10208196811123564f,0f,-5.1361635982225713e-17f,0.9736010398216267f,0.22825646816300127f,1.1875f,-0.10484989634967735f,0.22699833194799574f,-0.9682346082062392f,0f,0f,0f,0f,1f],start_interpolation:0}