execute if entity @s[tag=aj.frestchika_v2.bone.hair] run data modify entity @s {} merge value {transformation:[-0.999823838944546f,0.01841884625319141f,0.0036107036560720784f,0.004563138482039047f,0.016026425373605283f,0.7376320558578757f,0.6750126694074918f,1.6038719672768322f,0.009769583815850927f,0.6749516251358945f,-0.7377973020813238f,-0.21603987091559396f,0f,0f,0f,1f],start_interpolation:0}
execute if entity @s[tag=aj.frestchika_v2.bone.side_hair_2] run data modify entity @s {} merge value {transformation:[-0.999823838944546f,0.01841884625319141f,0.0036107036560720784f,0.4969055141204747f,0.016026425373605283f,0.7376320558578757f,0.6750126694074918f,1.6470885382057816f,0.009769583815850927f,0.6749516251358945f,-0.7377973020813238f,0.21219351300957484f,0f,0f,0f,1f],start_interpolation:0}
execute if entity @s[tag=aj.frestchika_v2.bone.side_hair_1] run data modify entity @s {} merge value {transformation:[-0.999823838944546f,0.01841884625319141f,0.0036107036560720784f,0.345797362891788f,0.016026425373605283f,0.7376320558578757f,0.6750126694074918f,1.9352988612860635f,0.009769583815850927f,0.6749516251358945f,-0.7377973020813238f,0.4751383790748745f,0f,0f,0f,1f],start_interpolation:0}
execute if entity @s[tag=aj.frestchika_v2.bone.head] run data modify entity @s {} merge value {transformation:[-0.999823838944546f,0.01841884625319141f,0.0036107036560720784f,0.006828485067618496f,0.016026425373605283f,0.7376320558578757f,0.6750126694074918f,1.5454153639556594f,0.009769583815850927f,0.6749516251358945f,-0.7377973020813238f,0.11169137852210963f,0f,0f,0f,1f],start_interpolation:0}
execute if entity @s[tag=aj.frestchika_v2.bone.group] run data modify entity @s {} merge value {transformation:[0.000007782131432985109f,-0.000004459609531701132f,-0.0000044215736095315145f,-0.020352575339751957f,0.000002124523696616571f,0.00000849513851797699f,-0.000004828977181857291f,1.480011128647783f,0.0000059097232948979756f,0.0000028185997206315307f,0.000007558483061606746f,0.5746551893051279f,0f,0f,0f,1f],start_interpolation:0}
execute if entity @s[tag=aj.frestchika_v2.bone.group2] run data modify entity @s {} merge value {transformation:[0.000007782131432985109f,-0.000004459609531701132f,-0.0000044215736095315145f,-0.020352575339751957f,0.000002124523696616571f,0.00000849513851797699f,-0.000004828977181857291f,1.480011128647783f,0.0000059097232948979756f,0.0000028185997206315307f,0.000007558483061606746f,0.5746551893051279f,0f,0f,0f,1f],start_interpolation:0}
execute if entity @s[tag=aj.frestchika_v2.bone.group3] run data modify entity @s {} merge value {transformation:[0.000007782131432985109f,-0.000004459609531701132f,-0.0000044215736095315145f,-0.020352575339751957f,0.000002124523696616571f,0.00000849513851797699f,-0.000004828977181857291f,1.480011128647783f,0.0000059097232948979756f,0.0000028185997206315307f,0.000007558483061606746f,0.5746551893051279f,0f,0f,0f,1f],start_interpolation:0}
execute if entity @s[tag=aj.frestchika_v2.locator_origin.muzzle] at @s on origin run tp @s ^-0.02035 ^1.48002 ^0.57466 ~-149.67315 ~-28.87483
execute if entity @s[tag=aj.frestchika_v2.bone.gun] run data modify entity @s {} merge value {transformation:[0.000007782131432985109f,-0.000004459609531701132f,-0.0000044215736095315145f,-0.020355119341757696f,0.000002124523696616571f,0.00000849513851797699f,-0.000004828977181857291f,1.4800105574902496f,0.0000059097232948979756f,0.0000028185997206315307f,0.000007558483061606746f,0.5746595378497902f,0f,0f,0f,1f],start_interpolation:0}
execute if entity @s[tag=aj.frestchika_v2.bone.sword] run data modify entity @s {} merge value {transformation:[-0.46932484750669545f,0.197512307466142f,-0.9210036851241246f,0.08050583383220916f,0.8940198824933805f,0.4174432059877977f,-0.36605236180244954f,1.2827136381535764f,0.29662661599954177f,-0.9456504482492618f,-0.35395281112972f,0.4086686379220349f,0f,0f,0f,1f],start_interpolation:0}
execute if entity @s[tag=aj.frestchika_v2.bone.arm_right_1] run data modify entity @s {} merge value {transformation:[0.7782131432985109f,-0.44596095317011314f,-0.44215736095315145f,-0.28565381936887035f,0.2124523696616571f,0.8495138517976989f,-0.48289771818572913f,1.3894767485849284f,0.5909723294897975f,0.28185997206315305f,0.7558483061606746f,0.4277751142128975f,0f,0f,0f,1f],start_interpolation:0}
execute if entity @s[tag=aj.frestchika_v2.bone.arm_right_0] run data modify entity @s {} merge value {transformation:[0.02007636747788928f,-0.44596095317011314f,-0.8948272278582593f,-0.2432914821316873f,-0.30533553432944416f,0.8495138517976989f,-0.43022834295242585f,1.5147064692081034f,0.9520331669351892f,0.28185997206315305f,-0.11911257366001685f,0.11736412043854295f,0f,0f,0f,1f],start_interpolation:0}
execute if entity @s[tag=aj.frestchika_v2.bone.arm_left_1] run data modify entity @s {} merge value {transformation:[0.7173160489111956f,0.46648510568229407f,0.5175416235927413f,0.3339937712895393f,-0.21285268584837005f,0.8540013567065203f,-0.4747372082221465f,1.4285028919863443f,-0.6634390854491214f,0.23037649385300038f,0.7118814866102587f,0.40087908303896164f,0f,0f,0f,1f],start_interpolation:0}
execute if entity @s[tag=aj.frestchika_v2.bone.arm_left_0] run data modify entity @s {} merge value {transformation:[-0.08717264679538783f,0.46648510568229407f,0.8802230261855605f,0.2564953766420539f,0.3035697531121692f,0.8540013567065203f,-0.4225246593263394f,1.552376278650667f,-0.9488131189260103f,0.23037649385300038f,-0.21605632699343763f,0.09860782137866271f,0f,0f,0f,1f],start_interpolation:0}
execute if entity @s[tag=aj.frestchika_v2.bone.right_wing_0] run data modify entity @s {} merge value {transformation:[-0.9981363513029283f,0.018209293513649322f,-0.05824298959884442f,-0.23246160904895022f,2.9892719606960076e-17f,0.954440970548425f,0.298399788435884f,1.3884888806653237f,0.061023144852402775f,0.297843676058959f,-0.9526622278772306f,-0.5126273375419987f,0f,0f,0f,1f],start_interpolation:0}
execute if entity @s[tag=aj.frestchika_v2.bone.right_wing_1] run data modify entity @s {} merge value {transformation:[-0.9981363513029283f,0.018209293513649322f,-0.05824298959884442f,0.2156007171040735f,2.9892719606960076e-17f,0.954440970548425f,0.298399788435884f,1.956971014522475f,0.061023144852402775f,0.297843676058959f,-0.9526622278772306f,0.2612969742402077f,0f,0f,0f,1f],start_interpolation:0}
execute if entity @s[tag=aj.frestchika_v2.bone.right_wing_2] run data modify entity @s {} merge value {transformation:[-0.9981363513029283f,0.018209293513649322f,-0.05824298959884442f,0.22149764504633587f,2.9892719606960076e-17f,0.954440970548425f,0.298399788435884f,1.9390752463246916f,0.061023144852402775f,0.297843676058959f,-0.9526622278772306f,0.2553310106587746f,0f,0f,0f,1f],start_interpolation:0}
execute if entity @s[tag=aj.frestchika_v2.bone.left_wing_0] run data modify entity @s {} merge value {transformation:[-0.9981363513029283f,0.018209293513649322f,-0.05824298959884442f,-0.23246160904895022f,2.9892719606960076e-17f,0.954440970548425f,0.298399788435884f,1.3884888806653237f,0.061023144852402775f,0.297843676058959f,-0.9526622278772306f,-0.5126273375419987f,0f,0f,0f,1f],start_interpolation:0}
execute if entity @s[tag=aj.frestchika_v2.bone.left_wing_1] run data modify entity @s {} merge value {transformation:[-0.9981363513029283f,0.018209293513649322f,-0.05824298959884442f,0.2156007171040735f,2.9892719606960076e-17f,0.954440970548425f,0.298399788435884f,1.956971014522475f,0.061023144852402775f,0.297843676058959f,-0.9526622278772306f,0.2612969742402077f,0f,0f,0f,1f],start_interpolation:0}
execute if entity @s[tag=aj.frestchika_v2.bone.left_wing_2] run data modify entity @s {} merge value {transformation:[-0.9981363513029283f,0.018209293513649322f,-0.05824298959884442f,0.22149764504633587f,2.9892719606960076e-17f,0.954440970548425f,0.298399788435884f,1.9390752463246916f,0.061023144852402775f,0.297843676058959f,-0.9526622278772306f,0.2553310106587746f,0f,0f,0f,1f],start_interpolation:0}
execute if entity @s[tag=aj.frestchika_v2.bone.leg_right_1] run data modify entity @s {} merge value {transformation:[-0.9969870583734134f,-0.06239645207046908f,-0.04608132164929074f,-0.09151947372018891f,-0.008879521391534945f,0.6819770164599344f,-0.7313196996664755f,0.5546121697939068f,0.07705815684134293f,-0.7287070960196727f,-0.6804763101495827f,0.3874029102935476f,0f,0f,0f,1f],start_interpolation:0}
execute if entity @s[tag=aj.frestchika_v2.bone.leg_right_0] run data modify entity @s {} merge value {transformation:[-0.9969870583734134f,-0.05916293017685967f,-0.050165258185478956f,-0.11371117827080612f,-0.008879521391534945f,0.7295230118091038f,-0.6838986250467474f,0.8328091811828329f,0.07705815684134293f,-0.681392634927809f,-0.7278503400633628f,0.13234119155830681f,0f,0f,0f,1f],start_interpolation:0}
execute if entity @s[tag=aj.frestchika_v2.bone.leg_left_1] run data modify entity @s {} merge value {transformation:[-0.9972540212822699f,-0.027443323952310906f,-0.06878430785281123f,0.14666971081250246f,-0.00023033618722420528f,0.9299490412956675f,-0.3676883565446552f,1.0881748854917812f,0.07405649182605564f,-0.36666284862761483f,-0.9274017422103f,0.27019859944430286f,0f,0f,0f,1f],start_interpolation:0}
execute if entity @s[tag=aj.frestchika_v2.bone.leg_left_0] run data modify entity @s {} merge value {transformation:[-0.9972540212822699f,-0.07095662315750384f,0.021203175857068712f,0.1266234737959012f,-0.00023033618722420528f,-0.28333618890637474f,-0.9590206207382883f,0.905623500307525f,0.07405649182605564f,-0.9563920543825606f,0.28254180988363875f,-0.0003143315958705206f,0f,0f,0f,1f],start_interpolation:0}
execute if entity @s[tag=aj.frestchika_v2.bone.body_0] run data modify entity @s {} merge value {transformation:[-0.9971309960060358f,-0.029147189946528936f,-0.06985855797417936f,0f,-0.004554976554063163f,0.9443238579944246f,-0.32898587114208666f,1.1875f,0.07555811665600692f,-0.3277238052701492f,-0.9417473538410663f,0f,0f,0f,0f,1f],start_interpolation:0}
execute if entity @s[tag=aj.frestchika_v2.bone.body_1] run data modify entity @s {} merge value {transformation:[-0.9981363513029283f,0.018209293513649322f,-0.05824298959884442f,0f,2.9892719606960076e-17f,0.954440970548425f,0.298399788435884f,1.1875f,0.061023144852402775f,0.297843676058959f,-0.9526622278772306f,0f,0f,0f,0f,1f],start_interpolation:0}