execute if entity @s[tag=aj.louvert.bone.head] run data modify entity @s {} merge value {transformation:[-1f,-7.730935290836932e-17f,9.497821739487315e-17f,-0.0026950000000000086f,0f,0.7755560008077487f,0.6312787732936149f,1.482562235065273f,-1.2246467991473532e-16f,0.6312787732936149f,-0.7755560008077487f,0.07772058320657876f,0f,0f,0f,1f],start_interpolation:0}
execute if entity @s[tag=aj.louvert.bone.coat_0] run data modify entity @s {} merge value {transformation:[-0.9587761561791603f,0.2841624224670008f,1.1908657242724965e-16f,-0.252695f,0.27632398931495905f,0.9323289477737118f,-0.2332547664512557f,0.8025273977059304f,-0.06628223948676344f,-0.22363910838860268f,-0.972415659030525f,-0.05851649551776514f,0f,0f,0f,1f],start_interpolation:0}
execute if entity @s[tag=aj.louvert.bone.coat_1] run data modify entity @s {} merge value {transformation:[-0.9587761561791603f,-0.2841624224670008f,1.1908657242724965e-16f,0.24730500000000002f,-0.27632398931495905f,0.9323289477737118f,-0.2332547664512557f,0.8025273977059304f,0.06628223948676322f,-0.22363910838860274f,-0.972415659030525f,-0.05851649551776508f,0f,0f,0f,1f],start_interpolation:0}
execute if entity @s[tag=aj.louvert.bone.coat_2] run data modify entity @s {} merge value {transformation:[-1f,-2.759025046366875e-17f,1.1931628516665528e-16f,-0.002694999999999977f,0f,0.9742914058953808f,0.22529149206839189f,0.7733705518995234f,-1.2246467991473532e-16f,0.22529149206839189f,-0.9742914058953808f,-0.18006845289658074f,0f,0f,0f,1f],start_interpolation:0}
execute if entity @s[tag=aj.louvert.bone.right_leg_1] run data modify entity @s {} merge value {transformation:[-0.9999705864309741f,-0.006070890556449326f,-0.004687276474174649f,-0.12630055357930892f,-0.007458261568402391f,0.9122218001621324f,0.4096288095866014f,0.6872488386399668f,0.0017890241113603317f,0.4096517198753233f,-0.9122402467529694f,0.24032115284461641f,0f,0f,0f,1f],start_interpolation:0}
execute if entity @s[tag=aj.louvert.bone.right_leg_0] run data modify entity @s {} merge value {transformation:[-0.9999705864309741f,-0.005553138119071643f,0.005290456494883043f,-0.12769499999999998f,-0.007458261568402391f,0.5431379994299446f,-0.8396103190823794f,0.8025273977059304f,0.0017890241113603317f,-0.8396250807546592f,-0.5431634405595251f,-0.058516495517765124f,0f,0f,0f,1f],start_interpolation:0}
execute if entity @s[tag=aj.louvert.bone.left_leg_1] run data modify entity @s {} merge value {transformation:[-0.999933819875236f,0.011438056766000768f,0.0012356080029230256f,0.12270596787436361f,0.011187255243090673f,0.9917788345326445f,-0.12747387455159373f,0.9110499929346373f,-0.0026835032783813963f,-0.1274516152525627f,-0.991841158946163f,0.2444936184467495f,0f,0f,0f,1f],start_interpolation:0}
execute if entity @s[tag=aj.louvert.bone.left_leg_0] run data modify entity @s {} merge value {transformation:[-0.999933819875236f,0.0017620370698276193f,-0.011368865162525972f,0.122305f,0.011187255243090673f,-0.08157804467923147f,-0.9966041681361961f,0.8025273977059304f,-0.0026835032783813963f,-0.996665399144406f,0.08155293347560871f,-0.058516495517765096f,0f,0f,0f,1f],start_interpolation:0}
execute if entity @s[tag=aj.louvert.bone.body_1] run data modify entity @s {} merge value {transformation:[-1f,2.856547031203937e-17f,1.1908657242724965e-16f,-0.002694999999999983f,0f,0.972415659030525f,-0.2332547664512557f,1.1064072911529694f,-1.2246467991473532e-16f,-0.2332547664512557f,-0.972415659030525f,-0.1314086100337825f,0f,0f,0f,1f],start_interpolation:0}
execute if entity @s[tag=aj.louvert.locator_origin.locator] at @s on origin run tp @s ^0.48044 ^1.34599 ^0.86731 ~-37.81386 ~-20.97399
execute if entity @s[tag=aj.louvert.bone.sword_0] run data modify entity @s {} merge value {transformation:[-0.49688901163018234f,-0.6522057340985865f,-0.5724761921076762f,-0.03895464323171789f,-0.5641898017698476f,0.7440200981276123f,-0.35794407546581736f,1.0512343656325074f,0.6593869711330983f,0.1451267514660973f,-0.7376632350258595f,0.2237171404743235f,0f,0f,0f,1f],start_interpolation:0}
execute if entity @s[tag=aj.louvert.bone.right_arm_1] run data modify entity @s {} merge value {transformation:[0.842358163526045f,-0.48131427501349994f,-0.24242378804328968f,-0.34919380146246826f,-0.4962496905562054f,-0.5173321780426055f,-0.6972113468558614f,1.2445327840246998f,0.21016414766534083f,0.7076043995269695f,-0.6746310434646317f,0.13929155074432142f,0f,0f,0f,1f],start_interpolation:0}
execute if entity @s[tag=aj.louvert.bone.right_arm_0] run data modify entity @s {} merge value {transformation:[0.09213879784803938f,-0.9657852498986823f,-0.24242378804328968f,-0.32336760742187504f,-0.7087763523817832f,0.10738910615053021f,-0.6972113468558614f,1.4280483123527947f,0.6993901087629796f,0.23606446356520894f,-0.6746310434646317f,-0.05964680788117198f,0f,0f,0f,1f],start_interpolation:0}
execute if entity @s[tag=aj.louvert.locator_origin.locator2] at @s on origin run tp @s ^-0.49272 ^1.34417 ^0.8762 ~37.77887 ~-21.35347
execute if entity @s[tag=aj.louvert.bone.sword_1] run data modify entity @s {} merge value {transformation:[-0.49565850907154346f,0.6548153581443368f,0.5705606796154808f,0.02506322647521312f,0.5620047659328788f,0.7426754811351011f,-0.36412054705753205f,1.0439525718827332f,-0.6621731536793872f,0.14017837372095143f,-0.7361227737865772f,0.2338241496607738f,0f,0f,0f,1f],start_interpolation:0}
execute if entity @s[tag=aj.louvert.bone.left_arm_1] run data modify entity @s {} merge value {transformation:[0.8437953686807725f,0.4802867733205813f,0.23944517361221537f,0.33585979742464267f,0.4922166264886421f,-0.5148166231478756f,-0.7019164032409833f,1.235724640759918f,-0.2138508087453023f,0.7101327058401992f,-0.6708050176430237f,0.14797976056896037f,0f,0f,0f,1f],start_interpolation:0}
execute if entity @s[tag=aj.louvert.bone.left_arm_0] run data modify entity @s {} merge value {transformation:[0.09380679466866723f,0.9663675771194968f,0.23944517361221537f,0.317977607421875f,0.7043962207339831f,0.10554301055457395f,-0.7019164032409833f,1.4280483123527947f,-0.7035810184262166f,0.23450880327883333f,-0.6708050176430237f,-0.0596468078811719f,0f,0f,0f,1f],start_interpolation:0}
execute if entity @s[tag=aj.louvert.bone.wing_0] run data modify entity @s {} merge value {transformation:[-0.9963563524115612f,-7.217699192974428e-17f,0.08528785968195611f,-0.0026949999999999344f,0.05026609438946498f,0.8078633310415266f,0.5872224094100277f,1.499544147769324f,-0.06890093442006742f,0.5893698654991522f,-0.804919761763589f,-0.5288069735795181f,0f,0f,0f,1f],start_interpolation:0}
execute if entity @s[tag=aj.louvert.bone.wing_1] run data modify entity @s {} merge value {transformation:[-0.9963563524115612f,-7.217699192974428e-17f,-0.08528785968195592f,-0.002694999999999959f,-0.05026609438946498f,0.8078633310415266f,0.5872224094100277f,1.3522016813945361f,0.06890093442006717f,0.5893698654991522f,-0.804919761763589f,-0.3268411408191364f,0f,0f,0f,1f],start_interpolation:0}
execute if entity @s[tag=aj.louvert.bone.body_0] run data modify entity @s {} merge value {transformation:[-1f,-7.217699192974428e-17f,9.893472425085242e-17f,-0.006078749999999998f,0f,0.8078633310415266f,0.5893698654991522f,1.365833515625f,-1.2246467991473532e-16f,0.5893698654991522f,-0.8078633310415266f,-0.009889550781250001f,0f,0f,0f,1f],start_interpolation:0}