execute if entity @s[tag=aj.louvert.bone.head] run data modify entity @s {} merge value {transformation:[-0.9996785181529764f,0.025334724413425328f,0.0010060230440210732f,-0.00036432378675506274f,0.024827982319404467f,0.9700952072929611f,0.24145156881075408f,1.510476054798034f,0.005141170821578528f,0.2413989240367959f,-0.9704123493837352f,-0.15213497145900373f,0f,0f,0f,1f],start_interpolation:0}
execute if entity @s[tag=aj.louvert.bone.coat_0] run data modify entity @s {} merge value {transformation:[-0.9983124178687828f,0.051360008571736615f,-0.027101030395469454f,-0.21307724604628614f,0.0580517960460693f,0.8704287329006588f,-0.4888597037154725f,0.7671452525918294f,-0.0015183230257725666f,-0.489607976303966f,-0.8719413536670482f,-0.007680791260347958f,0f,0f,0f,1f],start_interpolation:0}
execute if entity @s[tag=aj.louvert.bone.coat_1] run data modify entity @s {} merge value {transformation:[-0.7883456569101518f,-0.6146353873496101f,-0.027101030395469454f,0.284894238131477f,-0.5258677659701594f,0.696045460294638f,-0.4888597037154725f,0.7979805637922806f,0.31933402252884846f,-0.3711388659529213f,-0.8719413536670482f,-0.040446391040714486f,0f,0f,0f,1f],start_interpolation:0}
execute if entity @s[tag=aj.louvert.bone.coat_2] run data modify entity @s {} merge value {transformation:[-0.9959429683555263f,-0.08131110209986454f,-0.03855007728252544f,0.03252086724316176f,-0.06167062240090225f,0.928718578089155f,-0.36562075576304964f,0.721455445227621f,0.06553119956073303f,-0.36176001352742626f,-0.9299652437036385f,-0.13305626035891224f,0f,0f,0f,1f],start_interpolation:0}
execute if entity @s[tag=aj.louvert.bone.right_leg_1] run data modify entity @s {} merge value {transformation:[-0.9995974886664157f,0.02284769544974698f,-0.016817950660851212f,-0.09177626203905742f,0.020574108384954395f,0.9919718473248329f,0.12477403647843921f,0.43007253667279766f,0.01953373277075747f,0.12437779917491049f,-0.9920426383762173f,0.18393450364954245f,0f,0f,0f,1f],start_interpolation:0}
execute if entity @s[tag=aj.louvert.bone.right_leg_0] run data modify entity @s {} merge value {transformation:[-0.9995974886664157f,0.008048198510792493f,-0.02720454286559677f,-0.08858437500184535f,0.020574108384954395f,0.8658941491997011f,-0.49980399002598047f,0.7748540803919423f,0.01953373277075747f,-0.500162522468904f,-0.8657112014994283f,-0.01587219120543959f,0f,0f,0f,1f],start_interpolation:0}
execute if entity @s[tag=aj.louvert.bone.left_leg_1] run data modify entity @s {} merge value {transformation:[-0.9950886630583368f,-0.07385606538473437f,-0.06590777085183573f,0.17587068483608564f,-0.06988140275706306f,0.9957066646839636f,-0.06070277961215733f,0.8809680868170258f,0.07010807515170693f,-0.055798920328469205f,-0.9959775792098431f,0.27771402304275566f,0f,0f,0f,1f],start_interpolation:0}
execute if entity @s[tag=aj.louvert.bone.left_leg_0] run data modify entity @s {} merge value {transformation:[-0.9950886630583368f,-0.07009298474891396f,0.06989653883963612f,0.16040136708703623f,-0.06988140275706306f,-0.0026710466840769165f,-0.9975517305174288f,0.7902717359921678f,0.07010807515170693f,-0.9975368860340953f,-0.0022402678238589435f,-0.032254991095622854f,0f,0f,0f,1f],start_interpolation:0}
execute if entity @s[tag=aj.louvert.bone.body_1] run data modify entity @s {} merge value {transformation:[-0.9959429683555263f,-0.08580872877911153f,-0.027101030395469454f,0.009093268299123089f,-0.06167062240090225f,0.8701798230342428f,-0.4888597037154725f,1.054494102890256f,0.06553119956073303f,-0.48520504701559625f,-0.8719413536670482f,-0.17569016834290505f,0f,0f,0f,1f],start_interpolation:0}
execute if entity @s[tag=aj.louvert.locator_origin.locator] at @s on origin run tp @s ^-0.52681 ^1.31865 ^1.09126 ~10.7505 ~-27.67008
execute if entity @s[tag=aj.louvert.bone.sword_0] run data modify entity @s {} merge value {transformation:[-0.8934373152675593f,-0.4177065026701929f,0.16520000397860757f,-0.3927094095936121f,-0.4441037497282415f,0.7662398018758229f,-0.46437961356913077f,0.9310609505560061f,0.06739156597684404f,-0.4882600164342111f,-0.8700922555607842f,0.31494901222614874f,0f,0f,0f,1f],start_interpolation:0}
execute if entity @s[tag=aj.louvert.bone.right_arm_1] run data modify entity @s {} merge value {transformation:[-0.061061514264359684f,-0.8938007331269351f,-0.4442879032086024f,-0.3593436389246667f,-0.6163562555920039f,0.38387892586951583f,-0.6875623146056443f,1.1599863977201916f,0.7850964639255151f,0.2318560323455483f,-0.5743399016232743f,0.019618419428431122f,0f,0f,0f,1f],start_interpolation:0}
execute if entity @s[tag=aj.louvert.bone.right_arm_0] run data modify entity @s {} merge value {transformation:[-0.20306879263889377f,-0.8938007331269351f,-0.3998541170451231f,-0.28924972718900305f,-0.8073964701715803f,0.38387892586951583f,-0.4480490042704469f,1.3943369035402753f,0.5539620974495043f,0.2318560323455483f,-0.7996053869592963f,-0.1467484562077361f,0f,0f,0f,1f],start_interpolation:0}
execute if entity @s[tag=aj.louvert.locator_origin.locator2] at @s on origin run tp @s ^0.53827 ^0.53039 ^1.00127 ~-0.76723 ~23.65286
execute if entity @s[tag=aj.louvert.bone.sword_1] run data modify entity @s {} merge value {transformation:[-0.859846692370826f,-0.5104049635845715f,-0.012265348229169235f,0.5142142096032964f,-0.47178755120386473f,0.7851494529951379f,0.4011942708844394f,0.9029279751849651f,-0.1951414157681838f,0.35075220542381275f,-0.9159108680664949f,0.20660076711189f,0f,0f,0f,1f],start_interpolation:0}
execute if entity @s[tag=aj.louvert.bone.left_arm_1] run data modify entity @s {} merge value {transformation:[-0.26851787676414324f,0.9398909297073238f,0.21095779225233544f,0.40317986628815056f,0.6446527098536134f,0.33806757255859166f,-0.6856625992882612f,1.1429368562671953f,-0.7157660466496505f,-0.048118152897263844f,-0.696680421588899f,-0.05949584252479165f,0f,0f,0f,1f],start_interpolation:0}
execute if entity @s[tag=aj.louvert.bone.left_arm_0] run data modify entity @s {} merge value {transformation:[-0.4050812240063865f,0.9092254005171587f,0.09601235864148165f,0.27204585678356896f,0.8221243973096444f,0.4081832985140462f,-0.39686001330752335f,1.397809813933889f,-0.40002584579717126f,-0.08182643746739697f,-0.9128437745998228f,-0.18409478714907068f,0f,0f,0f,1f],start_interpolation:0}
execute if entity @s[tag=aj.louvert.bone.wing_0] run data modify entity @s {} merge value {transformation:[-0.9905308213760464f,0.015005096019754926f,0.13646808783570094f,-0.04367885268519208f,0.04084219121340811f,0.9812122486438452f,0.18855884632701958f,1.2696500417420231f,-0.13107481573888272f,0.19234700466793628f,-0.9725338155942398f,-0.7073743302240795f,0f,0f,0f,1f],start_interpolation:0}
execute if entity @s[tag=aj.louvert.bone.wing_1] run data modify entity @s {} merge value {transformation:[-0.9582209699093764f,0.015005096019754926f,-0.2856351167475243f,-0.024600589114368954f,-0.04084219121340815f,0.9812122486438452f,0.18855884632701958f,1.2214171930343678f,0.28309801878999663f,0.19234700466793628f,-0.9396053115816512f,-0.4628142922688432f,0f,0f,0f,1f],start_interpolation:0}
execute if entity @s[tag=aj.louvert.bone.body_0] run data modify entity @s {} merge value {transformation:[-0.9969709949840031f,0.015005096019754926f,-0.07631305428329253f,-0.006078749999999976f,-1.8181837411402686e-17f,0.9812122486438452f,0.19293139483062152f,1.3676643567784257f,0.077774257698848f,0.19234700466793628f,-0.9782401518209453f,-0.1818796100583088f,0f,0f,0f,1f],start_interpolation:0}