execute if entity @s[tag=aj.louvert.bone.head] run data modify entity @s {} merge value {transformation:[0.22503740454717217f,0.8521429813319049f,-0.4724515910878545f,0.10523203804866221f,-0.29735675125799155f,0.5218205108955484f,0.7995513222364165f,1.558446792150294f,0.9278669780932854f,-0.03944228410578933f,0.3708196019475681f,-0.04340319030819828f,0f,0f,0f,1f],start_interpolation:0}
execute if entity @s[tag=aj.louvert.bone.coat_0] run data modify entity @s {} merge value {transformation:[0.3463422134549058f,-0.18975768867682546f,-0.918716001148987f,-0.06365607667829112f,0.4900555735203499f,0.8716785140743326f,0.004701378819520263f,0.8430994365843176f,0.7999328759594755f,-0.4518501827920319f,0.39489087894000524f,0.11918995710829666f,0f,0f,0f,1f],start_interpolation:0}
execute if entity @s[tag=aj.louvert.bone.coat_1] run data modify entity @s {} merge value {transformation:[0.2738072959762566f,0.28458825327652787f,-0.918716001148987f,-0.2603562639591742f,-0.7129906384793921f,0.7011577900001855f,0.004701378819520263f,0.8814533905006487f,0.6455028381896701f,0.6537486364185173f,0.39489087894000524f,-0.3388908333017024f,0f,0f,0f,1f],start_interpolation:0}
execute if entity @s[tag=aj.louvert.bone.coat_2] run data modify entity @s {} merge value {transformation:[0.39340037456176624f,0.464687088111912f,-0.7932856077332642f,-0.2768456704623561f,-0.0767079078326621f,0.8764421936730368f,0.4753577368945739f,0.8628640858949232f,0.9161615808199981f,-0.1261546324621783f,0.38043786159862536f,-0.06048907822920221f,0f,0f,0f,1f],start_interpolation:0}
execute if entity @s[tag=aj.louvert.bone.right_leg_1] run data modify entity @s {} merge value {transformation:[0.39250820222577987f,-0.6165657826349465f,-0.6824836605144785f,0.21102129183633142f,0.12118527350724446f,0.7702325716960762f,-0.6261436855733857f,0.8892219987485898f,0.9117299165161032f,0.1630595632957611f,0.37704129501599026f,-0.1396077492811006f,0f,0f,0f,1f],start_interpolation:0}
execute if entity @s[tag=aj.louvert.bone.right_leg_0] run data modify entity @s {} merge value {transformation:[0.39250820222577987f,-0.9156437507497157f,0.08679765491347435f,-0.1128311234985119f,0.12118527350724446f,-0.04206258755539505f,-0.9917383063152894f,0.8526879250634004f,0.9117299165161032f,0.39978401724073087f,0.09445262774747099f,0.0046697595057969f,0f,0f,0f,1f],start_interpolation:0}
execute if entity @s[tag=aj.louvert.bone.left_leg_1] run data modify entity @s {} merge value {transformation:[0.36515723721767507f,0.5281157552084685f,-0.7666511209201637f,-0.23333908217871172f,-0.37070587400633453f,0.8378989143335814f,0.4006277128904155f,0.5005484171875969f,0.8539539490421918f,0.1379099650467453f,0.5017404652368107f,-0.37608619062823656f,0f,0f,0f,1f],start_interpolation:0}
execute if entity @s[tag=aj.louvert.bone.left_leg_0] run data modify entity @s {} merge value {transformation:[0.36515723721767507f,0.04439604708514193f,-0.9298866506788709f,-0.21118121713895346f,-0.37070587400633453f,0.9231877696935209f,-0.10149628991003698f,0.871864902021566f,0.8539539490421918f,0.3817765483781272f,0.35356657085155724f,-0.22437063569920263f,0f,0f,0f,1f],start_interpolation:0}
execute if entity @s[tag=aj.louvert.bone.body_1] run data modify entity @s {} merge value {transformation:[0.39340037456176624f,0.03459847579701425f,-0.918716001148987f,-0.15119414663216574f,-0.0767079078326621f,0.9970425236233063f,0.004701378819520263f,1.1738522021747664f,0.9161615808199981f,0.06862325815197234f,0.39489087894000524f,-0.0884056699242115f,0f,0f,0f,1f],start_interpolation:0}
execute if entity @s[tag=aj.louvert.locator_origin.locator] at @s on origin run tp @s ^-0.73769 ^1.12749 ^-0.66391 ~115.5635 ~-2.39535
execute if entity @s[tag=aj.louvert.bone.sword_0] run data modify entity @s {} merge value {transformation:[0.2391502804226126f,-0.3611517094153162f,0.9013193585850583f,0.043902200205743126f,0.8778951569414208f,0.47702547358397485f,-0.04179462849197858f,1.1032325926000581f,-0.4148580923551858f,0.8012590968833859f,0.43113411239315863f,-0.26467507484244673f,0f,0f,0f,1f],start_interpolation:0}
execute if entity @s[tag=aj.louvert.bone.right_arm_1] run data modify entity @s {} merge value {transformation:[-0.2415458482633905f,0.9074608604753431f,-0.34375920335617044f,0.1259242648287912f,-0.3600361598123881f,-0.4127710722022522f,-0.8366564441755955f,1.2447249043192503f,-0.9011268317025454f,-0.07832514703690469f,0.4264218621592703f,0.07295282787478674f,0f,0f,0f,1f],start_interpolation:0}
execute if entity @s[tag=aj.louvert.bone.right_arm_0] run data modify entity @s {} merge value {transformation:[0.3042654667340433f,0.8996502586420961f,-0.3131324605950719f,0.025034704507515174f,-0.6109131997638355f,-0.06792884865354365f,-0.7887780003745767f,1.424520702787451f,-0.7308950595724577f,0.4312946598855746f,0.5289398153351287f,0.28134548602607995f,0f,0f,0f,1f],start_interpolation:0}
execute if entity @s[tag=aj.louvert.locator_origin.locator2] at @s on origin run tp @s ^-1.22077 ^1.20793 ^-0.80814 ~117.58949 ~26.00258
execute if entity @s[tag=aj.louvert.bone.sword_1] run data modify entity @s {} merge value {transformation:[-0.27741853064090605f,0.5371311014574859f,0.7965733730825477f,-0.507705861145986f,-0.3466761656499458f,-0.829223022733625f,0.4384116954858301f,1.5710850491881208f,0.8960215371447782f,-0.15452947426163421f,0.41625238324498703f,-0.44685862315199193f,0f,0f,0f,1f],start_interpolation:0}
execute if entity @s[tag=aj.louvert.bone.left_arm_1] run data modify entity @s {} merge value {transformation:[0.7685794803799739f,-0.5764759675787794f,-0.2774185306409065f,-0.2127609760229857f,0.4795217078862206f,0.8061479813509014f,-0.34667616564994597f,1.7434110216311334f,0.42349086649505385f,0.133419979643144f,0.8960215371447784f,-0.29177294355759337f,0f,0f,0f,1f],start_interpolation:0}
execute if entity @s[tag=aj.louvert.bone.left_arm_0] run data modify entity @s {} merge value {transformation:[0.8020043422256661f,0.5289877067647386f,-0.2774185306409065f,-0.027954804636900893f,-0.5970676028784341f,0.7234126856526996f,-0.34667616564994597f,1.5379569143991154f,0.01730065444360629f,0.44367340728122456f,0.8960215371447784f,-0.3140462760229323f,0f,0f,0f,1f],start_interpolation:0}
execute if entity @s[tag=aj.louvert.bone.wing_0] run data modify entity @s {} merge value {transformation:[0.04265327458470314f,0.6435683120950225f,-0.7641992710244924f,-0.4817738723054837f,-0.14988892807559961f,0.7603603863720428f,0.6319694550185994f,1.585790351359737f,0.9877823684433479f,0.08758944287596229f,0.12889562478660352f,0.10772739388659697f,0f,0f,0f,1f],start_interpolation:0}
execute if entity @s[tag=aj.louvert.bone.wing_1] run data modify entity @s {} merge value {transformation:[0.6232901551302522f,0.6435683120950225f,-0.444217525751596f,-0.2988842207697427f,-0.5870609935131033f,0.7603603863720428f,0.27786952465422643f,1.4414316303473207f,0.5165934304780833f,0.08758944287596229f,0.851738995868784f,0.01710766629489332f,0f,0f,0f,1f],start_interpolation:0}
execute if entity @s[tag=aj.louvert.bone.body_0] run data modify entity @s {} merge value {transformation:[0.22503740454717217f,0.6435683120950225f,-0.7315586061429639f,0.010625021246224706f,-0.29735675125799155f,0.7603603863720428f,0.5774348840496655f,1.447620625f,0.9278669780932854f,0.08758944287596229f,0.36247891036681457f,-0.0523280057187352f,0f,0f,0f,1f],start_interpolation:0}