execute if entity @s[tag=aj.louvert.bone.head] run data modify entity @s {} merge value {transformation:[-1f,-7.121164187957785e-17f,9.963182166071907e-17f,-0.00269500000000001f,0f,0.813555563368039f,0.5814871841347088f,1.463084833826887f,-1.2246467991473532e-16f,0.5814871841347088f,-0.813555563368039f,0.08372532942295417f,0f,0f,0f,1f],start_interpolation:0}
execute if entity @s[tag=aj.louvert.bone.coat_0] run data modify entity @s {} merge value {transformation:[-0.962499249670065f,0.2712843423136726f,1.1937100854954802e-16f,-0.252695f,0.26443122676865344f,0.9381848402436762f,-0.2233502447873581f,0.7714123032882998f,-0.060591424262736344f,-0.2149744430214575f,-0.9747382562275f,-0.047057752421052645f,0f,0f,0f,1f],start_interpolation:0}
execute if entity @s[tag=aj.louvert.bone.coat_1] run data modify entity @s {} merge value {transformation:[-0.962499249670065f,-0.2712843423136726f,1.1937100854954802e-16f,0.24730500000000002f,-0.26443122676865344f,0.9381848402436762f,-0.2233502447873581f,0.7714123032882998f,0.06059142426273611f,-0.21497444302145755f,-0.9747382562275f,-0.04705775242105259f,0f,0f,0f,1f],start_interpolation:0}
execute if entity @s[tag=aj.louvert.bone.coat_2] run data modify entity @s {} merge value {transformation:[-1f,-2.7204438989297528e-17f,1.1940484213756226e-16f,-0.002694999999999979f,0f,0.9750145284395189f,0.2221411023018092f,0.74349352268988f,-1.2246467991473532e-16f,0.2221411023018092f,-0.9750145284395189f,-0.16890003444949012f,0f,0f,0f,1f],start_interpolation:0}
execute if entity @s[tag=aj.louvert.bone.right_leg_1] run data modify entity @s {} merge value {transformation:[-0.999995043597532f,-0.0024979210244845222f,-0.0019165518321972146f,-0.1270832176495379f,-0.0030689213140414366f,0.9092929002766306f,0.41614541115874615f,0.6396267644317267f,0.0007032086022529069f,0.41614923032137074f,-0.9092960593781284f,0.24779055927323268f,0f,0f,0f,1f],start_interpolation:0}
execute if entity @s[tag=aj.louvert.bone.right_leg_0] run data modify entity @s {} merge value {transformation:[-0.999995043597532f,-0.0023533713170105683f,0.0020915123270811116f,-0.12769499999999998f,-0.0030689213140414366f,0.5802111943481962f,-0.8144602824416964f,0.7714123032882998f,0.0007032086022529069f,-0.8144626643355016f,-0.5802155408993954f,-0.04705775242105263f,0f,0f,0f,1f],start_interpolation:0}
execute if entity @s[tag=aj.louvert.bone.left_leg_1] run data modify entity @s {} merge value {transformation:[-0.9999888481059623f,0.0046881935901884764f,0.0005696530273554044f,0.12240782035955136f,0.0046033724642981725f,0.9945512547315773f,-0.10414706272286312f,0.8644917194650232f,-0.001054810725012244f,-0.104143278960795f,-0.9945617451026499f,0.26168011001155694f,0f,0f,0f,1f],start_interpolation:0}
execute if entity @s[tag=aj.louvert.bone.left_leg_0] run data modify entity @s {} merge value {transformation:[-0.9999888481059623f,0.0008920821727189794f,-0.004637655992824012f,0.122305f,0.0046033724642981725f,-0.0352098460937845f,-0.9993693389833445f,0.7714123032882998f,-0.001054810725012244f,-0.9993795429802679f,0.03520534685080204f,-0.047057752421052604f,0f,0f,0f,1f],start_interpolation:0}
execute if entity @s[tag=aj.louvert.bone.body_1] run data modify entity @s {} merge value {transformation:[-1f,2.735251623676159e-17f,1.1937100854954802e-16f,-0.0026949999999999856f,0f,0.9747382562275f,-0.2233502447873581f,1.0760180083593935f,-1.2246467991473532e-16f,-0.2233502447873581f,-0.9747382562275f,-0.11685470391710202f,0f,0f,0f,1f],start_interpolation:0}
execute if entity @s[tag=aj.louvert.locator_origin.locator] at @s on origin run tp @s ^0.48709 ^1.33479 ^0.88245 ~-39.73421 ~-21.84562
execute if entity @s[tag=aj.louvert.bone.sword_0] run data modify entity @s {} merge value {transformation:[-0.5238715644953335f,-0.6111669800532035f,-0.5933241158134888f,-0.04952850575735877f,-0.4947590859497227f,0.7853341780757358f,-0.37210707547196986f,1.028675755166732f,0.6933772643975326f,0.09861618142452555f,-0.7137946609339685f,0.2585930595803007f,0f,0f,0f,1f],start_interpolation:0}
execute if entity @s[tag=aj.louvert.bone.right_arm_1] run data modify entity @s {} merge value {transformation:[0.8218670441438369f,-0.5173200523775017f,-0.23856765321059548f,-0.35171846935885737f,-0.5074822686420066f,-0.47457308991532304f,-0.7191954736663629f,1.225798229175226f,0.25883645176874526f,0.7121519119797133f,-0.6525667364334505f,0.15581052121311648f,0f,0f,0f,1f],start_interpolation:0}
execute if entity @s[tag=aj.louvert.bone.right_arm_0] run data modify entity @s {} merge value {transformation:[0.07390859265639418f,-0.9683093486965515f,-0.23856765321059548f,-0.32223422193877554f,-0.6834666494231545f,0.1250248366689672f,-0.7191954736663629f,1.4025764741069717f,0.7262305825685375f,0.2162077599041208f,-0.6525667364334505f,-0.04979619120466817f,0f,0f,0f,1f],start_interpolation:0}
execute if entity @s[tag=aj.louvert.locator_origin.locator2] at @s on origin run tp @s ^-0.50016 ^1.33216 ^0.89036 ~39.73378 ~-22.16085
execute if entity @s[tag=aj.louvert.bone.sword_1] run data modify entity @s {} merge value {transformation:[-0.5216534330297917f,0.6143390179352394f,0.5920010699742003f,0.03538583325129007f,0.49427951564769834f,0.7831997550938208f,-0.37720803813287934f,1.0215203541140676f,-0.6953887087229049f,0.09584213407131778f,-0.712214033221297f,0.26781619504274917f,0f,0f,0f,1f],start_interpolation:0}
execute if entity @s[tag=aj.louvert.bone.left_arm_1] run data modify entity @s {} merge value {transformation:[0.8240038174338506f,0.5151790800438897f,0.23581396129061816f,0.3384065607241156f,0.5031473946375625f,-0.47399645141135366f,-0.7226133567260415f,1.2170201450488727f,-0.2605003035005419f,0.7140853447134845f,-0.6497858973089135f,0.1643823296011376f,0f,0f,0f,1f],start_interpolation:0}
execute if entity @s[tag=aj.louvert.bone.left_arm_0] run data modify entity @s {} merge value {transformation:[0.07690103846662608f,0.968750745002646f,0.23581396129061816f,0.3168442219387755f,0.6804217316296026f,0.1218860279412527f,-0.7226133567260415f,1.4025764741069717f,-0.7287746547520212f,0.2160226614258855f,-0.6497858973089135f,-0.049796191204668085f,0f,0f,0f,1f],start_interpolation:0}
execute if entity @s[tag=aj.louvert.bone.wing_0] run data modify entity @s {} merge value {transformation:[-0.9939450313259575f,-6.870884178344469e-17f,0.10987845422302521f,-0.002694999999999936f,0.0616473364555041f,0.8277817309279839f,0.557653128611158f,1.459059999031959f,-0.0909553770284271f,0.5610502704231332f,-0.8227695384782703f,-0.5230265664989898f,0f,0f,0f,1f],start_interpolation:0}
execute if entity @s[tag=aj.louvert.bone.wing_1] run data modify entity @s {} merge value {transformation:[-0.9939450313259575f,-6.870884178344469e-17f,-0.10987845422302502f,-0.0026949999999999613f,-0.0616473364555041f,0.8277817309279839f,0.557653128611158f,1.318797431426176f,0.09095537702842685f,0.5610502704231332f,-0.8227695384782703f,-0.3160811337669938f,0f,0f,0f,1f],start_interpolation:0}
execute if entity @s[tag=aj.louvert.bone.body_0] run data modify entity @s {} merge value {transformation:[-1f,-6.870884178344469e-17f,1.0137402471736111e-16f,-0.00607875f,0f,0.8277817309279839f,0.5610502704231332f,1.3433932197521867f,-1.2246467991473532e-16f,0.5610502704231332f,-0.8277817309279839f,0.00020858236151603295f,0f,0f,0f,1f],start_interpolation:0}