execute if entity @s[tag=aj.louvert.bone.head] run data modify entity @s {} merge value {transformation:[-0.9995982179235666f,0.009020285843511971f,-0.02687074928860605f,-0.00040286106019634185f,-0.009840070449547902f,-0.999485288707836f,0.030534090295300076f,1.3725243866926395f,-0.026581492388083085f,0.030786232311131145f,0.9991724736813494f,-0.442167238724382f,0f,0f,0f,1f],start_interpolation:0}
execute if entity @s[tag=aj.louvert.bone.coat_0] run data modify entity @s {} merge value {transformation:[-0.9634537158153252f,0.26448956135494395f,-0.042452437102145885f,-0.23285405999840572f,-0.19466601921744556f,-0.8001653689030923f,-0.5673099006453273f,2.0941064324295096f,-0.1840165167686734f,-0.53831278485881f,0.8224094279699599f,-0.11958489673221098f,0f,0f,0f,1f],start_interpolation:0}
execute if entity @s[tag=aj.louvert.bone.coat_1] run data modify entity @s {} merge value {transformation:[-0.7939152147793955f,-0.6065446581463515f,-0.042452437102145885f,0.26626443734460614f,0.5188835884648889f,-0.6394679806304523f,-0.5673099006453273f,2.064976039055306f,0.31695181552341023f,-0.4724238345199541f,0.8224094279699599f,-0.11391517082013966f,0f,0f,0f,1f],start_interpolation:0}
execute if entity @s[tag=aj.louvert.bone.coat_2] run data modify entity @s {} merge value {transformation:[-0.9982369946860237f,-0.03659181957644781f,-0.046732656465261216f,0.011398634035331957f,0.05826078674840719f,-0.7545007146320419f,-0.6537081553317157f,2.008627498161742f,-0.011339451824142643f,-0.6552783457125854f,0.755302394059826f,-0.013948855279930339f,0f,0f,0f,1f],start_interpolation:0}
execute if entity @s[tag=aj.louvert.bone.right_leg_1] run data modify entity @s {} merge value {transformation:[-0.997104517941504f,0.07599103505020591f,0.002818313793573224f,-0.1348328143005828f,-0.02792232720811303f,-0.3314021659119202f,-0.9430763214460275f,2.4045853123686074f,-0.07073135050261473f,-0.9404243547574076f,0.3325644434319302f,0.13360576027285703f,0f,0f,0f,1f],start_interpolation:0}
execute if entity @s[tag=aj.louvert.bone.right_leg_0] run data modify entity @s {} merge value {transformation:[-0.997104517941504f,0.06526640822921807f,-0.039024047169632765f,-0.10807443566265276f,-0.02792232720811303f,-0.7915734203615796f,-0.6104357982788631f,2.0868238340859584f,-0.07073135050261473f,-0.6075786501630279f,0.7911038237312147f,-0.11816746525419314f,0f,0f,0f,1f],start_interpolation:0}
execute if entity @s[tag=aj.louvert.bone.left_leg_1] run data modify entity @s {} merge value {transformation:[-0.9985782181289492f,-0.002466469689122553f,-0.05324902633555893f,0.157516390553223f,0.05065413463440634f,-0.3550603821326246f,-0.9334700229167907f,2.4344810910108f,-0.016604244121664946f,-0.9348401155101909f,0.35468050060588424f,0.025551907569968585f,0f,0f,0f,1f],start_interpolation:0}
execute if entity @s[tag=aj.louvert.bone.left_leg_0] run data modify entity @s {} merge value {transformation:[-0.9985782181289492f,-0.03815860987161835f,-0.0372218050486276f,0.14148481300885316f,0.05065413463440634f,-0.8967605968902942f,-0.4396073139853369f,2.0722586373988565f,-0.016604244121664946f,-0.44086772660020035f,0.8974184902928615f,-0.1153326022981575f,0f,0f,0f,1f],start_interpolation:0}
execute if entity @s[tag=aj.louvert.bone.body_1] run data modify entity @s {} merge value {transformation:[-0.9982369946860237f,-0.041481237015110556f,-0.042452437102145885f,0.003742302105878145f,0.05826078674840719f,-0.8214409031435221f,-0.5673099006453273f,1.822840953510057f,-0.011339451824142643f,-0.5687830426607766f,0.8224094279699599f,-0.294494734607668f,0f,0f,0f,1f],start_interpolation:0}
execute if entity @s[tag=aj.louvert.locator_origin.locator] at @s on origin run tp @s ^-0.21293 ^1.88618 ^-1.77661 ~-170.30559 ~4.70461
execute if entity @s[tag=aj.louvert.bone.sword_0] run data modify entity @s {} merge value {transformation:[-0.9731518440329606f,-0.1575118570957159f,-0.16782581246491093f,-0.3643144694046398f,0.14544056156915797f,-0.9859614415117501f,0.08201877164722499f,1.9324876428040312f,-0.17838870901964782f,0.05540803846311848f,0.9823988079023572f,-0.9130112149836954f,0f,0f,0f,1f],start_interpolation:0}
execute if entity @s[tag=aj.louvert.bone.right_arm_1] run data modify entity @s {} merge value {transformation:[-0.022608838970429382f,-0.9352098731246623f,-0.3533713819914714f,-0.34517387885064926f,0.558113173841335f,-0.3050629695472629f,0.7716516505494935f,1.7243633351670336f,-0.8294567653501661f,-0.17977507563941916f,0.5288500700516924f,-0.6014695573875226f,0f,0f,0f,1f],start_interpolation:0}
execute if entity @s[tag=aj.louvert.bone.right_arm_0] run data modify entity @s {} merge value {transformation:[-0.14951849979913032f,-0.9352098731246623f,-0.3209777428856566f,-0.28956269612059643f,0.800439595644045f,-0.3050629695472629f,0.5159777498460604f,1.4930474910659361f,-0.5804659093719589f,-0.17977507563941916f,0.7941915702371976f,-0.428710508064017f,0f,0f,0f,1f],start_interpolation:0}
execute if entity @s[tag=aj.louvert.locator_origin.locator2] at @s on origin run tp @s ^0.55452 ^2.62499 ^-1.4064 ~-173.12084 ~-37.88414
execute if entity @s[tag=aj.louvert.bone.sword_1] run data modify entity @s {} merge value {transformation:[-0.8959889219178319f,-0.4338977602333903f,-0.09453351503550474f,0.46025709453447367f,0.39553705499823666f,-0.6829879352709307f,-0.6140667051694562f,2.0682943571268297f,0.2018769177589223f,-0.5875884732861918f,0.7835722660593334f,-0.7340335743169473f,0f,0f,0f,1f],start_interpolation:0}
execute if entity @s[tag=aj.louvert.bone.left_arm_1] run data modify entity @s {} merge value {transformation:[-0.19961088702992136f,0.9738519121214039f,0.10848016886331413f,0.37497599522139013f,-0.7648080801595076f,-0.22404939576498728f,0.6040450883668138f,1.7822520616895083f,0.6125553805998731f,0.037607466211236326f,0.7895325098964036f,-0.5067732975970455f,0f,0f,0f,1f],start_interpolation:0}
execute if entity @s[tag=aj.louvert.bone.left_arm_0] run data modify entity @s {} merge value {transformation:[-0.3120143096219448f,0.9496499338178992f,0.02849690844285488f,0.27286005465010804f,-0.908153873909803f,-0.3069237174810404f,0.2847004969265699f,1.4999443875602982f,0.2791121851402379f,0.06295105120073657f,0.958192858071361f,-0.41985642797288936f,0f,0f,0f,1f],start_interpolation:0}
execute if entity @s[tag=aj.louvert.bone.wing_0] run data modify entity @s {} merge value {transformation:[-0.9876910397199814f,0.015392804768583644f,0.1556581884072222f,-0.01759439279525577f,-0.048716199595911905f,-0.975922142088403f,-0.21260927655799525f,1.5990490737162153f,0.14863761957792948f,-0.21757535279286377f,0.9646594341544933f,0.12046503897169303f,0f,0f,0f,1f],start_interpolation:0}
execute if entity @s[tag=aj.louvert.bone.wing_1] run data modify entity @s {} merge value {transformation:[-0.9791635242262744f,0.015392804768583644f,-0.20248914634157159f,-0.01164426524732637f,0.029354432911844183f,-0.975922142088403f,-0.2161348880907635f,1.6535233483758718f,-0.20094056358337942f,-0.21757535279286377f,0.9551355169628309f,-0.12345533611507103f,0f,0f,0f,1f],start_interpolation:0}
execute if entity @s[tag=aj.louvert.bone.body_0] run data modify entity @s {} merge value {transformation:[-0.9995982179235666f,0.015392804768583644f,-0.023800510191717607f,-0.006078749999999913f,-0.009840070449547902f,-0.975922142088403f,-0.21789709863862522f,1.5144813256702745f,-0.026581492388083085f,-0.21757535279286377f,0.9756815003470563f,-0.40857272958320323f,0f,0f,0f,1f],start_interpolation:0}