execute if entity @s[tag=aj.louvert.bone.head] run data modify entity @s {} merge value {transformation:[-0.9384708235164863f,0.08742425446492375f,0.33411003148594653f,0.017506495589680163f,0.11522972798565904f,0.9912562325207526f,0.06428990027301756f,1.5915373345028592f,-0.32556815445715664f,0.0988336036984172f,-0.9403389259109426f,-0.05334928904187304f,0f,0f,0f,1f],start_interpolation:0}
execute if entity @s[tag=aj.louvert.bone.coat_0] run data modify entity @s {} merge value {transformation:[-0.8169502877310881f,0.4790776392070536f,0.32105582534488963f,-0.28959009691720744f,0.5096143545314785f,0.8603045690653379f,0.013009923165335585f,0.7820913275547454f,-0.2699730301929376f,0.17424311767498732f,-0.9469709071092648f,-0.11578061425820046f,0f,0f,0f,1f],start_interpolation:0}
execute if entity @s[tag=aj.louvert.bone.coat_1] run data modify entity @s {} merge value {transformation:[-0.797748971515649f,-0.5104113394683111f,0.32105582534488963f,0.18352871208873384f,-0.5351769083380857f,0.8446398159457796f,0.013009923165335585f,0.7590542090002563f,-0.2778169455368267f,-0.16144301118736643f,-0.9469709071092648f,0.044306498694422936f,0f,0f,0f,1f],start_interpolation:0}
execute if entity @s[tag=aj.louvert.bone.coat_2] run data modify entity @s {} merge value {transformation:[-0.9462376180118826f,-0.07546986478495318f,0.31454517921681646f,-0.01289871424612559f,0.046074237108978275f,0.931041932213257f,0.36199183020536646f,0.7721990086731678f,-0.3201742259052468f,0.3570227163220095f,-0.8775096837619686f,-0.15410842117054688f,0f,0f,0f,1f],start_interpolation:0}
execute if entity @s[tag=aj.louvert.bone.right_leg_1] run data modify entity @s {} merge value {transformation:[-0.9369287591730479f,0.02306290926824381f,0.3487586593197896f,-0.25458478169653936f,0.15023043765935118f,0.9275199646464061f,0.3422536059459559f,0.3832266132245468f,-0.3155872555017584f,0.3730614123685463f,-0.8724848805374529f,-0.015662091677372245f,0f,0f,0f,1f],start_interpolation:0}
execute if entity @s[tag=aj.louvert.bone.right_leg_0] run data modify entity @s {} merge value {transformation:[-0.9369287591730479f,0.2092897628795366f,0.27993266223911717f,-0.17131039466572212f,0.15023043765935118f,0.9642883692035397f,-0.2181255524221265f,0.7763320479161231f,-0.3155872555017584f,-0.16231369681146873f,-0.9349111979178891f,-0.07575883602004461f,0f,0f,0f,1f],start_interpolation:0}
execute if entity @s[tag=aj.louvert.bone.left_leg_1] run data modify entity @s {} merge value {transformation:[-0.9337653987810225f,-0.3106284800255267f,0.17774174365170559f,0.028021108747692f,-0.1626058731294129f,0.8106578289337705f,0.5624884126915036f,0.5435614389527044f,-0.31881265668592745f,0.49633036556855636f,-0.8074742461227133f,0.22616740655442313f,0f,0f,0f,1f],start_interpolation:0}
execute if entity @s[tag=aj.louvert.bone.left_leg_0] run data modify entity @s {} merge value {transformation:[-0.9337653987810225f,0.06999283689837293f,0.35097461848719974f,0.06524900983724853f,-0.1626058731294129f,0.7906465714066678f,-0.5902858029350718f,0.7648134886388787f,-0.31881265668592745f,-0.6082589924578171f,-0.7268971646877309f,0.004284720456267085f,0f,0f,0f,1f],start_interpolation:0}
execute if entity @s[tag=aj.louvert.bone.body_1] run data modify entity @s {} merge value {transformation:[-0.9462376180118826f,0.03946552003090848f,0.32105582534488963f,-0.04069771740457789f,0.046074237108978275f,0.9988532958217928f,0.013009923165335585f,1.082714423221811f,-0.3201742259052468f,0.027102880928643908f,-0.9469709071092648f,-0.027267407491687545f,0f,0f,0f,1f],start_interpolation:0}
execute if entity @s[tag=aj.louvert.locator_origin.locator] at @s on origin run tp @s ^-1.58164 ^1.98604 ^-0.79897 ~115.83534 ~-17.40903
execute if entity @s[tag=aj.louvert.bone.sword_0] run data modify entity @s {} merge value {transformation:[0.2756795187882842f,-0.4317709119607122f,0.8588216826008033f,-0.8391744519759882f,0.9540895674437859f,0.014060785012854977f,-0.29919122918252783f,1.723838170772815f,0.11710636283135824f,0.9018737017506593f,0.41582439307353425f,-0.41055820067365345f,0f,0f,0f,1f],start_interpolation:0}
execute if entity @s[tag=aj.louvert.bone.right_arm_1] run data modify entity @s {} merge value {transformation:[-0.858821682600803f,0.27567951878828434f,0.4317709119607124f,-0.5211125334568024f,0.29919122918252805f,0.9540895674437858f,-0.014060785012855043f,1.6017394476234688f,-0.41582439307353447f,0.11710636283135833f,-0.9018737017506592f,-0.25349511829240007f,0f,0f,0f,1f],start_interpolation:0}
execute if entity @s[tag=aj.louvert.bone.right_arm_0] run data modify entity @s {} merge value {transformation:[-0.858821682600803f,0.27567951878828434f,0.4317709119607124f,-0.2722796581776701f,0.29919122918252805f,0.9540895674437858f,-0.014060785012855043f,1.5019259044580537f,-0.41582439307353447f,0.11710636283135833f,-0.9018737017506592f,-0.1328105323624413f,0f,0f,0f,1f],start_interpolation:0}
execute if entity @s[tag=aj.louvert.locator_origin.locator2] at @s on origin run tp @s ^-0.32116 ^0.4297 ^0.7322 ~70.44541 ~35.24213
execute if entity @s[tag=aj.louvert.bone.sword_1] run data modify entity @s {} merge value {transformation:[0.19841337251775648f,-0.6068980016769655f,0.7696148057090868f,0.3384524401447771f,-0.6230567184164053f,0.5280465615635394f,0.5770330618405701f,0.9498552568273007f,-0.756592664015658f,-0.5940047511438178f,-0.27336037821209735f,0.4768292623596707f,0f,0f,0f,1f],start_interpolation:0}
execute if entity @s[tag=aj.louvert.bone.left_arm_1] run data modify entity @s {} merge value {transformation:[0.19945262943406383f,0.9596097030657661f,0.19841337251775662f,0.4027342990298769f,0.781454757629522f,-0.03359743166322743f,-0.6230567184164054f,1.244873444525354f,-0.5912250928284617f,0.2793213747060308f,-0.7565926640156578f,0.2541806477232024f,0f,0f,0f,1f],start_interpolation:0}
execute if entity @s[tag=aj.louvert.bone.left_arm_0] run data modify entity @s {} merge value {transformation:[-0.3870274846326195f,0.9004675783975108f,0.19841337251775662f,0.25364859825726105f,0.6594009573555234f,0.42070263022091925f,-0.6230567184164054f,1.4377892865045514f,-0.6445154021259437f,-0.11030610672180888f,-0.7565926640156578f,0.05621665039390155f,0f,0f,0f,1f],start_interpolation:0}
execute if entity @s[tag=aj.louvert.bone.wing_0] run data modify entity @s {} merge value {transformation:[-0.7179033692342608f,0.1441136817061444f,0.6810624047671379f,0.12489396095058761f,0.05844569792758889f,0.9873606470329075f,-0.1473195611061727f,1.1977237890108139f,-0.6936849809790131f,-0.06595604169337652f,-0.717252359862474f,-0.502284569645152f,0f,0f,0f,1f],start_interpolation:0}
execute if entity @s[tag=aj.louvert.bone.wing_1] run data modify entity @s {} merge value {transformation:[-0.9831834612851177f,0.1441136817061444f,-0.11216741149066234f,0.04643068922689031f,0.1504215016154467f,0.9873606470329075f,-0.049923186421867f,1.2249279505480555f,0.10355507378766926f,-0.06595604169337652f,-0.9924344548920963f,-0.2664807346774634f,0f,0f,0f,1f],start_interpolation:0}
execute if entity @s[tag=aj.louvert.bone.body_0] run data modify entity @s {} merge value {transformation:[-0.9384708235164863f,0.1441136817061444f,0.31385308689478914f,-0.006078749999999992f,0.11522972798565904f,0.9873606470329075f,-0.10881664614896629f,1.447620625f,-0.32556815445715664f,-0.06595604169337652f,-0.9432153398707543f,-0.04669375f,0f,0f,0f,1f],start_interpolation:0}