execute if entity @s[tag=aj.louvert.bone.head] run data modify entity @s {} merge value {transformation:[-0.9422549172289307f,0.010375771175206154f,-0.3347357380537976f,0.0010221757120635402f,-0.07749242067193099f,0.9656385116547384f,0.24806690538567658f,1.5895679183833968f,0.32580760533834274f,0.2596817440286118f,-0.9090735922475985f,-0.011316394816067006f,0f,0f,0f,1f],start_interpolation:0}
execute if entity @s[tag=aj.louvert.bone.coat_0] run data modify entity @s {} merge value {transformation:[-0.8097306060654124f,0.4802826201030601f,-0.3371423296293119f,-0.2538729558081194f,0.4463494222902517f,0.8770874812119858f,0.17745349678823719f,0.7642173717489151f,0.3809311470884188f,-0.006793756556866953f,-0.9245784477532165f,-0.09878073186996933f,0f,0f,0f,1f],start_interpolation:0}
execute if entity @s[tag=aj.louvert.bone.coat_1] run data modify entity @s {} merge value {transformation:[-0.8451548355641991f,-0.4147871182842734f,-0.3371423296293119f,0.21607170376803192f,-0.4897317110799839f,0.8536235163350985f,0.17745349678823719f,0.7676427076775165f,0.2141871963613196f,0.31508497086520965f,-0.9245784477532165f,-0.2694859866503404f,0f,0f,0f,1f],start_interpolation:0}
execute if entity @s[tag=aj.louvert.bone.coat_2] run data modify entity @s {} merge value {transformation:[-0.9398893191523028f,0.22879163180709344f,-0.25350040820177805f,-0.06104341722370775f,-0.006850671857203033f,0.7295768196260142f,0.6838645571745148f,0.7881117268117455f,0.3414105095607422f,0.6444936411474032f,-0.6841540838744123f,-0.299705665229307f,0f,0f,0f,1f],start_interpolation:0}
execute if entity @s[tag=aj.louvert.bone.right_leg_1] run data modify entity @s {} merge value {transformation:[-0.9119679535476981f,0.21014072539596598f,-0.3523568180581734f,-0.14536860633812315f,0.18230179608201877f,0.9769771182819069f,0.11082312709381131f,0.38469087995420376f,0.36753300103159925f,0.036831859627749486f,-0.9292808548921409f,0.024931671461225963f,0f,0f,0f,1f],start_interpolation:0}
execute if entity @s[tag=aj.louvert.bone.right_leg_0] run data modify entity @s {} merge value {transformation:[-0.9119679535476981f,0.02277011592692868f,-0.40962906821012807f,-0.13638679091408162f,0.18230179608201877f,0.9169611301125228f,-0.35489201316461755f,0.7650737057310655f,0.36753300103159925f,-0.398326257838269f,-0.8403901983419768f,-0.1414570455650621f,0f,0f,0f,1f],start_interpolation:0}
execute if entity @s[tag=aj.louvert.bone.left_leg_1] run data modify entity @s {} merge value {transformation:[-0.914102491143166f,-0.009509030487045156f,-0.4053716985990199f,0.22103036852959046f,-0.29670311002941313f,0.6970959536864774f,0.6527055200109884f,0.42672749554353406f,0.27637637414354377f,0.716914785517175f,-0.6400385067495006f,-0.18689816782315422f,0f,0f,0f,1f],start_interpolation:0}
execute if entity @s[tag=aj.louvert.bone.left_leg_0] run data modify entity @s {} merge value {transformation:[-0.914102491143166f,-0.32245293388263996f,-0.2458469872020725f,0.09858553887399409f,-0.29670311002941313f,0.9451661166018418f,-0.13648544437656204f,0.7667863736953662f,0.27637637414354377f,-0.0518181190151811f,-0.9596514900509435f,-0.22680967295524765f,0f,0f,0f,1f],start_interpolation:0}
execute if entity @s[tag=aj.louvert.bone.body_1] run data modify entity @s {} merge value {transformation:[-0.9398893191523028f,0.05425050521000816f,-0.3371423296293119f,-0.0019473431419162097f,-0.006850671857203033f,0.9841053423149028f,0.17745349678823719f,1.073462959186623f,0.3414105095607422f,0.169096297746955f,-0.9245784477532165f,-0.13129076621423144f,0f,0f,0f,1f],start_interpolation:0}
execute if entity @s[tag=aj.louvert.locator_origin.locator] at @s on origin run tp @s ^-0.88937 ^1.13717 ^1.41518 ~14.41698 ~13.53775
execute if entity @s[tag=aj.louvert.bone.sword_0] run data modify entity @s {} merge value {transformation:[0.15671730316152085f,0.9575212559220332f,0.24205935500879017f,-0.6520066844152561f,0.9482848114785373f,-0.21438202747323223f,0.2340860154207877f,1.3370245166418142f,0.27603551077514465f,0.19285588078655486f,-0.9416002368506217f,0.5938508206375307f,0f,0f,0f,1f],start_interpolation:0}
execute if entity @s[tag=aj.louvert.bone.right_arm_1] run data modify entity @s {} merge value {transformation:[-0.46988731509395354f,-0.8687034004788833f,-0.1567173031615211f,-0.4663416158937388f,-0.1742412119943051f,0.2653222877216892f,-0.9482848114785373f,1.4020708312896621f,0.8653588337542705f,-0.41828039116668336f,-0.2760355107751448f,0.2744173325127887f,0f,0f,0f,1f],start_interpolation:0}
execute if entity @s[tag=aj.louvert.bone.right_arm_0] run data modify entity @s {} merge value {transformation:[-0.6111409775355148f,-0.7786683379346184f,-0.14206451025880432f,-0.27587133125970026f,-0.15708877420554088f,0.2952325389890773f,-0.9424228694915375f,1.449194903968533f,0.775776915482496f,-0.5536364939382171f,-0.3027487571968918f,0.03834742371029372f,0f,0f,0f,1f],start_interpolation:0}
execute if entity @s[tag=aj.louvert.locator_origin.locator2] at @s on origin run tp @s ^1.55642 ^1.20555 ^-0.90586 ~-116.60511 ~13.70651
execute if entity @s[tag=aj.louvert.bone.sword_1] run data modify entity @s {} merge value {transformation:[-0.4295640366573003f,0.2468168332445472f,-0.8686519379117384f,0.8005161697841999f,-0.7977456300270775f,-0.5544883371043475f,0.23694850450668747f,1.399057311341763f,-0.4231744890507769f,0.7947478435594448f,0.4350852985038969f,-0.5033289611654983f,0f,0f,0f,1f],start_interpolation:0}
execute if entity @s[tag=aj.louvert.bone.left_arm_1] run data modify entity @s {} merge value {transformation:[-0.8686519379117384f,-0.24681683324454753f,-0.42956403665730025f,0.4784614990050717f,0.23694850450668753f,0.554488337104348f,-0.7977456300270778f,1.4842145936103988f,0.4350852985038973f,-0.7947478435594449f,-0.42317448905077726f,-0.3307910802237369f,0f,0f,0f,1f],start_interpolation:0}
execute if entity @s[tag=aj.louvert.bone.left_arm_0] run data modify entity @s {} merge value {transformation:[-0.7386276084944537f,-0.5195228526065522f,-0.42956403665730025f,0.26450605898838025f,0.04079364103685018f,0.6016126566351953f,-0.7977456300270778f,1.4864824661456406f,0.6728782466544154f,-0.6067604280075399f,-0.42317448905077726f,-0.11788037930693325f,0f,0f,0f,1f],start_interpolation:0}
execute if entity @s[tag=aj.louvert.bone.wing_0] run data modify entity @s {} merge value {transformation:[-0.9999942084323307f,-0.0014208989545825557f,-0.0030925956666536525f,-0.16593613703381518f,-0.002087202593950774f,0.9737768664513675f,0.22749562182487676f,1.3617825051853958f,0.002688249826251987f,0.22750075914228593f,-0.9737741924607343f,-0.5483478555697786f,0f,0f,0f,1f],start_interpolation:0}
execute if entity @s[tag=aj.louvert.bone.wing_1] run data modify entity @s {} merge value {transformation:[-0.7049158905624158f,-0.0014208989545825557f,-0.7092894812971338f,-0.08221276365305692f,-0.16233957199051344f,0.9737768664513675f,0.15938782177472793f,1.3083073128630676f,0.6904632145151057f,0.22750075914228593f,-0.6866614551517731f,-0.31893381817050315f,0f,0f,0f,1f],start_interpolation:0}
execute if entity @s[tag=aj.louvert.bone.body_0] run data modify entity @s {} merge value {transformation:[-0.9422549172289307f,-0.0014208989545825557f,-0.33489349352303294f,-0.002622118012720059f,-0.07749242067193099f,0.9737768664513675f,0.21390076928931326f,1.447620625f,0.32580760533834274f,0.22750075914228593f,-0.9176561495971016f,-0.04523194151620309f,0f,0f,0f,1f],start_interpolation:0}