execute if entity @s[tag=aj.louvert.bone.head] run data modify entity @s {} merge value {transformation:[-1f,-8.553088382523998e-17f,8.764739436339152e-17f,-0.0026950000000000077f,0f,0.7156952880162267f,0.6984126679201703f,1.5141505892796745f,-1.2246467991473532e-16f,0.6984126679201703f,-0.7156952880162267f,0.06701416036483637f,0f,0f,0f,1f],start_interpolation:0}
execute if entity @s[tag=aj.louvert.bone.coat_0] run data modify entity @s {} merge value {transformation:[-0.9521216392048745f,0.3057194533519626f,1.1875985653967708e-16f,-0.252695f,0.296470773832472f,0.9233178852794086f,-0.24410891623686332f,0.8500181817788133f,-0.07462884443027398f,-0.23242138147196767f,-0.9697478213503055f,-0.07734507285606915f,0f,0f,0f,1f],start_interpolation:0}
execute if entity @s[tag=aj.louvert.bone.coat_1] run data modify entity @s {} merge value {transformation:[-0.9521216392048745f,-0.3057194533519625f,1.1875985653967708e-16f,0.24730500000000002f,-0.296470773832472f,0.9233178852794086f,-0.24410891623686332f,0.8500181817788133f,0.07462884443027376f,-0.23242138147196773f,-0.9697478213503055f,-0.07734507285606909f,0f,0f,0f,1f],start_interpolation:0}
execute if entity @s[tag=aj.louvert.bone.coat_2] run data modify entity @s {} merge value {transformation:[-1f,-2.8946727689574497e-17f,1.189944737485073e-16f,-0.002694999999999975f,0f,0.9716636162471979f,0.23636796919510467f,0.8195045672492054f,-1.2246467991473532e-16f,0.23636796919510467f,-0.9716636162471979f,-0.1985635505248573f,0f,0f,0f,1f],start_interpolation:0}
execute if entity @s[tag=aj.louvert.bone.right_leg_1] run data modify entity @s {} merge value {transformation:[-0.9999201468898415f,-0.010013279965613606f,-0.007709349397192821f,-0.12560543516566428f,-0.012254936302437479f,0.9172494650255206f,0.39812464812746656f,0.7558214805298946f,0.003084863047358208f,0.3981873342218788f,-0.9172989319111043f,0.22575538509790954f,0f,0f,0f,1f],start_interpolation:0}
execute if entity @s[tag=aj.louvert.bone.right_leg_0] run data modify entity @s {} merge value {transformation:[-0.9999201468898415f,-0.0087259869816051f,0.009140951536607907f,-0.12769499999999998f,-0.012254936302437479f,0.492982898072838f,-0.8699526876468219f,0.8500181817788133f,0.003084863047358208f,-0.8699952409978474f,-0.49305046826980753f,-0.07734507285606913f,0f,0f,0f,1f],start_interpolation:0}
execute if entity @s[tag=aj.louvert.bone.left_leg_1] run data modify entity @s {} merge value {transformation:[-0.9998203334911646f,0.01887607042636066f,0.0017305209838048385f,0.12327353145890693f,0.018381792823372423f,0.9878104960227532f,-0.15457209851677853f,0.9769686457171687f,-0.0046271406089431165f,-0.15451251700927393f,-0.9879799955754385f,0.21770100334620468f,0f,0f,0f,1f],start_interpolation:0}
execute if entity @s[tag=aj.louvert.bone.left_leg_0] run data modify entity @s {} merge value {transformation:[-0.9998203334911646f,0.0020365574009360526f,-0.018845507994453455f,0.12230500000000001f,0.018381792823372423f,-0.13852452786450997f,-0.9901883986759857f,0.8500181817788133f,-0.0046271406089431165f,-0.9903569092069116f,0.13846220406998366f,-0.0773450728560691f,0f,0f,0f,1f],start_interpolation:0}
execute if entity @s[tag=aj.louvert.bone.body_1] run data modify entity @s {} merge value {transformation:[-1f,2.9894720291280404e-17f,1.1875985653967708e-16f,-0.002694999999999981f,0f,0.9697478213503055f,-0.24410891623686332f,1.1530643759507837f,-1.2246467991473532e-16f,-0.24410891623686332f,-0.9697478213503055f,-0.1536291091800889f,0f,0f,0f,1f],start_interpolation:0}
execute if entity @s[tag=aj.louvert.locator_origin.locator] at @s on origin run tp @s ^0.47844 ^1.36481 ^0.8415 ~-35.83927 ~-19.52022
execute if entity @s[tag=aj.louvert.bone.sword_0] run data modify entity @s {} merge value {transformation:[-0.4580303780398954f,-0.6968920160459672f,-0.5518602094407762f,-0.02402437844740146f,-0.64420618315603f,0.6880037493927248f,-0.33413954331250795f,1.0894884264310065f,0.6125410732156414f,0.2024656978180239f,-0.764068763156099f,0.17622363906451322f,0f,0f,0f,1f],start_interpolation:0}
execute if entity @s[tag=aj.louvert.bone.right_arm_1] run data modify entity @s {} merge value {transformation:[0.8671208922295086f,-0.4328571384719765f,-0.2464468622907434f,-0.34404385428216844f,-0.4755069278553994f,-0.5720528678409293f,-0.6683177971268515f,1.2755030777573642f,0.14830549491040543f,0.6966995149049698f,-0.7018655612797648f,0.11517956783494346f,0f,0f,0f,1f],start_interpolation:0}
execute if entity @s[tag=aj.louvert.bone.right_arm_0] run data modify entity @s {} merge value {transformation:[0.12097609967445636f,-0.9615761682646897f,-0.2464468622907434f,-0.32461284917091837f,-0.7397521736677466f,0.07821792376019611f,-0.6683177971268515f,1.4677739748354546f,0.6619150284299334f,0.2631600825126047f,-0.7018655612797648f,-0.07472399772057994f,0f,0f,0f,1f],start_interpolation:0}
execute if entity @s[tag=aj.louvert.locator_origin.locator2] at @s on origin run tp @s ^-0.4896 ^1.36313 ^0.85165 ~35.74152 ~-19.94536
execute if entity @s[tag=aj.louvert.bone.sword_1] run data modify entity @s {} merge value {transformation:[-0.4583937537261075f,0.6988366390695624f,0.5490924498104547f,0.010485640114972796f,0.6404236878723852f,0.6881075478734856f,-0.34112388156133533f,1.0816730296564532f,-0.6162245260916043f,0.19528275513597343f,-0.7629757394502665f,0.18714781888232282f,0f,0f,0f,1f],start_interpolation:0}
execute if entity @s[tag=aj.louvert.bone.left_arm_1] run data modify entity @s {} merge value {transformation:[0.8676754738068535f,0.4335968745324464f,0.2431728244474413f,0.3307139051254774f,0.4725765579811844f,-0.5675751843553976f,-0.674188257796435f,1.266557437691828f,-0.1543070607610301f,0.6998943923904737f,-0.6973787855245249f,0.12380819457275447f,0f,0f,0f,1f],start_interpolation:0}
execute if entity @s[tag=aj.louvert.bone.left_arm_0] run data modify entity @s {} merge value {transformation:[0.12066835811562368f,0.9624479855035977f,0.2431728244474413f,0.31922284917091837f,0.7344010458896864f,0.07826427566611793f,-0.674188257796435f,1.4677739748354546f,-0.6679028755334222f,0.25993956673527885f,-0.6973787855245249f,-0.07472399772057986f,0f,0f,0f,1f],start_interpolation:0}
execute if entity @s[tag=aj.louvert.bone.wing_0] run data modify entity @s {} merge value {transformation:[-0.9987296260165219f,-7.678758194670037e-17f,0.050389821560491405f,-0.0026949999999999336f,0.03159533471242322f,0.7790046144477933f,0.626221642466511f,1.5598768480944123f,-0.03925390351682376f,0.6270181900623337f,-0.7780149872525896f,-0.5380256496929875f,0f,0f,0f,1f],start_interpolation:0}
execute if entity @s[tag=aj.louvert.bone.wing_1] run data modify entity @s {} merge value {transformation:[-0.9987296260165219f,-7.678758194670037e-17f,-0.05038982156049121f,-0.0026949999999999574f,-0.03159533471242322f,0.7790046144477933f,0.626221642466511f,1.403122300578829f,0.03925390351682351f,0.6270181900623337f,-0.7780149872525896f,-0.3432744960810392f,0f,0f,0f,1f],start_interpolation:0}
execute if entity @s[tag=aj.louvert.bone.body_0] run data modify entity @s {} merge value {transformation:[-1f,-7.678758194670037e-17f,9.540055076045081e-17f,-0.0060787499999999965f,0f,0.7790046144477933f,0.6270181900623337f,1.401707951895044f,-1.2246467991473532e-16f,0.6270181900623337f,-0.7790046144477933f,-0.026033047102769685f,0f,0f,0f,1f],start_interpolation:0}