execute if entity @s[tag=aj.louvert.bone.head] run data modify entity @s {} merge value {transformation:[-0.9982188736773366f,-0.011797966803840328f,-0.058479810307872956f,-0.0032292289670791084f,-0.013483471914209115f,0.9995025158078213f,0.02851169723068997f,1.59284910361446f,0.05811433746923436f,0.029249425176083067f,-0.9978813531213923f,-0.03165788940011233f,0f,0f,0f,1f],start_interpolation:0}
execute if entity @s[tag=aj.louvert.bone.coat_0] run data modify entity @s {} merge value {transformation:[-0.8965159738362262f,0.4391973777062303f,-0.0580066554151635f,-0.2535326608564876f,0.4179511096075123f,0.8819343554733361f,0.21796481966978198f,0.7396642974226553f,0.14688763948791575f,0.17116499657290385f,-0.9742312689058311f,-0.14933703915760022f,0f,0f,0f,1f],start_interpolation:0}
execute if entity @s[tag=aj.louvert.bone.coat_1] run data modify entity @s {} merge value {transformation:[-0.9041572610792286f,-0.4232432812996018f,-0.0580066554151635f,0.24558946194795833f,-0.4251991684090439f,0.8784628646508496f,0.21796481966978198f,0.7401381359700399f,-0.04129545280009529f,0.22173885600897558f,-0.9742312689058311f,-0.17894923266322427f,0f,0f,0f,1f],start_interpolation:0}
execute if entity @s[tag=aj.louvert.bone.coat_2] run data modify entity @s {} merge value {transformation:[-0.9982442456088919f,0.042832672027661375f,-0.04091195810157266f,-0.011222431381160077f,-0.0009476770947693773f,0.6790695579007748f,0.7340733188453115f,0.7671468191550703f,0.05922438701124809f,0.7328232377179487f,-0.6778366870004343f,-0.2859220445236411f,0f,0f,0f,1f],start_interpolation:0}
execute if entity @s[tag=aj.louvert.bone.right_leg_1] run data modify entity @s {} merge value {transformation:[-0.977492967104146f,0.20717937807387554f,-0.03980206731885838f,-0.20806963239493131f,0.1858764437249335f,0.9350054559818117f,0.3020177891323881f,0.31375564603255574f,0.09978700782218303f,0.2878219980911226f,-0.9524710234357417f,-0.14014370132294096f,0f,0f,0f,1f],start_interpolation:0}
execute if entity @s[tag=aj.louvert.bone.right_leg_0] run data modify entity @s {} merge value {transformation:[-0.977492967104146f,0.18168505784755137f,-0.10722890942681784f,-0.12875213015537612f,0.1858764437249335f,0.9821028094553882f,-0.030397686227814413f,0.7397827570595015f,0.09978700782218303f,-0.04964485285268708f,-0.9937695616465271f,-0.15674008753400623f,0f,0f,0f,1f],start_interpolation:0}
execute if entity @s[tag=aj.louvert.bone.left_leg_1] run data modify entity @s {} merge value {transformation:[-0.9577865653320752f,-0.19850801474892021f,-0.2079410093027076f,0.21882080542635804f,-0.28738831582542557f,0.6428581916682843f,0.7100290848493525f,0.411219735777406f,-0.007269882833421108f,0.7398161349182824f,-0.672769823430096f,-0.08642722957278132f,0f,0f,0f,1f],start_interpolation:0}
execute if entity @s[tag=aj.louvert.bone.left_leg_0] run data modify entity @s {} merge value {transformation:[-0.9577865653320752f,-0.282655713752197f,0.052446570456249134f,0.12080893124684684f,-0.28738831582542557f,0.9460251611000893f,-0.14981438680105238f,0.7400196763331937f,-0.007269882833421108f,-0.15856273852575195f,-0.9873221393014554f,-0.17154618428681825f,0f,0f,0f,1f],start_interpolation:0}
execute if entity @s[tag=aj.louvert.bone.body_1] run data modify entity @s {} merge value {transformation:[-0.9982442456088919f,0.011985576176409905f,-0.0580066554151635f,-0.00022610689913654582f,-0.0009476770947693773f,0.9759561666870308f,0.21796481966978198f,1.0448875187860447f,0.05922438701124809f,0.21763709855922084f,-0.9742312689058311f,-0.09613154261065573f,0f,0f,0f,1f],start_interpolation:0}
execute if entity @s[tag=aj.louvert.locator_origin.locator] at @s on origin run tp @s ^-1.7829 ^1.16445 ^0.28767 ~75.6631 ~11.42048
execute if entity @s[tag=aj.louvert.bone.sword_0] run data modify entity @s {} merge value {transformation:[-0.14166384109560187f,0.27937698855043036f,0.9496735514873164f,-0.9421824855302988f,0.9625881499138478f,-0.1849784195848626f,0.19800767140017897f,1.3334016678209364f,0.23098789962133282f,0.942195034245234f,-0.24272022509907576f,0.09919432318825128f,0f,0f,0f,1f],start_interpolation:0}
execute if entity @s[tag=aj.louvert.bone.right_arm_1] run data modify entity @s {} merge value {transformation:[-0.9608405789887916f,-0.23815276167729804f,0.14166384109560173f,-0.5797554066263582f,-0.1898443263660455f,0.1933473180368874f,-0.9625881499138479f,1.4050861558775598f,0.20185270252118565f,-0.9517878317741921f,-0.23098789962133304f,0.03401579372399574f,0f,0f,0f,1f],start_interpolation:0}
execute if entity @s[tag=aj.louvert.bone.right_arm_0] run data modify entity @s {} merge value {transformation:[-0.9665150214482409f,-0.21044125979857525f,0.146844099266178f,-0.27851735365093316f,-0.18939163681207238f,0.19887680870118676f,-0.9615502185879192f,1.4639601061871135f,0.17314595352057954f,-0.957163774458279f,-0.23207323767343202f,-0.019308878088556723f,0f,0f,0f,1f],start_interpolation:0}
execute if entity @s[tag=aj.louvert.locator_origin.locator2] at @s on origin run tp @s ^1.76625 ^1.18508 ^-0.41136 ~-101.66174 ~11.06923
execute if entity @s[tag=aj.louvert.bone.sword_1] run data modify entity @s {} merge value {transformation:[-0.2390705589053667f,0.13805498074390743f,-0.9611379142227584f,0.92634674698307f,-0.9381876028109011f,-0.28799641190275654f,0.19199502249556444f,1.3460747354113645f,-0.2502984015063026f,0.9476280330503823f,0.19837293459656377f,-0.21259111252580837f,0f,0f,0f,1f],start_interpolation:0}
execute if entity @s[tag=aj.louvert.bone.left_arm_1] run data modify entity @s {} merge value {transformation:[-0.9611379142227586f,-0.13805498074390776f,-0.23907055890536655f,0.5679807600139213f,0.19199502249556463f,0.2879964119027569f,-0.9381876028109013f,1.4175162385620323f,0.1983729345965642f,-0.9476280330503827f,-0.25029840150630284f,-0.12767806838589213f,0f,0f,0f,1f],start_interpolation:0}
execute if entity @s[tag=aj.louvert.bone.left_arm_0] run data modify entity @s {} merge value {transformation:[-0.951435695123987f,-0.19394686362148622f,-0.23907055890536655f,0.27305662098124095f,0.1748492726508453f,0.29871684549988997f,-0.9381876028109013f,1.4709535050991853f,0.25337294626184165f,-0.9344264873739313f,-0.25029840150630284f,-0.04628123309905109f,0f,0f,0f,1f],start_interpolation:0}
execute if entity @s[tag=aj.louvert.bone.wing_0] run data modify entity @s {} merge value {transformation:[-0.9478181253482126f,-0.008297458596702653f,0.3187035510348699f,-0.02991607207304753f,0.020396476024489824f,0.9960351717719951f,0.08659053273259591f,1.294428286125158f,-0.3181584275595766f,0.0885725057451146f,-0.9438909503744856f,-0.5592911811795962f,0f,0f,0f,1f],start_interpolation:0}
execute if entity @s[tag=aj.louvert.bone.wing_1] run data modify entity @s {} merge value {transformation:[-0.8953637828255863f,-0.008297458596702653f,-0.44525818194064914f,-0.015146524823755048f,-0.04684064599531003f,0.9960351717719951f,0.07562995752923837f,1.2724451497214972f,0.4428652732908715f,0.0885725057451146f,-0.8922024775458951f,-0.31069793471479584f,0f,0f,0f,1f],start_interpolation:0}
execute if entity @s[tag=aj.louvert.bone.body_0] run data modify entity @s {} merge value {transformation:[-0.9982188736773366f,-0.008297458596702653f,-0.05907818899716991f,-0.005513069012745893f,-0.013483471914209115f,0.9960351717719951f,0.08793254561464195f,1.447620625f,0.05811433746923436f,0.0885725057451146f,-0.9943729858592014f,-0.04635660898954757f,0f,0f,0f,1f],start_interpolation:0}