execute if entity @s[tag=aj.louvert.bone.head] run data modify entity @s {} merge value {transformation:[-0.9995693587982885f,0.00967774188262873f,-0.02770267610956871f,-0.00023737062948566388f,-0.0016963576990649421f,-0.9615296858112685f,-0.2746958057092247f,1.4738028230909068f,-0.02929538055965955f,-0.27453051672944606f,0.9611320284238417f,-0.44199115530108596f,0f,0f,0f,1f],start_interpolation:0}
execute if entity @s[tag=aj.louvert.bone.coat_0] run data modify entity @s {} merge value {transformation:[-0.958569877878261f,0.2813768525145582f,-0.04439432501408522f,-0.2344467566884909f,-0.12299869403993469f,-0.5494141379588589f,-0.8264474733916212f,2.044334161441148f,-0.2569340586394226f,-0.7867472096422871f,0.5612608285201713f,0.10510347470200382f,0f,0f,0f,1f],start_interpolation:0}
execute if entity @s[tag=aj.louvert.bone.coat_1] run data modify entity @s {} merge value {transformation:[-0.7958899374114496f,-0.60381151979218f,-0.04439432501408522f,0.2646967078163764f,0.3688235176775992f,-0.4253866318216019f,-0.8264474733916212f,2.015268766373221f,0.4801337525472671f,-0.674134898988126f,0.5612608285201713f,0.10178614872712527f,0f,0f,0f,1f],start_interpolation:0}
execute if entity @s[tag=aj.louvert.bone.coat_2] run data modify entity @s {} merge value {transformation:[-0.9982869290097345f,-0.03340483573338927f,-0.04803461583002772f,0.009575684937182076f,0.05813079013585361f,-0.47319073536808787f,-0.8790400100109148f,1.926495529733232f,0.0066346519497570665f,-0.8803264422425546f,0.47432197554200684f,0.17360241527958598f,0f,0f,0f,1f],start_interpolation:0}
execute if entity @s[tag=aj.louvert.bone.right_leg_1] run data modify entity @s {} merge value {transformation:[-0.9968017599354635f,0.07977061606477101f,0.004785415573289847f,-0.13814480483842462f,-0.0007240984156755076f,0.0508638104332802f,-0.9987053361576133f,2.2353031142155855f,-0.07991074440303136f,-0.9955147018506831f,-0.05064337398020785f,0.4577844780646948f,0f,0f,0f,1f],start_interpolation:0}
execute if entity @s[tag=aj.louvert.bone.right_leg_0] run data modify entity @s {} merge value {transformation:[-0.9968017599354635f,0.06950759200038033f,-0.039432804159365224f,-0.10966089056227407f,-0.0007240984156755076f,-0.5012759297652932f,-0.8652871881170002f,2.037067812674166f,-0.07991074440303136f,-0.8624912387336174f,0.49972305934057504f,0.10427414320828415f,0f,0f,0f,1f],start_interpolation:0}
execute if entity @s[tag=aj.louvert.bone.left_leg_1] run data modify entity @s {} merge value {transformation:[-0.9986270100393623f,0.0024878497049439646f,-0.05232499807633634f,0.1541529039860364f,0.052349452060395506f,0.011067590020397977f,-0.9985674956256672f,2.3041184727394493f,-0.0019051742228319377f,-0.999935657457512f,-0.011182631899274209f,0.37462545500981326f,0f,0f,0f,1f],start_interpolation:0}
execute if entity @s[tag=aj.louvert.bone.left_leg_0] run data modify entity @s {} merge value {transformation:[-0.9986270100393623f,-0.03307842518883597f,-0.04061911627386264f,0.13991084169015952f,0.052349452060395506f,-0.6583760856437976f,-0.7508664759604913f,2.0225351151402027f,-0.0019051742228319377f,-0.7519619323073329f,0.6592037793215413f,0.10261548022084493f,0f,0f,0f,1f],start_interpolation:0}
execute if entity @s[tag=aj.louvert.bone.body_1] run data modify entity @s {} merge value {transformation:[-0.9982869290097345f,-0.03810972677489091f,-0.04439432501408522f,0.0032156859467893173f,0.05813079013585361f,-0.5600048079818483f,-0.8264474733916212f,1.854799961412857f,0.0066346519497570665f,-0.8276123873905928f,0.5612608285201713f,-0.15518405934499574f,0f,0f,0f,1f],start_interpolation:0}
execute if entity @s[tag=aj.louvert.locator_origin.locator] at @s on origin run tp @s ^-0.09719 ^1.51476 ^-1.79552 ~-168.22586 ~23.28752
execute if entity @s[tag=aj.louvert.bone.sword_0] run data modify entity @s {} merge value {transformation:[-0.9340370198933874f,-0.3040471952581701f,-0.1874303831408359f,-0.26959338113802955f,0.21162359151129803f,-0.8938218157124995f,0.3953454404344013f,1.8384431358154512f,-0.28773303770081676f,0.3296025861731844f,0.8992062245132701f,-0.9977853460279733f,0f,0f,0f,1f],start_interpolation:0}
execute if entity @s[tag=aj.louvert.bone.right_arm_1] run data modify entity @s {} merge value {transformation:[0.10049408395925392f,-0.9732362901629794f,-0.206668968640655f,-0.2966023383474548f,0.23605660899232667f,-0.17846648964363623f,0.9552104424813007f,1.749293244361498f,-0.9665289527170072f,-0.14477857432672625f,0.21180403200998404f,-0.6343804655735219f,0f,0f,0f,1f],start_interpolation:0}
execute if entity @s[tag=aj.louvert.bone.right_arm_0] run data modify entity @s {} merge value {transformation:[0.01732858631847361f,-0.9732362901629794f,-0.22915244621431566f,-0.2895271569514692f,0.5712160467277698f,-0.17846648964363623f,0.8011628673590512f,1.583729361755761f,-0.8206168095139789f,-0.14477857432672625f,0.552835614228153f,-0.39151454559970644f,0f,0f,0f,1f],start_interpolation:0}
execute if entity @s[tag=aj.louvert.locator_origin.locator2] at @s on origin run tp @s ^0.2351 ^2.2752 ^-1.73915 ~174.528 ~-15.73709
execute if entity @s[tag=aj.louvert.bone.sword_1] run data modify entity @s {} merge value {transformation:[-0.9480894024007573f,-0.3044700572666242f,0.09178490771054343f,0.30772399616230395f,0.270397924629939f,-0.9237546826500547f,-0.2712236137173884f,2.0131135084532774f,0.16736620749481165f,-0.23232578528901138f,0.9581300966354458f,-0.9043415831192434f,0f,0f,0f,1f],start_interpolation:0}
execute if entity @s[tag=aj.louvert.bone.left_arm_1] run data modify entity @s {} merge value {transformation:[0.015004474457822594f,0.9992860546355428f,0.03467343013281789f,0.30285093354900366f,-0.4876789930040293f,-0.02295925783160524f,0.8727210735752851f,1.8282001568496984f,0.8728940746326677f,-0.03000422454843209f,0.4869863252499263f,-0.5779620498862229f,0f,0f,0f,1f],start_interpolation:0}
execute if entity @s[tag=aj.louvert.bone.left_arm_0] run data modify entity @s {} merge value {transformation:[-0.08157141951215204f,0.9959518660808707f,0.03776220291248718f,0.2728821801214424f,-0.7702189590643742f,-0.08703882935926137f,0.6318124700269545f,1.5878980486897152f,0.6325415864720394f,0.02245267542634411f,0.7742008904345404f,-0.38039374875528786f,0f,0f,0f,1f],start_interpolation:0}
execute if entity @s[tag=aj.louvert.bone.wing_0] run data modify entity @s {} merge value {transformation:[-0.9892132533534692f,0.01652134733079947f,0.14554787690729204f,-0.0180424036843916f,-0.08885972303942208f,-0.8575980462008432f,-0.5065861632277905f,1.5114432932140478f,0.11645208890871107f,-0.5140550906613723f,0.8498154356999679f,0.16334365974495346f,0f,0f,0f,1f],start_interpolation:0}
execute if entity @s[tag=aj.louvert.bone.wing_1] run data modify entity @s {} merge value {transformation:[-0.9809909039913105f,0.01652134733079947f,-0.19334914369783607f,-0.011979493729419793f,0.0855161121517698f,-0.8575980462008432f,-0.5071613014761106f,1.6400227223432473f,-0.17419483588429746f,-0.5140550906613723f,0.839883041212508f,-0.05097052907064287f,0f,0f,0f,1f],start_interpolation:0}
execute if entity @s[tag=aj.louvert.bone.body_0] run data modify entity @s {} merge value {transformation:[-0.9995693587982885f,0.01652134733079947f,-0.02425163981988724f,-0.0060787499999999375f,-0.0016963576990649421f,-0.8575980462008432f,-0.5143177165167978f,1.5979325193843654f,-0.02929538055965955f,-0.5140550906613723f,0.8572567552623854f,-0.3653734284440642f,0f,0f,0f,1f],start_interpolation:0}