execute if entity @s[tag=aj.louvert.bone.head] run data modify entity @s {} merge value {transformation:[-0.4628630729735053f,0.5836686069066109f,-0.6671497080784936f,0.06199014442272252f,-0.24577148311235109f,0.6386178533663062f,0.7292212390287095f,1.5674596020975669f,0.8516772591576451f,0.5014959567867991f,-0.15214352289931432f,0.014967709022401021f,0f,0f,0f,1f],start_interpolation:0}
execute if entity @s[tag=aj.louvert.bone.coat_0] run data modify entity @s {} merge value {transformation:[-0.2971106767829344f,0.2157728316502908f,-0.9301437151662111f,-0.18216434338784163f,0.49503456399611906f,0.8677994624945362f,0.043184179317963645f,0.8301677389732396f,0.8164961887178401f,-0.4476228077475598f,-0.36464749525182816f,0.04323973377097268f,0f,0f,0f,1f],start_interpolation:0}
execute if entity @s[tag=aj.louvert.bone.coat_1] run data modify entity @s {} merge value {transformation:[-0.297718463665194f,-0.2149334444185795f,-0.9301437151662111f,0.00111022259931573f,-0.6699677981073618f,0.7411331028606178f,0.043184179317963645f,0.8553138989065994f,0.6800785733222373f,0.6360230642944941f,-0.36464749525182816f,-0.42127948445667496f,0f,0f,0f,1f],start_interpolation:0}
execute if entity @s[tag=aj.louvert.bone.coat_2] run data modify entity @s {} merge value {transformation:[-0.3665491319743147f,0.461001731578917f,-0.8081578665892675f,-0.20679502479003933f,-0.050292319866719615f,0.8575272036724491f,0.5119743914729852f,0.848138841354665f,0.9290384364552953f,0.22830790271681395f,-0.2911410056068191f,-0.23460081224932966f,0f,0f,0f,1f],start_interpolation:0}
execute if entity @s[tag=aj.louvert.bone.right_leg_1] run data modify entity @s {} merge value {transformation:[-0.3556535469997189f,-0.3619531959231735f,-0.8616846514053267f,0.19372774085478595f,0.14107594381375166f,0.8906104676039672f,-0.4323315545635109f,0.7575438456695806f,0.923909158187956f,-0.27532322632724515f,-0.26568588306716373f,0.06621901087719012f,0f,0f,0f,1f],start_interpolation:0}
execute if entity @s[tag=aj.louvert.bone.right_leg_0] run data modify entity @s {} merge value {transformation:[-0.3556535469997189f,-0.8868935319036163f,-0.29483964722209166f,-0.13634570189105227f,0.14107594381375166f,0.2609080237006253f,-0.9549997807568821f,0.8364542789565796f,0.923909158187956f,-0.3812438409157092f,0.03232647800580016f,-0.07289007078593923f,0f,0f,0f,1f],start_interpolation:0}
execute if entity @s[tag=aj.louvert.bone.left_leg_1] run data modify entity @s {} merge value {transformation:[-0.35689117126857206f,0.3219235417883627f,-0.8769229869908662f,0.06060415846711798f,-0.3399277926456364f,0.829628603350717f,0.4429057194137417f,0.4851732021068612f,0.8701021708153657f,0.4561596362511432f,-0.1866563650069635f,-0.4041024399025265f,0f,0f,0f,1f],start_interpolation:0}
execute if entity @s[tag=aj.louvert.bone.left_leg_0] run data modify entity @s {} merge value {transformation:[-0.35689117126857206f,-0.26531763039783807f,-0.8956758603817694f,-0.0447084188974736f,-0.3399277926456364f,0.9299684017974865f,-0.14002809519983478f,0.8490273589232595f,0.8701021708153657f,0.25449032723918f,-0.4220863486113749f,-0.30514967989976305f,0f,0f,0f,1f],start_interpolation:0}
execute if entity @s[tag=aj.louvert.bone.body_1] run data modify entity @s {} merge value {transformation:[-0.3665491319743147f,0.021780793963363076f,-0.9301437151662111f,-0.08372056228071198f,-0.050292319866719615f,0.9978004856779021f,0.043184179317963645f,1.154553470714264f,0.9290384364552953f,0.0626082086891808f,-0.36464749525182816f,-0.16945481012748215f,0f,0f,0f,1f],start_interpolation:0}
execute if entity @s[tag=aj.louvert.locator_origin.locator] at @s on origin run tp @s ^0.52335 ^0.7738 ^-0.70022 ~-168.20424 ~19.22067
execute if entity @s[tag=aj.louvert.bone.sword_0] run data modify entity @s {} merge value {transformation:[0.48252985848196106f,-0.8543447296813484f,-0.19302854332735914f,0.3317010772652001f,0.852097850316225f,0.4068805316166419f,0.32920736091075936f,1.0733102216181343f,-0.20271701744019072f,-0.32333158809040363f,0.9243173129305169f,0.10254727443014244f,0f,0f,0f,1f],start_interpolation:0}
execute if entity @s[tag=aj.louvert.bone.right_arm_1] run data modify entity @s {} merge value {transformation:[0.7448807361422706f,0.46077936650584456f,-0.48252985848196117f,0.04882760884856202f,-0.5209765742872497f,-0.05012646536900295f,-0.8520978503162249f,1.271417780438711f,-0.41681662391040825f,0.8860980266720395f,0.2027170174401909f,0.24909518488266044f,0f,0f,0f,1f],start_interpolation:0}
execute if entity @s[tag=aj.louvert.bone.right_arm_0] run data modify entity @s {} merge value {transformation:[0.831163214711404f,0.04726326783222218f,-0.55401614960615f,-0.19668961198579618f,-0.5455996338940206f,0.2613972962655278f,-0.7962364554576626f,1.429115388335948f,0.10718558674241097f,0.9640734603850951f,0.24305063870682067f,0.2060756682171721f,0f,0f,0f,1f],start_interpolation:0}
execute if entity @s[tag=aj.louvert.locator_origin.locator2] at @s on origin run tp @s ^-0.10711 ^1.03491 ^-1.52401 ~172.61332 ~33.24703
execute if entity @s[tag=aj.louvert.bone.sword_1] run data modify entity @s {} merge value {transformation:[-0.9206763047572631f,0.37522583578745333f,0.10752076086094858f,-0.0029804367326808634f,-0.2599353646060453f,-0.7948934947275903f,0.548249886700289f,1.4953607237119635f,0.291185075314022f,0.47681223159370023f,0.8293740698364054f,-0.7837270748010088f,0f,0f,0f,1f],start_interpolation:0}
execute if entity @s[tag=aj.louvert.bone.left_arm_1] run data modify entity @s {} merge value {transformation:[0.10752076086094893f,-0.3752258357874533f,-0.9206763047572635f,0.04364631556954561f,0.548249886700289f,0.7948934947275909f,-0.2599353646060454f,1.6933510942168772f,0.8293740698364056f,-0.47681223159370023f,0.29118507531402177f,-0.468503260327895f,0f,0f,0f,1f],start_interpolation:0}
execute if entity @s[tag=aj.louvert.bone.left_arm_0] run data modify entity @s {} merge value {transformation:[0.381282613571435f,-0.08353867635201068f,-0.9206763047572635f,0.153692480230928f,-0.43924963449003973f,0.8599380005718369f,-0.2599353646060454f,1.5258289119223187f,0.8134391969830947f,0.5035155655249055f,0.29118507531402177f,-0.27010038326933833f,0f,0f,0f,1f],start_interpolation:0}
execute if entity @s[tag=aj.louvert.bone.wing_0] run data modify entity @s {} merge value {transformation:[-0.6311784462134331f,0.36543969309380675f,-0.6841546606923762f,-0.46742784516696617f,-0.12527937004284412f,0.8224410147533335f,0.5548836424811737f,1.5412543507552265f,0.7654533613991542f,0.4359410601939342f,-0.473324987254766f,-0.28031849045345825f,0f,0f,0f,1f],start_interpolation:0}
execute if entity @s[tag=aj.louvert.bone.wing_1] run data modify entity @s {} merge value {transformation:[0.048307211059539445f,0.36543969309380675f,-0.9295806818513137f,-0.2655287976226198f,-0.4844588720146016f,0.8224410147533335f,0.29814489527383636f,1.4129999270156675f,0.8734792583032461f,0.4359410601939342f,0.21677033318929884f,-0.20760276043636106f,0f,0f,0f,1f],start_interpolation:0}
execute if entity @s[tag=aj.louvert.bone.body_0] run data modify entity @s {} merge value {transformation:[-0.4628630729735053f,0.36543969309380675f,-0.8075961901773854f,0.005493716283925505f,-0.24577148311235109f,0.8224410147533335f,0.5130176949582366f,1.447620625f,0.8516772591576451f,0.4359410601939342f,-0.29086292006838876f,-0.04634584950554911f,0f,0f,0f,1f],start_interpolation:0}