execute if entity @s[tag=aj.louvert.bone.head] run data modify entity @s {} merge value {transformation:[-1f,-6.63292697111599e-17f,1.0294671343079768e-16f,-0.0026950000000000103f,0f,0.8406237088315847f,0.5416195898878021f,1.4469070378580788f,-1.2246467991473532e-16f,0.5416195898878021f,-0.8406237088315847f,0.08882595763546956f,0f,0f,0f,1f],start_interpolation:0}
execute if entity @s[tag=aj.louvert.bone.coat_0] run data modify entity @s {} merge value {transformation:[-0.9654928634264424f,0.2604295119079422f,1.1955537324245763e-16f,-0.252695f,0.25424267242753595f,0.9425563332239486f,-0.21667538442640188f,0.7467123329869588f,-0.05642866460863371f,-0.2091985373438719f,-0.9762437081915922f,-0.03711682316423193f,0f,0f,0f,1f],start_interpolation:0}
execute if entity @s[tag=aj.louvert.bone.coat_1] run data modify entity @s {} merge value {transformation:[-0.9654928634264424f,-0.2604295119079422f,1.1955537324245763e-16f,0.24730500000000002f,-0.25424267242753595f,0.9425563332239486f,-0.21667538442640188f,0.7467123329869588f,0.05642866460863347f,-0.20919853734387195f,-0.9762437081915922f,-0.03711682316423187f,0f,0f,0f,1f],start_interpolation:0}
execute if entity @s[tag=aj.louvert.bone.coat_2] run data modify entity @s {} merge value {transformation:[-1f,-2.667669405086895e-17f,1.195238546112654e-16f,-0.0026949999999999804f,0f,0.9759863390365496f,0.21783173784835178f,0.7196279099336587f,-1.2246467991473532e-16f,0.21783173784835178f,-0.9759863390365496f,-0.15914728668818093f,0f,0f,0f,1f],start_interpolation:0}
execute if entity @s[tag=aj.louvert.bone.right_leg_1] run data modify entity @s {} merge value {transformation:[-0.9999999942397134f,-0.0000852019075072879f,-0.0000652779290222742f,-0.12767317883087728f,-0.00010478407625315833f,0.9067211437523255f,0.4217306681909341f,0.6031131347237467f,0.00002325662108066887f,0.4217306726017321f,-0.906721147457155f,0.25416623265011096f,0f,0f,0f,1f],start_interpolation:0}
execute if entity @s[tag=aj.louvert.bone.right_leg_0] run data modify entity @s {} merge value {transformation:[-0.9999999942397134f,-0.00008205388866928308f,0.00006919344199103272f,-0.12769499999999998f,-0.00010478407625315833f,0.6066308663137296f,-0.794983635715699f,0.7467123329869588f,0.00002325662108066887f,-0.7949836383867362f,-0.6066308714173029f,-0.03711682316423191f,0f,0f,0f,1f],start_interpolation:0}
execute if entity @s[tag=aj.louvert.bone.left_leg_1] run data modify entity @s {} merge value {transformation:[-0.9999999870393553f,0.0001596357956889899f,0.000020921328735299045f,0.1223069880077296f,0.00015717611400249603f,0.9961222436588401f,-0.08797983282404799f,0.8286747308382784f,-0.000034884931537581474f,-0.08797982839543948f,-0.9961222558393876f,0.27518201202278514f,0f,0f,0f,1f],start_interpolation:0}
execute if entity @s[tag=aj.louvert.bone.left_leg_0] run data modify entity @s {} merge value {transformation:[-0.9999999870393553f,0.00003454188118998049f,-0.00015725186073673228f,0.122305f,0.00015717611400249603f,-0.002182060081053927f,-0.9999976069518725f,0.7467123329869588f,-0.000034884931537581474f,-0.9999976187074952f,0.002182054623614371f,-0.037116823164231885f,0f,0f,0f,1f],start_interpolation:0}
execute if entity @s[tag=aj.louvert.bone.body_1] run data modify entity @s {} merge value {transformation:[-1f,2.653508159918152e-17f,1.1955537324245763e-16f,-0.002694999999999987f,0f,0.9762437081915922f,-0.21667538442640188f,1.0517884917968314f,-1.2246467991473532e-16f,-0.21667538442640188f,-0.9762437081915922f,-0.10482788079748248f,0f,0f,0f,1f],start_interpolation:0}
execute if entity @s[tag=aj.louvert.locator_origin.locator] at @s on origin run tp @s ^0.49004 ^1.32627 ^0.89562 ~-41.03224 ~-22.44078
execute if entity @s[tag=aj.louvert.bone.sword_0] run data modify entity @s {} merge value {transformation:[-0.5423248296367478f,-0.5811304669917933f,-0.6067710931590045f,-0.05759977731435218f,-0.44246180796219003f,0.811486906784405f,-0.38172837019575717f,1.0123924239808435f,0.7142207835496686f,0.06145226156439998f,-0.6972175355614042f,0.28534309967338783f,0f,0f,0f,1f],start_interpolation:0}
execute if entity @s[tag=aj.louvert.bone.right_arm_1] run data modify entity @s {} merge value {transformation:[0.8065078412138449f,-0.5420971467075918f,-0.23595716897791344f,-0.3537787386024775f,-0.5123781839453313f,-0.44175062156222944f,-0.736427175602767f,1.2110538364917893f,0.2949808445941334f,0.7148335973363812f,-0.6340340917030093f,0.16893021325891344f,0f,0f,0f,1f],start_interpolation:0}
execute if entity @s[tag=aj.louvert.bone.right_arm_0] run data modify entity @s {} merge value {transformation:[0.0603497586696128f,-0.9698876847534709f,-0.23595716897791344f,-0.3214719052933674f,-0.6623027768590468f,0.1379494356586045f,-0.736427175602767f,1.3821281747448915f,0.7468018066350103f,0.20071829055924273f,-0.6340340917030093f,-0.041794765748503424f,0f,0f,0f,1f],start_interpolation:0}
execute if entity @s[tag=aj.louvert.locator_origin.locator2] at @s on origin run tp @s ^-0.50347 ^1.32291 ^0.90303 ~41.04598 ~-22.70621
execute if entity @s[tag=aj.louvert.bone.sword_1] run data modify entity @s {} merge value {transformation:[-0.5396444092737345f,0.5846588661239261f,0.6057705190930697f,0.043378100274021794f,0.4432241521419071f,0.8090436604355409f,-0.38600609641189415f,1.0052163579426203f,-0.7157766847960961f,0.06018609284333215f,-0.6957308184424231f,0.2940192837925912f,0f,0f,0f,1f],start_interpolation:0}
execute if entity @s[tag=aj.louvert.bone.left_arm_1] run data modify entity @s {} merge value {transformation:[0.8090649311284743f,0.5394192672963193f,0.23332550500873f,0.34055071925507524f,0.5081250073722567f,-0.4425105641522623f,-0.7389136468469032f,1.2022972211691771f,-0.2953352571248829f,0.7163876427487764f,-0.6321121982811522f,0.17745229905109994f,0f,0f,0f,1f],start_interpolation:0}
execute if entity @s[tag=aj.louvert.bone.left_arm_0] run data modify entity @s {} merge value {transformation:[0.06403069582335105f,0.9702882451647027f,0.23332550500873f,0.3160819052933673f,0.6603186724208f,0.13411142142204596f,-0.7389136468469032f,1.3821281747448915f,-0.7482508408580703f,0.20138234267025484f,-0.6321121982811522f,-0.04179476574850334f,0f,0f,0f,1f],start_interpolation:0}
execute if entity @s[tag=aj.louvert.bone.wing_0] run data modify entity @s {} merge value {transformation:[-0.991695700124236f,-6.6052174424183e-17f,0.12860652532084574f,-0.0026949999999999366f,0.06936482133865023f,0.8420772509067247f,0.534877953430528f,1.4271214504389778f,-0.1082966292908439f,0.539356935160171f,-0.8350843888966363f,-0.5176166142792015f,0f,0f,0f,1f],start_interpolation:0}
execute if entity @s[tag=aj.louvert.bone.wing_1] run data modify entity @s {} merge value {transformation:[-0.991695700124236f,-6.6052174424183e-17f,-0.12860652532084552f,-0.002694999999999962f,-0.06936482133865023f,0.8420772509067247f,0.534877953430528f,1.292282216648935f,0.10829662929084365f,0.539356935160171f,-0.8350843888966363f,-0.3070973015525204f,0f,0f,0f,1f],start_interpolation:0}
execute if entity @s[tag=aj.louvert.bone.body_0] run data modify entity @s {} merge value {transformation:[-1f,-6.6052174424183e-17f,1.031247209957723e-16f,-0.006078750000000001f,0f,0.8420772509067247f,0.539356935160171f,1.3250862317784258f,-1.2246467991473532e-16f,0.539356935160171f,-0.8420772509067247f,0.008446726949708456f,0f,0f,0f,1f],start_interpolation:0}