execute if entity @s[tag=aj.louvert.bone.head] run data modify entity @s {} merge value {transformation:[-1f,-8.328607279129741e-17f,8.9783227306782e-17f,-0.002695000000000008f,0f,0.7331356875247017f,0.6800823947711653f,1.5043160232895572f,-1.2246467991473532e-16f,0.6800823947711653f,-0.7331356875247017f,0.07052755336076302f,0f,0f,0f,1f],start_interpolation:0}
execute if entity @s[tag=aj.louvert.bone.coat_0] run data modify entity @s {} merge value {transformation:[-0.9542931670409338f,0.2988721320882636f,1.18827467851815e-16f,-0.252695f,0.2899956027505067f,0.9259505737222695f,-0.24190511654111463f,0.8359556221241669f,-0.0722986979437029f,-0.23084839978742644f,-0.9702999096110593f,-0.07134995759645436f,0f,0f,0f,1f],start_interpolation:0}
execute if entity @s[tag=aj.louvert.bone.coat_1] run data modify entity @s {} merge value {transformation:[-0.9542931670409338f,-0.29887213208826346f,1.18827467851815e-16f,0.24730500000000002f,-0.2899956027505067f,0.9259505737222695f,-0.24190511654111463f,0.8359556221241669f,0.07229869794370268f,-0.2308483997874265f,-0.9702999096110593f,-0.07134995759645431f,0f,0f,0f,1f],start_interpolation:0}
execute if entity @s[tag=aj.louvert.bone.coat_2] run data modify entity @s {} merge value {transformation:[-1f,-2.836193701170034e-17f,1.1913521039374934e-16f,-0.002694999999999976f,0f,0.9728128181668045f,0.23159279092916452f,0.8057174825565276f,-1.2246467991473532e-16f,0.23159279092916452f,-0.9728128181668045f,-0.19263744629783675f,0f,0f,0f,1f],start_interpolation:0}
execute if entity @s[tag=aj.louvert.bone.right_leg_1] run data modify entity @s {} merge value {transformation:[-0.9999323973986896f,-0.009200222659357457f,-0.007110311914913164f,-0.125723447984324f,-0.011282240484434965f,0.9156154536273703f,0.40189681776346003f,0.7365211039963082f,0.002812771259894278f,0.401949868742064f,-0.9156573547654585f,0.2306918755850439f,0f,0f,0f,1f],start_interpolation:0}
execute if entity @s[tag=aj.louvert.bone.right_leg_0] run data modify entity @s {} merge value {transformation:[-0.9999323973986896f,-0.008135482430987662f,0.008307500112801782f,-0.12769499999999998f,-0.011282240484434965f,0.5060121791645101f,-0.8624525410634691f,0.8359556221241669f,0.002812771259894278f,-0.8624879642422837f,-0.506069757894147f,-0.07134995759645435f,0f,0f,0f,1f],start_interpolation:0}
execute if entity @s[tag=aj.louvert.bone.left_leg_1] run data modify entity @s {} merge value {transformation:[-0.9998478962893084f,0.017361852596380657f,0.0016584210159259233f,0.1231273027867284f,0.016922884028009486f,0.9887587339862024f,-0.14855901844781164f,0.958587222502178f,-0.004219038044276925f,-0.14850835680332683f,-0.9889021527317843f,0.22566150017953904f,0f,0f,0f,1f],start_interpolation:0}
execute if entity @s[tag=aj.louvert.bone.left_leg_0] run data modify entity @s {} merge value {transformation:[-0.9998478962893084f,0.0020723000382329194f,-0.017317328269570175f,0.12230500000000001f,0.016922884028009486f,-0.12491936472138f,-0.9920225644176556f,0.8359556221241669f,-0.004219038044276925f,-0.9921647332424988f,0.12486529472925033f,-0.07134995759645432f,0f,0f,0f,1f],start_interpolation:0}
execute if entity @s[tag=aj.louvert.bone.body_1] run data modify entity @s {} merge value {transformation:[-1f,2.962483266694436e-17f,1.18827467851815e-16f,-0.0026949999999999817f,0f,0.9702999096110593f,-0.24190511654111463f,1.139174343877623f,-1.2246467991473532e-16f,-0.24190511654111463f,-0.9702999096110593f,-0.14694530651555265f,0f,0f,0f,1f],start_interpolation:0}
execute if entity @s[tag=aj.louvert.locator_origin.locator] at @s on origin run tp @s ^0.477 ^1.35861 ^0.84997 ~-36.20234 ~-19.92337
execute if entity @s[tag=aj.louvert.bone.sword_0] run data modify entity @s {} merge value {transformation:[-0.4684862126217992f,-0.6871501977654378f,-0.5552884604367372f,-0.028219471098395007f,-0.6255318657370226f,0.7018478362422638f,-0.34076311377496793f,1.0778303276337338f,0.6238834454694575f,0.18770780610558527f,-0.7586403798877216f,0.18907072277887688f,0f,0f,0f,1f],start_interpolation:0}
execute if entity @s[tag=aj.louvert.bone.right_arm_1] run data modify entity @s {} merge value {transformation:[0.8610380691786041f,-0.44525861119354304f,-0.24567908454562923f,-0.34583070327908133f,-0.48140762774934304f,-0.5579747731901596f,-0.6759518092498457f,1.2659309734984276f,0.16389063234343546f,0.700292025973013f,-0.6947884131076755f,0.12212637072541827f,0f,0f,0f,1f],start_interpolation:0}
execute if entity @s[tag=aj.louvert.bone.right_arm_0] run data modify entity @s {} merge value {transformation:[0.11238910897191859f,-0.9628138322652617f,-0.24567908454562923f,-0.32435974011479596f,-0.7317852940572207f,0.08705995045626402f,-0.6759518092498457f,1.4558223016529295f,0.6722045608191639f,0.2557539626774785f,-0.6947884131076755f,-0.07020895162644791f,0f,0f,0f,1f],start_interpolation:0}
execute if entity @s[tag=aj.louvert.locator_origin.locator2] at @s on origin run tp @s ^-0.48841 ^1.35703 ^0.85985 ~36.12134 ~-20.3443
execute if entity @s[tag=aj.louvert.bone.sword_1] run data modify entity @s {} merge value {transformation:[-0.4684458118070359f,0.6892416293301159f,0.5527246129844536f,0.014611426823513822f,0.6220376826032533f,0.7015704848655804f,-0.3476607199369072f,1.0701915428900413f,-0.6273975157920386f,0.18095532919436663f,-0.7573820211849086f,0.19987847865668756f,0f,0f,0f,1f],start_interpolation:0}
execute if entity @s[tag=aj.louvert.bone.left_arm_1] run data modify entity @s {} merge value {transformation:[0.8617937701269045f,0.44555491992158786f,0.24247125830523394f,0.33251131463129613f,0.4781343541860715f,-0.5538648219831735f,-0.6816313507436522f,1.257036689976407f,-0.1694079015793673f,0.7033594900925236f,-0.6903523669686813f,0.13082164412179131f,0f,0f,0f,1f],start_interpolation:0}
execute if entity @s[tag=aj.louvert.bone.left_arm_0] run data modify entity @s {} merge value {transformation:[0.11256607247547254f,0.9636060233432142f,0.24247125830523394f,0.31896974011479595f,0.7265475819801452f,0.08664475057490967f,-0.6816313507436522f,1.4558223016529295f,-0.6778329369735959f,0.25289547045071514f,-0.6903523669686813f,-0.07020895162644784f,0f,0f,0f,1f],start_interpolation:0}
execute if entity @s[tag=aj.louvert.bone.wing_0] run data modify entity @s {} merge value {transformation:[-0.9981934014590245f,-7.55640512203096e-17f,0.06008272034173192f,-0.0026949999999999344f,0.037072678918682114f,0.7869417429202326f,0.6159125828617719f,1.542318450904725f,-0.04728160066511147f,0.6170273034879954f,-0.7855200551156402f,-0.5350464536733516f,0f,0f,0f,1f],start_interpolation:0}
execute if entity @s[tag=aj.louvert.bone.wing_1] run data modify entity @s {} merge value {transformation:[-0.9981934014590245f,-7.55640512203096e-17f,-0.060082720341731725f,-0.0026949999999999587f,-0.037072678918682114f,0.7869417429202326f,0.6159125828617719f,1.388061625032726f,0.04728160066511122f,0.6170273034879954f,-0.7855200551156402f,-0.33831101794329355f,0f,0f,0f,1f],start_interpolation:0}
execute if entity @s[tag=aj.louvert.bone.body_0] run data modify entity @s {} merge value {transformation:[-1f,-7.55640512203096e-17f,9.637256865827021e-17f,-0.006078749999999997f,0f,0.7869417429202326f,0.6170273034879954f,1.3906952879008747f,-1.2246467991473532e-16f,0.6170273034879954f,-0.7869417429202326f,-0.021077348305393588f,0f,0f,0f,1f],start_interpolation:0}