execute if entity @s[tag=aj.louvert.bone.head] run data modify entity @s {} merge value {transformation:[-0.9995495635189787f,0.010025424535221265f,-0.028287116005484f,-0.0001340563146269777f,0.007100569210115266f,-0.8367904827059469f,-0.547477186711593f,1.5948527716024976f,-0.029159080676720392f,-0.5474314376391225f,0.8363423755247918f,-0.412718786409101f,0f,0f,0f,1f],start_interpolation:0}
execute if entity @s[tag=aj.louvert.bone.coat_0] run data modify entity @s {} merge value {transformation:[-0.9541977936313418f,0.2958320277797031f,-0.04460921394541806f,-0.23503936600619602f,-0.04109547376530662f,-0.27729856258495333f,-0.9599045104719135f,1.9704275549880492f,-0.2963405687128984f,-0.9141055292076881f,0.27675503393226336f,0.283433193111143f,0f,0f,0f,1f],start_interpolation:0}
execute if entity @s[tag=aj.louvert.bone.coat_1] run data modify entity @s {} merge value {transformation:[-0.7965071325298093f,-0.6029812649330927f,-0.04460921394541806f,0.2641187795084668f,0.20138575637012507f,-0.19500540481460737f,-0.9599045104719135f,1.9438700305587906f,0.5701053981154478f,-0.7735544494298888f,0.27675503393226336f,0.27177799416165926f,0f,0f,0f,1f],start_interpolation:0}
execute if entity @s[tag=aj.louvert.bone.coat_2] run data modify entity @s {} merge value {transformation:[-0.9983162910293255f,-0.03263601658024243f,-0.04795282564380333f,0.00896355500795812f,0.053115048858517214f,-0.1821163302885244f,-0.9818413486032246f,1.8371607289644307f,0.023310397898967494f,-0.9827352301937765f,0.18354316300471832f,0.31219997287793405f,0f,0f,0f,1f],start_interpolation:0}
execute if entity @s[tag=aj.louvert.bone.right_leg_1] run data modify entity @s {} merge value {transformation:[-0.9967228668074888f,0.08063687127355189f,0.006420418543469662f,-0.13938502430831995f,0.02405270312237045f,0.3712140695867373f,-0.9282357362294129f,2.036563798288598f,-0.07723337526981337f,-0.925039355666593f,-0.37193708636322687f,0.6791833796115034f,0f,0f,0f,1f],start_interpolation:0}
execute if entity @s[tag=aj.louvert.bone.right_leg_0] run data modify entity @s {} merge value {transformation:[-0.9967228668074888f,0.07112458118823971f,-0.03853337169075922f,-0.11024982962753031f,0.02405270312237045f,-0.1942271010768095f,-0.9806616647344822f,1.9637881738807346f,-0.07723337526981337f,-0.9783747375919393f,0.1918798545609619f,0.2805193933737721f,0f,0f,0f,1f],start_interpolation:0}
execute if entity @s[tag=aj.louvert.bone.left_leg_1] run data modify entity @s {} merge value {transformation:[-0.9986666917032162f,0.0040605849757709735f,-0.05146212716365033f,0.1530887640238319f,0.05005264104635143f,0.320113515163642f,-0.9460560609889153f,2.138407074215667f,0.01263218139666578f,-0.94737049197198f,-0.3198899481601919f,0.6179738302673461f,0f,0f,0f,1f],start_interpolation:0}
execute if entity @s[tag=aj.louvert.bone.left_leg_0] run data modify entity @s {} merge value {transformation:[-0.9986666917032162f,-0.0317166937563615f,-0.0407294760550434f,0.13932924312980105f,0.05005264104635143f,-0.40185751281956894f,-0.9143332393141765f,1.9505094116661053f,0.01263218139666578f,-0.9151527690651626f,0.4029092171513661f,0.2746917938990302f,0f,0f,0f,1f],start_interpolation:0}
execute if entity @s[tag=aj.louvert.bone.body_1] run data modify entity @s {} merge value {transformation:[-0.9983162910293255f,-0.037075613233266684f,-0.04460921394541806f,0.002953577615739538f,0.053115048858517214f,-0.27524920047192436f,-0.9599045104719135f,1.8711334176259435f,0.023310397898967494f,-0.9606577312148918f,0.27675503393226336f,-0.02259994736825255f,0f,0f,0f,1f],start_interpolation:0}
execute if entity @s[tag=aj.louvert.locator_origin.locator] at @s on origin run tp @s ^-0.25635 ^1.06048 ^-1.61875 ~-175.57492 ~45.50438
execute if entity @s[tag=aj.louvert.bone.sword_0] run data modify entity @s {} merge value {transformation:[-0.9432741810923025f,-0.3275816450278385f,-0.05407481045275376f,-0.31234182812731426f,0.19308360743366781f,-0.6737329858677066f,0.7133039915030523f,1.6689349078223983f,-0.2700972784480572f,0.6624002789814025f,0.6987655762702626f,-0.9882603217545713f,0f,0f,0f,1f],start_interpolation:0}
execute if entity @s[tag=aj.louvert.bone.right_arm_1] run data modify entity @s {} merge value {transformation:[0.01218893550405742f,-0.9974791556103098f,-0.06990539302672898f,-0.30634000340427364f,-0.1911160448082606f,-0.07094573692679673f,0.9790001837736095f,1.73879277389523f,-0.9814917662762762f,0.0014270721275585693f,-0.19149902401061455f,-0.6197170397622789f,0f,0f,0f,1f],start_interpolation:0}
execute if entity @s[tag=aj.louvert.bone.right_arm_0] run data modify entity @s {} merge value {transformation:[-0.014867696730797068f,-0.9974791556103098f,-0.0693850539876173f,-0.2895041280444731f,0.1892869897360548f,-0.07094573692679673f,0.9793554706686316f,1.684076542371849f,-0.9818092417117408f,0.0014270721275585693f,0.18986462639090756f,-0.3313284134110495f,0f,0f,0f,1f],start_interpolation:0}
execute if entity @s[tag=aj.louvert.locator_origin.locator2] at @s on origin run tp @s ^0.27255 ^1.64724 ^-1.84242 ~178.16465 ~12.76298
execute if entity @s[tag=aj.louvert.bone.sword_1] run data modify entity @s {} merge value {transformation:[-0.9900864654546628f,-0.13694194725749856f,0.031236100986159643f,0.29639951483221905f,0.1404591742679006f,-0.9651250256316604f,0.22091832260694724f,1.8159896349897362f,-0.00010624251775544344f,0.22311563813595023f,0.9747919781839178f,-0.981128004417475f,0f,0f,0f,1f],start_interpolation:0}
execute if entity @s[tag=aj.louvert.bone.left_arm_1] run data modify entity @s {} merge value {transformation:[-0.0018841248419118675f,0.992163897542581f,-0.1249289817724242f,0.28568308263319175f,-0.012524724843362645f,0.12489599104451901f,0.992090783491413f,1.807408060812508f,0.9999197874535628f,0.003433924012269135f,0.012191260176856844f,-0.6062256054928075f,0f,0f,0f,1f],start_interpolation:0}
execute if entity @s[tag=aj.louvert.bone.left_arm_0] run data modify entity @s {} merge value {transformation:[-0.028122432251673248f,0.9927866452056733f,-0.11654958560850667f,0.2728960985669099f,-0.391173287271919f,0.09636730216263054f,0.9152577792069168f,1.6847782624618783f,0.919887269250494f,0.07133035942122304f,0.3856415326384184f,-0.3190481366885857f,0f,0f,0f,1f],start_interpolation:0}
execute if entity @s[tag=aj.louvert.bone.wing_0] run data modify entity @s {} merge value {transformation:[-0.9909954529146363f,0.017225354800778216f,0.13278290347218036f,-0.018343042583992955f,-0.1110390163382137f,-0.6598925348057908f,-0.74310980302929f,1.4460276087844508f,0.07482211673801381f,-0.7511625188064001f,0.6558631878580072f,0.17522982208591353f,0f,0f,0f,1f],start_interpolation:0}
execute if entity @s[tag=aj.louvert.bone.wing_1] run data modify entity @s {} merge value {transformation:[-0.9832726400696703f,0.017225354800778216f,-0.18132347460383635f,-0.012199157305693722f,0.1250637608283264f,-0.6598925348057908f,-0.7408784638758663f,1.6338592196132196f,-0.13241590168063636f,-0.7511625188064001f,0.6467000072077691f,0.010361575758256303f,0f,0f,0f,1f],start_interpolation:0}
execute if entity @s[tag=aj.louvert.bone.body_0] run data modify entity @s {} merge value {transformation:[-0.9995495635189787f,0.017225354800778216f,-0.024575541113196927f,-0.006078749999999966f,0.007100569210115266f,-0.6598925348057908f,-0.7513264433150749f,1.6896905317164888f,-0.029159080676720392f,-0.7511625188064001f,0.659472985310629f,-0.3018899131082238f,0f,0f,0f,1f],start_interpolation:0}