execute if entity @s[tag=aj.louvert.bone.head] run data modify entity @s {} merge value {transformation:[-0.9999092076135178f,0.0035889022217756045f,0.012988314384462813f,-0.0024420004723293034f,0.003030080870189683f,0.9990794190227757f,-0.0427917409675377f,1.5934781139793635f,-0.013129932963546313f,-0.042748500160301156f,-0.9989995848820046f,-0.04187318248809614f,0f,0f,0f,1f],start_interpolation:0}
execute if entity @s[tag=aj.louvert.bone.coat_0] run data modify entity @s {} merge value {transformation:[-0.9058339596824646f,0.423434945033761f,0.01294931697978049f,-0.252845828088983f,0.4169466247528398f,0.8857110020420392f,0.20413606484132374f,0.7173503892954726f,0.07496899087757282f,0.19031255393678675f,-0.9788568752482949f,-0.13779322079772616f,0f,0f,0f,1f],start_interpolation:0}
execute if entity @s[tag=aj.louvert.bone.coat_1] run data modify entity @s {} merge value {transformation:[-0.9043151765592442f,-0.4266689309457394f,0.01294931697978049f,0.2471106945675979f,-0.41532697335093466f,0.8864716420947997f,0.20413606484132374f,0.717249112755096f,-0.09857771884038982f,0.1792251408909169f,-0.9788568752482949f,-0.13120040681566297f,0f,0f,0f,1f],start_interpolation:0}
execute if entity @s[tag=aj.louvert.bone.coat_2] run data modify entity @s {} merge value {transformation:[-0.9999130453131618f,-0.009529015551259472f,0.009115902324110844f,-0.001248902138219991f,0.00020255308075324031f,0.6800902833633431f,0.7331283417294797f,0.7428167591304498f,-0.013185627964126385f,0.733066439238212f,-0.6800292161942753f,-0.2568539232127314f,0f,0f,0f,1f],start_interpolation:0}
execute if entity @s[tag=aj.louvert.bone.right_leg_1] run data modify entity @s {} merge value {transformation:[-0.9829932538330004f,0.1809147731090845f,0.031529474935351944f,-0.20954875948590612f,0.181940428106129f,0.9361098583669947f,0.3009917169768683f,0.281176132646768f,0.024938795868465886f,0.30160931341557273f,-0.9531053868915115f,-0.1742230982763661f,0f,0f,0f,1f],start_interpolation:0}
execute if entity @s[tag=aj.louvert.bone.right_leg_0] run data modify entity @s {} merge value {transformation:[-0.9829932538330004f,0.18316690339230096f,-0.013196530623084114f,-0.12785669742483777f,0.181940428106129f,0.9811278236102401f,0.06546658963465074f,0.7173250701603784f,0.024938795868465886f,0.06195223353123555f,-0.9977674965747894f,-0.13614501730221035f,0f,0f,0f,1f],start_interpolation:0}
execute if entity @s[tag=aj.louvert.bone.left_leg_1] run data modify entity @s {} merge value {transformation:[-0.959961205903154f,-0.24620764794608635f,-0.13362738212588937f,0.2052947604399566f,-0.27142489466391273f,0.6994673449757657f,0.6611156932559056f,0.3939555170334751f,-0.06930374966512491f,0.6709152162571728f,-0.7382884008820297f,-0.018659112627845253f,0f,0f,0f,1f],start_interpolation:0}
execute if entity @s[tag=aj.louvert.bone.left_leg_0] run data modify entity @s {} merge value {transformation:[-0.959961205903154f,-0.24726525683210784f,0.13166007718634457f,0.12212156390345266f,-0.27142489466391273f,0.9372641765926538f,-0.21877931765315056f,0.71727443189019f,-0.06930374966512491f,-0.24575548018273385f,-0.966851195501411f,-0.13284861031117878f,0f,0f,0f,1f],start_interpolation:0}
execute if entity @s[tag=aj.louvert.bone.body_1] run data modify entity @s {} merge value {transformation:[-0.9999130453131618f,-0.002493391729360443f,0.01294931697978049f,-0.0036467516761176906f,0.00020255308075324031f,0.9789425039313331f,0.20413606484132374f,1.0232192835038258f,-0.013185627964126385f,0.204120937177781f,-0.9788568752482949f,-0.07070902093863801f,0f,0f,0f,1f],start_interpolation:0}
execute if entity @s[tag=aj.louvert.locator_origin.locator] at @s on origin run tp @s ^-1.81115 ^1.24819 ^-0.23054 ~98.68665 ~7.82446
execute if entity @s[tag=aj.louvert.bone.sword_0] run data modify entity @s {} merge value {transformation:[-0.1617168252289751f,-0.12152692944850366f,0.979325724086057f,-0.9548579169664163f,0.971236835208879f,-0.19535948599141328f,0.1361384632152546f,1.3625775411919216f,0.17477608066123268f,0.9731730969627083f,0.14962434620311327f,-0.07388105535015223f,0f,0f,0f,1f],start_interpolation:0}
execute if entity @s[tag=aj.louvert.bone.right_arm_1] run data modify entity @s {} merge value {transformation:[-0.9854429647820578f,0.06690256453195594f,0.156288867231789f,-0.5864207556436503f,-0.14952428623446545f,0.0963830868509161f,-0.9840491798661094f,1.4202079710448199f,-0.08089901722284357f,-0.9930933226178378f,-0.08497647665231728f,-0.03297768427515983f,0f,0f,0f,1f],start_interpolation:0}
execute if entity @s[tag=aj.louvert.bone.right_arm_0] run data modify entity @s {} merge value {transformation:[-0.9878657697632083f,0.008182894323107617f,0.15509436214976058f,-0.27497235386488644f,-0.15379958352884207f,0.0873934445035443f,-0.9842296855735255f,1.4689586300210817f,-0.021608078038061338f,-0.9961402642691959f,-0.08507446658779746f,-0.02919223049980066f,0f,0f,0f,1f],start_interpolation:0}
execute if entity @s[tag=aj.louvert.locator_origin.locator2] at @s on origin run tp @s ^1.76828 ^1.2626 ^-0.42266 ~-105.97381 ~7.24443
execute if entity @s[tag=aj.louvert.bone.sword_1] run data modify entity @s {} merge value {transformation:[-0.17648031616583365f,0.24348738471234196f,-0.953713055112465f,0.9376413009783344f,-0.9697606577128796f,-0.2089555424977092f,0.12610252975960085f,1.3678256501902835f,-0.16857925364139717f,0.9471280139165095f,0.27300102654802866f,-0.15840342519659303f,0f,0f,0f,1f],start_interpolation:0}
execute if entity @s[tag=aj.louvert.bone.left_arm_1] run data modify entity @s {} merge value {transformation:[-0.9667090250011369f,-0.2005345872729542f,-0.15893250230402048f,0.5776282801673951f,0.1385263542569712f,0.11207261339167138f,-0.9839970419182332f,1.421168283928069f,0.21513742156497012f,-0.9732551611138917f,-0.08056228154384323f,-0.06737880036130524f,0f,0f,0f,1f],start_interpolation:0}
execute if entity @s[tag=aj.louvert.bone.left_arm_0] run data modify entity @s {} merge value {transformation:[-0.9778513484018898f,-0.1361881057214194f,-0.15893250230402048f,0.2694234556919636f,0.14563228420768928f,0.1026696610134549f,-0.9839970419182332f,1.4673317339911658f,0.15032623930989822f,-0.9853485376085935f,-0.08056228154384323f,-0.023200984129925804f,0f,0f,0f,1f],start_interpolation:0}
execute if entity @s[tag=aj.louvert.bone.wing_0] run data modify entity @s {} merge value {transformation:[-0.9097496804505059f,0.0027709126250432116f,0.4151479747793874f,0.003199028720178955f,0.010703885818276476f,0.9998018566255068f,0.016783155739572234f,1.259633223503869f,-0.4150192113006238f,0.019712167090754202f,-0.9095990791112283f,-0.5485089790846791f,0f,0f,0f,1f],start_interpolation:0}
execute if entity @s[tag=aj.louvert.bone.wing_1] run data modify entity @s {} merge value {transformation:[-0.9220319550321097f,0.0027709126250432116f,-0.3871038567915465f,-0.00009773648350447622f,-0.00507633112806978f,0.9998018566255068f,0.019247814173760786f,1.2547147246341073f,0.38708048873838113f,0.019712167090754202f,-0.9218351944391374f,-0.298579109505111f,0f,0f,0f,1f],start_interpolation:0}
execute if entity @s[tag=aj.louvert.bone.body_0] run data modify entity @s {} merge value {transformation:[-0.9999092076135178f,0.0027709126250432116f,0.013187060814733724f,-0.006203699497021434f,0.003030080870189683f,0.9998018566255068f,0.019673995479046632f,1.447620625f,-0.013129932963546313f,0.019712167090754202f,-0.9997194783182726f,-0.04677438771499931f,0f,0f,0f,1f],start_interpolation:0}