execute if entity @s[tag=aj.louvert.bone.head] run data modify entity @s {} merge value {transformation:[-0.9999786339969314f,-0.002037418982976645f,-0.006211318178853401f,-0.0027331860402120306f,-0.006309211534761717f,0.5494288584709011f,0.8355166804613612f,1.3809620246847845f,0.0017103799112413716f,0.8355380173297027f,-0.5494299738795736f,0.07408669946735866f,0f,0f,0f,1f],start_interpolation:0}
execute if entity @s[tag=aj.louvert.bone.coat_0] run data modify entity @s {} merge value {transformation:[-0.9869257689766802f,0.15877858490183613f,0.02769273381880481f,-0.21894591360098747f,0.13427477070585506f,0.7149408472972273f,0.6861704386067742f,0.96522957878728f,0.08915050466306297f,0.6809177232547949f,-0.7269135035723495f,-0.5694681055706002f,0f,0f,0f,1f],start_interpolation:0}
execute if entity @s[tag=aj.louvert.bone.coat_1] run data modify entity @s {} merge value {transformation:[-0.7799902348226073f,-0.6251786513269745f,0.02769273381880481f,0.2798132555446469f,-0.43996688491692837f,0.5793093037045767f,0.6861704386067742f,0.9792903824049222f,-0.44502176773486973f,0.5230223557041361f,-0.7269135035723495f,-0.5371945096323943f,0f,0f,0f,1f],start_interpolation:0}
execute if entity @s[tag=aj.louvert.bone.coat_2] run data modify entity @s {} merge value {transformation:[-0.9975183382912688f,-0.06745114857383151f,0.020186810760911077f,0.03389526269918033f,-0.028121607235284517f,0.6445477404546451f,0.7640467168186222f,1.0580312854219478f,-0.06454719187641182f,0.7615829257742605f,-0.6448450257154718f,-0.644195495548041f,0f,0f,0f,1f],start_interpolation:0}
execute if entity @s[tag=aj.louvert.bone.right_leg_1] run data modify entity @s {} merge value {transformation:[-0.998820201636001f,0.016394889117334988f,0.045710090949902485f,-0.10977202937823484f,0.0480138762460158f,0.19246823408348845f,0.9801278725536867f,0.6907886013382651f,0.007271347306403761f,0.9811662379432009f,-0.19302834255294204f,-0.8573350787741651f,0f,0f,0f,1f],start_interpolation:0}
execute if entity @s[tag=aj.louvert.bone.right_leg_0] run data modify entity @s {} merge value {transformation:[-0.998820201636001f,0.038645410792841596f,0.029406411349748005f,-0.09425612131457886f,0.0480138762460158f,0.6952333418892235f,0.7171786862514631f,0.9687447796916905f,0.007271347306403761f,0.717744475806115f,-0.6962686227011492f,-0.5613997065860488f,0f,0f,0f,1f],start_interpolation:0}
execute if entity @s[tag=aj.louvert.bone.left_leg_1] run data modify entity @s {} merge value {transformation:[-0.9980452450084273f,-0.06245698116900666f,-0.0021941785075168495f,0.15319128138243376f,-0.021777243641666055f,0.31465651672917877f,0.948955756681644f,0.6778772195296975f,-0.05857849925902865f,0.9471485638394406f,-0.31540158122851186f,-0.40159583728043924f,0f,0f,0f,1f],start_interpolation:0}
execute if entity @s[tag=aj.louvert.bone.left_leg_0] run data modify entity @s {} merge value {transformation:[-0.9980452450084273f,-0.010321406254929305f,0.06163730598419441f,0.1551234632582383f,-0.021777243641666055f,0.9818890777829041f,-0.18820093142705158f,0.9757751815005117f,-0.05857849925902865f,-0.18917533534675957f,-0.9801944969856756f,-0.5452629086169458f,0f,0f,0f,1f],start_interpolation:0}
execute if entity @s[tag=aj.louvert.bone.body_1] run data modify entity @s {} merge value {transformation:[-0.9975183382912688f,-0.0647323510021593f,0.02769273381880481f,0.010204811283654948f,-0.028121607235284517f,0.7268970383683591f,0.6861704386067742f,1.1994153050862133f,-0.06454719187641182f,0.6836888315198969f,-0.7269135035723495f,-0.3396785477515295f,0f,0f,0f,1f],start_interpolation:0}
execute if entity @s[tag=aj.louvert.locator_origin.locator] at @s on origin run tp @s ^-0.35904 ^0.11819 ^0.48259 ~-3.67566 ~39.90221
execute if entity @s[tag=aj.louvert.bone.sword_0] run data modify entity @s {} merge value {transformation:[-0.9571751025622439f,-0.2853018362934622f,-0.04918013056648668f,-0.4096345928804197f,-0.24921612483172298f,0.7255314016052289f,0.6414791566439328f,0.7000455920580507f,-0.14733345227346445f,0.6262643591106962f,-0.7655624117920447f,-0.17296031098425313f,0f,0f,0f,1f],start_interpolation:0}
execute if entity @s[tag=aj.louvert.bone.right_arm_1] run data modify entity @s {} merge value {transformation:[-0.08045402226792514f,-0.8998096239044204f,-0.4288004093163837f,-0.3689743730879251f,-0.994559117235632f,0.04390716779927757f,0.09446863468541844f,1.0723018537923847f,-0.06617637512279712f,0.4340677381985811f,-0.8984463734863508f,-0.15032590840960303f,0f,0f,0f,1f],start_interpolation:0}
execute if entity @s[tag=aj.louvert.bone.right_arm_0] run data modify entity @s {} merge value {transformation:[-0.2300739635339719f,-0.8998096239044204f,-0.37068667636260483f,-0.2901425260010156f,-0.893088957310312f,0.04390716779927757f,0.4477323697771096f,1.334097895404798f,-0.3865980931589664f,0.4340677381985811f,-0.8137119349137136f,-0.04218856527163892f,0f,0f,0f,1f],start_interpolation:0}
execute if entity @s[tag=aj.louvert.locator_origin.locator2] at @s on origin run tp @s ^0.59348 ^-0.13175 ^-0.31096 ~-98.41197 ~84.75217
execute if entity @s[tag=aj.louvert.bone.sword_1] run data modify entity @s {} merge value {transformation:[-0.8103775841073243f,-0.578879568145569f,-0.09047992462406154f,0.4990032521846066f,-0.06580877437102506f,-0.06352048793852522f,0.9958083916235267f,0.7405176112409511f,-0.5822004606595224f,0.8129351715823661f,0.013380224668852442f,-0.2780438894110689f,0f,0f,0f,1f],start_interpolation:0}
execute if entity @s[tag=aj.louvert.bone.left_arm_1] run data modify entity @s {} merge value {transformation:[-0.23310083527073466f,0.9364596397398172f,0.26212085711453315f,0.4011527949411188f,0.9478592667233714f,0.15855985846561518f,0.2764445365168152f,1.0935931727967703f,0.21731730506961144f,0.312893135785584f,-0.9245923828885599f,-0.19740128340661567f,0f,0f,0f,1f],start_interpolation:0}
execute if entity @s[tag=aj.louvert.bone.left_arm_0] run data modify entity @s {} merge value {transformation:[-0.3975971418312352f,0.9034870322631029f,0.16008652454233363f,0.27238625295754226f,0.7656651859964343f,0.23054401484652998f,0.600505020937784f,1.3317108233464234f,0.5056415091353538f,0.3613317585693978f,-0.7834322079723735f,-0.041194970594664634f,0f,0f,0f,1f],start_interpolation:0}
execute if entity @s[tag=aj.louvert.bone.wing_0] run data modify entity @s {} merge value {transformation:[-0.9997642181050198f,-0.0003497598242423407f,0.021711422452794088f,-0.005876742923343036f,0.020511690120047686f,0.31291381933651563f,0.9495600098133101f,1.7482781830220957f,-0.007125922065072237f,0.9497814587242163f,-0.31283286575809566f,-0.4088553471328952f,0f,0f,0f,1f],start_interpolation:0}
execute if entity @s[tag=aj.louvert.bone.wing_1] run data modify entity @s {} merge value {transformation:[-0.9993955799555837f,-0.0003497598242423407f,-0.034761364088707926f,-0.004244849511985881f,-0.033125081675566236f,0.31291381933651563f,0.9492037034442193f,1.5108380411549764f,0.010545317881857965f,0.9497814587242163f,-0.3127362737746786f,-0.3306280120509929f,0f,0f,0f,1f],start_interpolation:0}
execute if entity @s[tag=aj.louvert.bone.body_0] run data modify entity @s {} merge value {transformation:[-0.9999786339969314f,-0.0003497598242423407f,-0.00652757364542862f,-0.006078749999999928f,-0.006309211534761717f,0.31291381933651563f,0.9497605674684774f,1.3371565216181844f,0.0017103799112413716f,0.9497814587242163f,-0.312909340327609f,-0.06513421988913315f,0f,0f,0f,1f],start_interpolation:0}