execute if entity @s[tag=aj.louvert.bone.head] run data modify entity @s {} merge value {transformation:[-0.9374421796626704f,0.06299398076597976f,-0.34239438981466513f,-0.00475056516041037f,-0.21376499087837786f,0.6721106746082541f,0.7089229646106865f,1.5715273883142458f,0.274784803917663f,0.7377662227731037f,-0.6165989880554772f,0.03191518094399143f,0f,0f,0f,1f],start_interpolation:0}
execute if entity @s[tag=aj.louvert.bone.coat_0] run data modify entity @s {} merge value {transformation:[-0.7892711498618439f,0.4840734335956284f,-0.37778825138257205f,-0.20877724032863565f,0.5054864796791059f,0.861508149733757f,0.04782391456106183f,0.8278792540578621f,0.34861794396930823f,-0.15322081721899752f,-0.9246561038101434f,-0.10800211002389126f,0f,0f,0f,1f],start_interpolation:0}
execute if entity @s[tag=aj.louvert.bone.coat_1] run data modify entity @s {} merge value {transformation:[-0.7064118657126643f,-0.5985468345064161f,-0.37778825138257205f,0.2541145833817405f,-0.6604791499492655f,0.7493198020060274f,0.04782391456106183f,0.8452745218780053f,0.25445936505196326f,0.2833046438447433f,-0.9246561038101434f,-0.2962268804435879f,0f,0f,0f,1f],start_interpolation:0}
execute if entity @s[tag=aj.louvert.bone.coat_2] run data modify entity @s {} merge value {transformation:[-0.9257836474207523f,0.15947214992272893f,-0.342772915451835f,-0.02455485989626908f,-0.034790535640286724f,0.8668928468101457f,0.4972790069762283f,0.8425548772880664f,0.37644954083939336f,0.4722980261957743f,-0.7970071001273361f,-0.3176965082100075f,0f,0f,0f,1f],start_interpolation:0}
execute if entity @s[tag=aj.louvert.bone.right_leg_1] run data modify entity @s {} merge value {transformation:[-0.913136566949667f,-0.05039287291676442f,-0.40452709236659423f,0.03412649777295422f,0.14595226948846124f,0.8861344797827617f,-0.4398449940277852f,0.7518119628879126f,0.38063045743942225f,-0.4606801950370013f,-0.8018068425563145f,0.18088521897168008f,0f,0f,0f,1f],start_interpolation:0}
execute if entity @s[tag=aj.louvert.bone.right_leg_0] run data modify entity @s {} merge value {transformation:[-0.913136566949667f,-0.3359356150468007f,-0.23093044979496316f,-0.09305428440104162f,0.14595226948846124f,0.25952065655693896f,-0.9546449412485374f,0.8322280710128979f,0.38063045743942225f,-0.9054260275491218f,-0.18794723596284413f,-0.15505830262881543f,0f,0f,0f,1f],start_interpolation:0}
execute if entity @s[tag=aj.louvert.bone.left_leg_1] run data modify entity @s {} merge value {transformation:[-0.8841264310252755f,-0.06527313284560518f,-0.4626660481286998f,0.2730833128545608f,-0.31519169129526664f,0.8142876139599041f,0.4874319229286444f,0.48171879179230015f,0.3449270237324668f,0.5767799406012717f,-0.7405067510962041f,-0.2321658020985736f,0f,0f,0f,1f],start_interpolation:0}
execute if entity @s[tag=aj.louvert.bone.left_leg_0] run data modify entity @s {} merge value {transformation:[-0.8841264310252755f,-0.34648772863978494f,-0.31347521092512426f,0.13839162745414646f,-0.31519169129526664f,0.9375281260817393f,-0.14729294125684425f,0.8409257049229696f,0.3449270237324668f,-0.03142080055799884f,-0.9381034493014918f,-0.24917068783866375f,0f,0f,0f,1f],start_interpolation:0}
execute if entity @s[tag=aj.louvert.bone.body_1] run data modify entity @s {} merge value {transformation:[-0.9257836474207523f,-0.014165990456961375f,-0.37778825138257205f,0.01824179950875199f,-0.034790535640286724f,0.9982497141627031f,0.04782391456106183f,1.1485299236437785f,0.37644954083939336f,0.05741805368048525f,-0.9246561038101434f,-0.18417135345858796f,0f,0f,0f,1f],start_interpolation:0}
execute if entity @s[tag=aj.louvert.locator_origin.locator] at @s on origin run tp @s ^0.78097 ^0.64429 ^0.04553 ~-114.86791 ~27.78778
execute if entity @s[tag=aj.louvert.bone.sword_0] run data modify entity @s {} merge value {transformation:[0.5640772605641674f,-0.19381866582650323f,-0.8026525829346456f,0.07151196619910172f,0.796016008864153f,0.3860284418646015f,0.4661979790856798f,1.0634816621603485f,0.21948885563146103f,-0.9018959844953415f,0.3720326268014266f,0.3485390442313101f,0f,0f,0f,1f],start_interpolation:0}
execute if entity @s[tag=aj.louvert.bone.right_arm_1] run data modify entity @s {} merge value {transformation:[0.7246472318565245f,-0.28278277148739245f,-0.6284268402229374f,-0.19564837381235164f,-0.6046542696664299f,0.17654242090523523f,-0.776676243871972f,1.2904107491471264f,0.33057465652531887f,0.9427972622843301f,-0.04305483355373036f,0.21486467773489396f,0f,0f,0f,1f],start_interpolation:0}
execute if entity @s[tag=aj.louvert.bone.right_arm_0] run data modify entity @s {} merge value {transformation:[0.45186243594016867f,-0.562473563950654f,-0.6924188247317271f,-0.32135204482039303f,-0.5105902431451748f,0.47340404728867763f,-0.7177647327750581f,1.434479082479913f,0.7315175613689449f,0.6778732166617509f,-0.073280007788501f,-0.008492021125505476f,0f,0f,0f,1f],start_interpolation:0}
execute if entity @s[tag=aj.louvert.locator_origin.locator2] at @s on origin run tp @s ^0.8023 ^0.85841 ^-1.15761 ~-148.68656 ~43.33852
execute if entity @s[tag=aj.louvert.bone.sword_1] run data modify entity @s {} merge value {transformation:[-0.9164068397950624f,-0.13159049269790785f,-0.37799794471445075f,0.4671433638474508f,-0.1819710703489954f,-0.7041793115345749f,0.6863075307489587f,1.4423776449610237f,-0.356489878584046f,0.6977216059706148f,0.6213690747284724f,-0.59412587751004f,0f,0f,0f,1f],start_interpolation:0}
execute if entity @s[tag=aj.louvert.bone.left_arm_1] run data modify entity @s {} merge value {transformation:[-0.38770917556121876f,0.09939868793131612f,-0.9164068397950624f,0.3231036663680405f,0.6247800382810593f,0.7592999626771749f,-0.18197107034899537f,1.6692345474240484f,0.6777399936193511f,-0.6431045541091853f,-0.35648987858404624f,-0.33234580682315984f,0f,0f,0f,1f],start_interpolation:0}
execute if entity @s[tag=aj.louvert.bone.left_arm_0] run data modify entity @s {} merge value {transformation:[-0.27292036163753797f,-0.29276779225260174f,-0.9164068397950624f,0.2624058088543302f,-0.36739845291678913f,0.9120882119347838f,-0.18197107034899537f,1.5179813250532097f,0.8891191444334026f,0.28702284485585194f,-0.35648987858404624f,-0.09910596594665813f,0f,0f,0f,1f],start_interpolation:0}
execute if entity @s[tag=aj.louvert.bone.wing_0] run data modify entity @s {} merge value {transformation:[-0.9981974298087164f,-0.04029811272186998f,-0.04447418615700516f,-0.16379850960316478f,-0.057625261409308376f,0.8506139563182753f,0.5226234079756477f,1.519316489342069f,0.016769626435355123f,0.5242441792024274f,-0.8514028542362256f,-0.5513016191372919f,0f,0f,0f,1f],start_interpolation:0}
execute if entity @s[tag=aj.louvert.bone.wing_1] run data modify entity @s {} merge value {transformation:[-0.5526974227396115f,-0.04029811272186998f,-0.8324071245538727f,-0.07734829925771616f,-0.4560706582243748f,0.8506139563182753f,0.26163992819016924f,1.3992226650859538f,0.6975135221655396f,0.5242441792024274f,-0.48851092819771846f,-0.3497976873970674f,0f,0f,0f,1f],start_interpolation:0}
execute if entity @s[tag=aj.louvert.bone.body_0] run data modify entity @s {} merge value {transformation:[-0.9374421796626704f,-0.04029811272186998f,-0.34580084138179445f,-0.002726606660919205f,-0.21376499087837786f,0.8506139563182753f,0.4803752970244603f,1.447620625f,0.274784803917663f,0.5242441792024274f,-0.8060157269608978f,-0.0452573328194823f,0f,0f,0f,1f],start_interpolation:0}