execute if entity @s[tag=aj.axia.bone.wing_right_1] run data modify entity @s {} merge value {transformation:[-0.6297499056500027f,-0.12385909696999355f,-0.5049934899343109f,0.08666678324334227f,-0.216682244768334f,0.7835196488111584f,0.07803979224369588f,1.130287107995148f,0.47266087798802753f,0.19416572423849981f,-0.637052439281862f,-0.7910000217427248f,0f,0f,0f,1f],start_interpolation:0}
execute if entity @s[tag=aj.axia.bone.wing_right_2] run data modify entity @s {} merge value {transformation:[-0.6163708141607207f,0.12398103263983022f,-0.4946875003438148f,0.08666678324334227f,0.09761798941957146f,0.790333197078445f,0.07644714342239597f,1.130287107995148f,0.5005574368566816f,-0.0014632639287914667f,-0.6240513690924362f,-0.7910000217427248f,0f,0f,0f,1f],start_interpolation:0}
execute if entity @s[tag=aj.axia.bone.wing_left_1] run data modify entity @s {} merge value {transformation:[-0.5052372603200429f,0.07626976314836201f,0.6370735267283003f,-0.020555820639440947f,0.216682244768334f,0.7835196488111584f,0.07803979224369588f,1.130287107995148f,-0.6039276115818f,0.21731159104055214f,-0.5049668868480099f,-0.8034008324312601f,0f,0f,0f,1f],start_interpolation:0}
execute if entity @s[tag=aj.axia.bone.wing_left_2] run data modify entity @s {} merge value {transformation:[-0.4858437929329491f,-0.12037406283992146f,0.6240720261828249f,-0.020555820639440947f,-0.09761798941957146f,0.790333197078445f,0.07644714342239597f,1.130287107995148f,-0.6280338661331937f,-0.02972410791217439f,-0.49466144017764246f,-0.8034008324312601f,0f,0f,0f,1f],start_interpolation:0}
execute if entity @s[tag=aj.axia.bone.blade] run data modify entity @s {} merge value {transformation:[-0.2590262561652378f,1.74196735213661f,0.9478687370660495f,-0.5070497761713796f,1.9543912128401713f,0.06200410317549796f,0.4201315012737378f,1.152302795165932f,0.3365418039265601f,0.980665710259908f,-1.7102731883913425f,-0.06736003820206657f,0f,0f,0f,1f],start_interpolation:0}
execute if entity @s[tag=aj.axia.bone.arm_right_2] run data modify entity @s {} merge value {transformation:[-0.13961912161828433f,-0.5793793051878662f,-0.8030106609495069f,-0.5447011720030954f,-0.00009544793902849236f,0.8109615945808952f,-0.5850993787421949f,1.1702496950812478f,0.9902052775905761f,-0.08161441560678348f,-0.11328104606214379f,-0.38498253287966067f,0f,0f,0f,1f],start_interpolation:0}
execute if entity @s[tag=aj.axia.bone.arm_right_1] run data modify entity @s {} merge value {transformation:[-0.7096538822483787f,-0.5500558940104563f,-0.44026115076640804f,-0.2958861109982428f,-0.3966008587665289f,0.8283518404829614f,-0.3956526092345936f,1.3142386931441392f,0.5823221842206048f,-0.10616845968953235f,-0.8059957394004611f,-0.5506498065787514f,0f,0f,0f,1f],start_interpolation:0}
execute if entity @s[tag=aj.axia.bone.arm_left_2] run data modify entity @s {} merge value {transformation:[0.24458892077946098f,0.9566870681702501f,0.1578800602601541f,0.4229440055295215f,0.2747730864260799f,0.08776428588515031f,-0.9574952642697278f,1.231530288327777f,-0.9298795679053417f,0.2775739247819955f,-0.241405686497428f,-0.09803993264015709f,0f,0f,0f,1f],start_interpolation:0}
execute if entity @s[tag=aj.axia.bone.arm_left_1] run data modify entity @s {} merge value {transformation:[-0.26287205022175814f,0.9518257045197192f,0.1578800602601541f,0.33023181757519315f,0.19489592275956977f,0.2126461807621764f,-0.9574952642697278f,1.3031378258230808f,-0.9449411963206523f,-0.22092856316646833f,-0.241405686497428f,-0.4426933045885305f,0f,0f,0f,1f],start_interpolation:0}
execute if entity @s[tag=aj.axia.bone.ear_edge_a1] run data modify entity @s {} merge value {transformation:[-0.975745636929433f,0.16940355698559845f,0.13864662597337984f,0.16772177094120894f,0.21855628549513118f,0.7897368864566608f,0.5731917656773429f,1.887874606495638f,-0.012393630773340623f,0.5895914560527199f,-0.8076065334467571f,-0.2037730587745172f,0f,0f,0f,1f],start_interpolation:0}
execute if entity @s[tag=aj.axia.bone.ear_edge_a2] run data modify entity @s {} merge value {transformation:[-0.9902331437947317f,0.014677671361624386f,0.13864662597337984f,0.05380966693549938f,0.09232342759193801f,0.8142036504937609f,0.5731917656773429f,1.9067139234343418f,-0.10447346863236767f,0.5803938158578484f,-0.8076065334467571f,-0.20995798587800624f,0f,0f,0f,1f],start_interpolation:0}
execute if entity @s[tag=aj.axia.bone.ear_edge_b1] run data modify entity @s {} merge value {transformation:[-0.9702279312876291f,0.17197584249899164f,0.17053466200772716f,0.04072815700650621f,0.22489054073785647f,0.3783509727112314f,0.8979280517586583f,1.9431523334321759f,0.08989997795306887f,0.9095465084563996f,-0.405762421767727f,-0.2669804527274909f,0f,0f,0f,1f],start_interpolation:0}
execute if entity @s[tag=aj.axia.bone.ear_edge_b2] run data modify entity @s {} merge value {transformation:[-0.9758850542968039f,-0.1362581735311111f,0.17053466200772716f,0.06866252471829427f,0.09696673381581665f,0.4293281570057955f,0.8979280517586583f,1.9436807153274263f,-0.19556536844036754f,0.8928107547223953f,-0.405762421767727f,-0.2540708617922452f,0f,0f,0f,1f],start_interpolation:0}
execute if entity @s[tag=aj.axia.bone.ear_right_2] run data modify entity @s {} merge value {transformation:[-0.9851857643737044f,0.018081447102209713f,0.17053466200772716f,0.12368932664469125f,0.16293463298338423f,0.40887347583264716f,0.8979280517586583f,2.0085693570789473f,-0.05349126143558064f,0.9124119365896196f,-0.405762421767727f,-0.16436489893221107f,0f,0f,0f,1f],start_interpolation:0}
execute if entity @s[tag=aj.axia.bone.ear_right_1] run data modify entity @s {} merge value {transformation:[-0.9851857643737044f,0.10092632353156171f,0.13864662597337984f,0.1009809038500899f,0.16293463298338423f,0.8030588428840443f,0.5731917656773429f,1.8278811174300376f,-0.05349126143558064f,0.5872907049189036f,-0.8076065334467571f,-0.29650530753896415f,0f,0f,0f,1f],start_interpolation:0}
execute if entity @s[tag=aj.axia.bone.ear_edge_a3] run data modify entity @s {} merge value {transformation:[-0.9728434627210353f,-0.22452184676315667f,0.05626310840157347f,-0.22628937232990104f,-0.13405130380458896f,0.7446800328622956f,0.6538209973719872f,1.8847395651544292f,-0.18869511119590618f,0.628523340045755f,-0.7545545480801855f,-0.24042965362217789f,0f,0f,0f,1f],start_interpolation:0}
execute if entity @s[tag=aj.axia.bone.ear_edge_a4] run data modify entity @s {} merge value {transformation:[-0.9959891003420062f,-0.06957136359820708f,0.05626310840157347f,-0.11226745314792702f,-0.015907287242414386f,0.7564820299307097f,0.6538209973719872f,1.8941952051888478f,-0.08804924879014277f,0.6503035935307437f,-0.7545545480801855f,-0.22373434162752245f,0f,0f,0f,1f],start_interpolation:0}
execute if entity @s[tag=aj.axia.bone.ear_edge_b3] run data modify entity @s {} merge value {transformation:[-0.9481129096980317f,-0.31767584438792307f,0.012805012938379705f,-0.08722433846135476f,-0.16707292309628152f,0.5320916317523507f,0.830039236293794f,1.9102167844978886f,-0.2704968554937302f,0.7848315445441404f,-0.5575579771256648f,-0.25234485281409613f,0f,0f,0f,1f],start_interpolation:0}
execute if entity @s[tag=aj.axia.bone.ear_edge_b4] run data modify entity @s {} merge value {transformation:[-0.9998761955701511f,-0.009144680191727705f,0.012805012938379705f,-0.11702748978105103f,0.005529564568975118f,0.5576775861808441f,0.830039236293794f,1.9148127222509421f,-0.01473151206898271f,0.8300072799052417f,-0.5575579771256648f,-0.24618732469111235f,0f,0f,0f,1f],start_interpolation:0}
execute if entity @s[tag=aj.axia.bone.ear_left_2] run data modify entity @s {} merge value {transformation:[-0.986135517249505f,-0.1654471917643186f,0.012805012938379705f,-0.1824890588427219f,-0.08177850840578287f,0.5516766641573128f,0.830039236293794f,1.9971299370264242f,-0.14439188752134444f,0.8174839967617472f,-0.5575579771256648f,-0.1811926813822884f,0f,0f,0f,1f],start_interpolation:0}
execute if entity @s[tag=aj.axia.bone.ear_left_1] run data modify entity @s {} merge value {transformation:[-0.986135517249505f,-0.15611279336442635f,0.05626310840157347f,-0.14736368033572603f,-0.08177850840578287f,0.7522169759839412f,0.6538209973719872f,1.8278811174300376f,-0.14439188752134444f,0.6401549943486582f,-0.7545545480801855f,-0.32522755511073626f,0f,0f,0f,1f],start_interpolation:0}
execute if entity @s[tag=aj.axia.bone.head] run data modify entity @s {} merge value {transformation:[-0.9933783367432638f,-0.039730199114436565f,0.10780070207338144f,-0.0061984331364624955f,0f,0.9383031551065544f,0.3458138070075939f,1.3361940689689409f,-0.11488899028708853f,0.34352394442805967f,-0.9320900275807058f,-0.4577946394823338f,0f,0f,0f,1f],start_interpolation:0}
execute if entity @s[tag=aj.axia.bone.body_1] run data modify entity @s {} merge value {transformation:[-0.9933783367432638f,-0.015456092418485202f,0.11384458395698044f,-0.0004023984795305442f,0f,0.9909094306817537f,0.13453066634029065f,0.9646030324632833f,-0.11488899028708853f,0.13363984957008093f,-0.9843479621138551f,-0.5079095830711141f,0f,0f,0f,1f],start_interpolation:0}
execute if entity @s[tag=aj.axia.bone.leg_left_2] run data modify entity @s {} merge value {transformation:[-0.9949533161581466f,-0.028687981389388238f,0.09615039464146308f,0.0977540387889725f,-0.02027024532093104f,0.9959663419769438f,0.08740802482435112f,0.5435008941333529f,-0.0982701166201417f,0.08501791207073489f,-0.9915215271523844f,-0.20467102622553662f,0f,0f,0f,1f],start_interpolation:0}
execute if entity @s[tag=aj.axia.bone.leg_left_1] run data modify entity @s {} merge value {transformation:[-0.9949533161581466f,0.06791656909527885f,0.07385958508029403f,0.12269443222031359f,-0.02027024532093104f,0.5848740054299681f,-0.8108708373883813f,0.6747123751142201f,-0.0982701166201417f,-0.8082757805443832f,-0.5805456457203274f,-0.48424956957261295f,0f,0f,0f,1f],start_interpolation:0}
execute if entity @s[tag=aj.axia.bone.leg_right_2] run data modify entity @s {} merge value {transformation:[-0.9918722096076478f,-0.09478222834243484f,0.08488727229970783f,-0.13622881037292012f,0.027004221249114065f,0.4951423785582264f,0.868392075614714f,0.3364450029874962f,-0.12433942191747195f,0.863626281528153f,-0.4885584448262913f,-0.5027387228400714f,0f,0f,0f,1f],start_interpolation:0}
execute if entity @s[tag=aj.axia.bone.leg_right_1] run data modify entity @s {} merge value {transformation:[-0.9918722096076478f,0.013178411213802164f,0.1265537407029999f,-0.1256339117471222f,0.027004221249114065f,0.9937663021770909f,0.10816334264435377f,0.6778341764458912f,-0.12433942191747195f,0.11070169888105112f,-0.9860450507061419f,-0.5131122368754882f,0f,0f,0f,1f],start_interpolation:0}
execute if entity @s[tag=aj.axia.bone.coat_downer] run data modify entity @s {} merge value {transformation:[-0.9933783367432638f,0.005196869881650801f,0.11477139291922842f,-0.008921943869988036f,0f,0.9989764261347736f,-0.045233837190706304f,0.7355875010818078f,-0.11488899028708853f,-0.04493431395301942f,-0.9923615406394913f,-0.502246448351629f,0f,0f,0f,1f],start_interpolation:0}
execute if entity @s[tag=aj.axia.bone.body_2] run data modify entity @s {} merge value {transformation:[-0.9933783367432638f,0.005196869881650801f,0.11477139291922842f,6.262707658972993e-17f,0f,0.9989764261347736f,-0.045233837190706304f,0.9587962962962963f,-0.11488899028708853f,-0.04493431395301942f,-0.9923615406394913f,-0.5113888888888889f,0f,0f,0f,1f],start_interpolation:0}