execute if entity @s[tag=aj.labyria.bone.wing_right_1] run data modify entity @s {} merge value {transformation:[-0.7823118179834477f,-0.09925235713574171f,0.21232435915569517f,0.18217411254693058f,-0.10966855410291337f,0.808852714022048f,-0.025971902213501173f,1.2327895825846718f,-0.2071363611943923f,-0.05339195694681448f,-0.7881549792071227f,-0.29352698683008377f,0f,0f,0f,1f],start_interpolation:0}
execute if entity @s[tag=aj.labyria.bone.wing_right_2] run data modify entity @s {} merge value {transformation:[-0.7452187193883761f,0.20344217179539603f,0.20799120896884427f,0.18217411254693058f,0.20396473507002844f,0.7731436467015133f,-0.02544186339281748f,1.2327895825846718f,-0.2074787871589815f,0.02932889872221974f,-0.7720701837130999f,-0.29352698683008377f,0f,0f,0f,1f],start_interpolation:0}
execute if entity @s[tag=aj.labyria.bone.wing_left_1] run data modify entity @s {} merge value {transformation:[-0.5606061346830832f,0.1375403107971409f,0.5777091561555547f,0.13306736564149618f,0.15651865412368923f,0.800591777339495f,-0.038719005825843054f,1.2345027594765632f,-0.5728587235186754f,0.08414222130808408f,-0.5759317788821344f,-0.32204922166686745f,0f,0f,0f,1f],start_interpolation:0}
execute if entity @s[tag=aj.labyria.bone.wing_left_2] run data modify entity @s {} merge value {transformation:[-0.5589227087592269f,-0.08567902215646864f,0.56591917337687f,0.13306736564149618f,-0.15846742361579352f,0.7832301578155206f,-0.037928822033478915f,1.2345027594765632f,-0.5499940738642745f,-0.1385987916635135f,-0.5641780691090297f,-0.32204922166686745f,0f,0f,0f,1f],start_interpolation:0}
execute if entity @s[tag=aj.labyria.bone.musket] run data modify entity @s {} merge value {transformation:[-0.00001472405472927908f,0.000002147618595166431f,0.000006546419690287953f,-0.48442138200281265f,0.0000034535947547325947f,0.000015666220652535823f,0.0000026282841928991464f,0.9406760923949379f,-0.000005961590363466607f,0.000003771329858054768f,-0.00001464589278611812f,-0.460356668480163f,0f,0f,0f,1f],start_interpolation:0}
execute if entity @s[tag=aj.labyria.bone.omega_blade] run data modify entity @s {} merge value {transformation:[-1.6249352071239624f,0.23700951476502038f,0.7224577761318384f,-0.48442138200281265f,0.3811360261344538f,1.7289119042906742f,0.29005539560218124f,0.9406760923949379f,-0.6579164673155311f,0.41620102456187064f,-1.6163093159795274f,-0.460356668480163f,0f,0f,0f,1f],start_interpolation:0}
execute if entity @s[tag=aj.labyria.bone.arm_right_2] run data modify entity @s {} merge value {transformation:[-0.49396317637660536f,-0.7252033644276328f,0.47966703097750707f,-0.32289779504978466f,-0.8472286768559993f,0.5254658010427676f,-0.07803371737470338f,1.1983639769059449f,-0.19545830628747202f,-0.44493344688540154f,-0.8739738430559054f,-0.3947148917935931f,0f,0f,0f,1f],start_interpolation:0}
execute if entity @s[tag=aj.labyria.bone.arm_right_1] run data modify entity @s {} merge value {transformation:[-0.15887940962149227f,-0.7252033644276328f,0.669953291969797f,-0.26800172267160344f,-0.7564729044909942f,0.5254658010427676f,0.3894026665361211f,1.4772435715976826f,-0.6344336671152353f,-0.44493344688540154f,-0.6320823916811718f,-0.15483435688710764f,0f,0f,0f,1f],start_interpolation:0}
execute if entity @s[tag=aj.labyria.bone.arm_left_2] run data modify entity @s {} merge value {transformation:[-0.27408952616513194f,0.7718595245273643f,0.5736791839024358f,0.4365681158033414f,0.850245883486662f,0.4732380786077026f,-0.23049437860753852f,1.1256097798524258f,-0.44939611620546843f,0.4245922695387669f,-0.7859799840882464f,0.17368427698447483f,0f,0f,0f,1f],start_interpolation:0}
execute if entity @s[tag=aj.labyria.bone.arm_left_1] run data modify entity @s {} merge value {transformation:[-0.4908567714063152f,0.7718595245273643f,0.40409467252236786f,0.24789504429403902f,0.8679955987279385f,0.4732380786077026f,0.1504305871311324f,1.4592455881134772f,-0.075121704942686f,0.4245922695387669f,-0.9022627854978964f,0.1448093716471299f,0f,0f,0f,1f],start_interpolation:0}
execute if entity @s[tag=aj.labyria.bone.himo_right_2] run data modify entity @s {} merge value {transformation:[-0.8643296619319664f,0.17467180372305532f,0.47161848616090857f,-0.2766125839677742f,0.030153689607045803f,0.9540612926796143f,-0.29809026286275275f,1.139966267252208f,-0.5020209064447958f,-0.2434272186807332f,-0.8298904739167139f,0.12296277445938011f,0f,0f,0f,1f],start_interpolation:0}
execute if entity @s[tag=aj.labyria.bone.himo_right_1] run data modify entity @s {} merge value {transformation:[-0.8643296619319664f,0.11161889704894953f,0.49038297006130693f,-0.25261914720821305f,0.030153689607045803f,0.9848077530122079f,-0.17101007166283436f,1.3235489079941043f,-0.5020209064447958f,-0.13302222155948906f,-0.8545642738049162f,0.09268008120569521f,0f,0f,0f,1f],start_interpolation:0}
execute if entity @s[tag=aj.labyria.bone.himo_left_2] run data modify entity @s {} merge value {transformation:[-0.8643296619319664f,0.17467180372305532f,0.47161848616090857f,-0.00650956461403477f,0.030153689607045803f,0.9540612926796143f,-0.29809026286275275f,1.130543239250006f,-0.5020209064447958f,-0.2434272186807332f,-0.8298904739167139f,0.27984430772337876f,0f,0f,0f,1f],start_interpolation:0}
execute if entity @s[tag=aj.labyria.bone.himo_left_1] run data modify entity @s {} merge value {transformation:[-0.8643296619319664f,0.11161889704894953f,0.49038297006130693f,0.017483872145526422f,0.030153689607045803f,0.9848077530122079f,-0.17101007166283436f,1.3141258799919024f,-0.5020209064447958f,-0.13302222155948906f,-0.8545642738049162f,0.24956161446969388f,0f,0f,0f,1f],start_interpolation:0}
execute if entity @s[tag=aj.labyria.bone.ribbon_left_himo_1] run data modify entity @s {} merge value {transformation:[-0.9991986257113801f,-0.016696815577104597f,-0.0363775030214189f,0.29020085940382134f,-0.019229166477070916f,0.9973325071971456f,0.07041384270477208f,1.728188644294842f,0.03510477934820688f,0.07105692392328461f,-0.9968543364150422f,0.0663601401387939f,0f,0f,0f,1f],start_interpolation:0}
execute if entity @s[tag=aj.labyria.bone.ribbon_left_himo_2] run data modify entity @s {} merge value {transformation:[-0.9991986257113801f,-0.016696815577104597f,-0.0363775030214189f,0.2853694722837891f,-0.019229166477070916f,0.9973325071971456f,0.07041384270477208f,1.7375404827790695f,0.03510477934820688f,0.07105692392328461f,-0.9968543364150422f,-0.06603457641632887f,0f,0f,0f,1f],start_interpolation:0}
execute if entity @s[tag=aj.labyria.bone.ribbon_left] run data modify entity @s {} merge value {transformation:[-0.9991986257113801f,-0.016696815577104597f,-0.0363775030214189f,0.28546917022994067f,-0.019229166477070916f,0.9973325071971456f,0.07041384270477208f,1.8394860230476986f,0.03510477934820688f,0.07105692392328461f,-0.9968543364150422f,0.007778615528251589f,0f,0f,0f,1f],start_interpolation:0}
execute if entity @s[tag=aj.labyria.bone.ribbon_right_himo_1] run data modify entity @s {} merge value {transformation:[-0.9991986257113801f,-0.016696815577104597f,-0.0363775030214189f,-0.3103799645628251f,-0.019229166477070916f,0.9973325071971456f,0.07041384270477208f,1.7166307134192176f,0.03510477934820688f,0.07105692392328461f,-0.9968543364150422f,0.08746030657577551f,0f,0f,0f,1f],start_interpolation:0}
execute if entity @s[tag=aj.labyria.bone.ribbon_right_himo_2] run data modify entity @s {} merge value {transformation:[-0.9991986257113801f,-0.016696815577104597f,-0.0363775030214189f,-0.31521135168285724f,-0.019229166477070916f,0.9973325071971456f,0.07041384270477208f,1.725982551903445f,0.03510477934820688f,0.07105692392328461f,-0.9968543364150422f,-0.044934409979347265f,0f,0f,0f,1f],start_interpolation:0}
execute if entity @s[tag=aj.labyria.bone.ribbon_right] run data modify entity @s {} merge value {transformation:[-0.9991986257113801f,-0.016696815577104597f,-0.0363775030214189f,-0.3140500051968873f,-0.019229166477070916f,0.9973325071971456f,0.07041384270477208f,1.827948523161456f,0.03510477934820688f,0.07105692392328461f,-0.9968543364150422f,0.02884148313717572f,0f,0f,0f,1f],start_interpolation:0}
execute if entity @s[tag=aj.labyria.bone.crown] run data modify entity @s {} merge value {transformation:[-0.9791274809192494f,0.19996513041690894f,-0.0363775030214189f,0.15021144889682053f,0.1970889043738616f,0.9778536979161342f,0.07041384270477208f,2.1180118528970233f,0.049652189090065545f,0.06177452621501945f,-0.9968543364150422f,0.04926841562024045f,0f,0f,0f,1f],start_interpolation:0}
execute if entity @s[tag=aj.labyria.bone.ear_edge_a1] run data modify entity @s {} merge value {transformation:[-0.9895087899664948f,0.13981785241152012f,-0.0363775030214189f,0.17612587519248324f,0.13702475370185185f,0.9880617934261471f,0.07041384270477208f,2.1161520429146154f,0.045788333142732326f,0.06469049789989181f,-0.9968543364150422f,0.031311395387168095f,0f,0f,0f,1f],start_interpolation:0}
execute if entity @s[tag=aj.labyria.bone.ear_edge_a2] run data modify entity @s {} merge value {transformation:[-0.9991986257113801f,-0.016696815577104604f,-0.0363775030214189f,0.06086490933128633f,-0.019229166477070916f,0.9973325071971456f,0.07041384270477208f,2.123987632553068f,0.03510477934820688f,0.07105692392328461f,-0.9968543364150422f,0.03607100763626714f,0f,0f,0f,1f],start_interpolation:0}
execute if entity @s[tag=aj.labyria.bone.ear_edge_b1] run data modify entity @s {} merge value {transformation:[-0.9735574815034924f,0.22552717681579687f,-0.0363775030214189f,0.0386184517846975f,0.22261859263175116f,0.9723594258144495f,0.07041384270477208f,2.119249958352392f,0.05125224310442939f,0.060453614840555385f,-0.9968543364150422f,0.03654818139504787f,0f,0f,0f,1f],start_interpolation:0}
execute if entity @s[tag=aj.labyria.bone.ear_edge_b2] run data modify entity @s {} merge value {transformation:[-0.9955999171012797f,-0.08635671567313974f,-0.0363775030214189f,0.06753556068041609f,-0.08875272404644764f,0.9935616964888907f,0.07041384270477208f,2.1297841702183997f,0.030062585422081782f,0.07333261844681249f,-0.9968543364150422f,0.036237024721959214f,0f,0f,0f,1f],start_interpolation:0}
execute if entity @s[tag=aj.labyria.bone.ear_right_2] run data modify entity @s {} merge value {transformation:[-0.9968515966373785f,0.07045261922338736f,-0.0363775030214189f,0.12238951815067776f,0.06776726173796979f,0.9952132881910716f,0.07041384270477208f,2.2375535794583894f,0.04116421404626201f,0.06772694775699901f,-0.9968543364150422f,0.0104990700020451f,0f,0f,0f,1f],start_interpolation:0}
execute if entity @s[tag=aj.labyria.bone.ear_right_1] run data modify entity @s {} merge value {transformation:[-0.9968515966373785f,0.07045261922338736f,-0.0363775030214189f,0.10653767882541564f,0.06776726173796979f,0.9952132881910716f,0.07041384270477208f,2.0136305896153988f,0.04116421404626201f,0.06772694775699901f,-0.9968543364150422f,-0.004739493243279654f,0f,0f,0f,1f],start_interpolation:0}
execute if entity @s[tag=aj.labyria.bone.ear_edge_a3] run data modify entity @s {} merge value {transformation:[-0.9842848751411354f,-0.1728003525526671f,-0.0363775030214189f,-0.21403775449797804f,-0.1750096007593835f,0.982045584684127f,0.07041384270477208f,2.1086435043762695f,0.02355682938004551f,0.07567369265527601f,-0.9968543364150422f,0.04501898842977044f,0f,0f,0f,1f],start_interpolation:0}
execute if entity @s[tag=aj.labyria.bone.ear_edge_a4] run data modify entity @s {} merge value {transformation:[-0.9991986257113802f,-0.01669681557710459f,-0.0363775030214189f,-0.09911330903950802f,-0.019229166477070916f,0.9973325071971456f,0.07041384270477208f,2.1209089175562705f,0.03510477934820689f,0.07105692392328461f,-0.9968543364150422f,0.04169151182023524f,0f,0f,0f,1f],start_interpolation:0}
execute if entity @s[tag=aj.labyria.bone.ear_edge_b3] run data modify entity @s {} merge value {transformation:[-0.96547883095371f,-0.257928874409563f,-0.0363775030214189f,-0.07672260152564507f,-0.2599345487368543f,0.9630555130045804f,0.07041384270477208f,2.117030267233255f,0.01687179164242461f,0.07743884436960796f,-0.9968543364150422f,0.04060045100597397f,0f,0f,0f,1f],start_interpolation:0}
execute if entity @s[tag=aj.labyria.bone.ear_edge_b4] run data modify entity @s {} merge value {transformation:[-0.9979293390561094f,0.053044429726064185f,-0.0363775030214189f,-0.10597368608601004f,0.05038807365847303f,0.9962444141818492f,0.07041384270477208f,2.126445056146853f,0.03997594631806761f,0.0684350472090195f,-0.9968543364150422f,0.042332913633207944f,0f,0f,0f,1f],start_interpolation:0}
execute if entity @s[tag=aj.labyria.bone.ear_left_2] run data modify entity @s {} merge value {transformation:[-0.9939411499110922f,-0.1037191775292419f,-0.0363775030214189f,-0.16659879254650875f,-0.10607924912433295f,0.9918614236176166f,0.07041384270477208f,2.231992118310094f,0.02877817608246659f,0.07384611399317027f,-0.9968543364150422f,0.02065207724223535f,0f,0f,0f,1f],start_interpolation:0}
execute if entity @s[tag=aj.labyria.bone.ear_left_1] run data modify entity @s {} merge value {transformation:[-0.9939411499110922f,-0.1037191775292419f,-0.0363775030214189f,-0.14326197760242937f,-0.10607924912433295f,0.9918614236176166f,0.07041384270477208f,2.008823297996131f,0.02877817608246659f,0.07384611399317027f,-0.9968543364150422f,0.004036701593772066f,0f,0f,0f,1f],start_interpolation:0}
execute if entity @s[tag=aj.labyria.bone.head] run data modify entity @s {} merge value {transformation:[-0.9991986257113801f,-0.016696815577104597f,-0.0363775030214189f,-0.008668234435821418f,-0.019229166477070916f,0.9973325071971456f,0.07041384270477208f,1.4978936012827033f,0.03510477934820688f,0.07105692392328461f,-0.9968543364150422f,-0.0056163713224671f,0f,0f,0f,1f],start_interpolation:0}
execute if entity @s[tag=aj.labyria.bone.back_musket] run data modify entity @s {} merge value {transformation:[0.8232826013450196f,0.9861998391319473f,0.9961286444248545f,0.014518110318831906f,-0.20327726927297202f,1.2270196842574297f,-1.0467844510054212f,1.4393816255583292f,-1.3869177159242363f,0.4055726967707742f,0.7447326214921571f,-0.24607572456414253f,0f,0f,0f,1f],start_interpolation:0}
execute if entity @s[tag=aj.labyria.bone.body_1] run data modify entity @s {} merge value {transformation:[-0.8643296619319664f,0.046656160099731434f,0.5007568653841112f,-0.026164294473220703f,0.030153689607045803f,0.9987038796504701f,-0.041003850723815655f,1.123379646413777f,-0.5020209064447958f,-0.020341177346634653f,-0.8646162420383382f,0.002011570182520895f,0f,0f,0f,1f],start_interpolation:0}
execute if entity @s[tag=aj.labyria.bone.belt2] run data modify entity @s {} merge value {transformation:[-0.45380481795288097f,0.2533822107668291f,0.8543176472891492f,-0.07211448974491325f,0.012845825110953238f,0.9604818880298956f,-0.2780459090577413f,0.37836078025159625f,-0.8910085139772634f,-0.11520415805621419f,-0.43912621191018364f,0.3873641936858039f,0f,0f,0f,1f],start_interpolation:0}
execute if entity @s[tag=aj.labyria.bone.leg_left_2] run data modify entity @s {} merge value {transformation:[-0.7660444431189785f,0.11161889704894956f,0.6330222215594886f,-0.012417759621872818f,0f,0.984807753012208f,-0.1736481776669303f,0.4681199081058172f,-0.6427876096865387f,-0.13302222155948906f,-0.7544065067354895f,0.20926438799888994f,0f,0f,0f,1f],start_interpolation:0}
execute if entity @s[tag=aj.labyria.bone.leg_left_1] run data modify entity @s {} merge value {transformation:[-0.7660444431189785f,0.2459841687565963f,0.593858316341247f,0.08136370471657951f,0f,0.9238795325112867f,-0.3826834323650897f,0.8203489798757453f,-0.6427876096865387f,-0.2931525168369744f,-0.7077327819916308f,0.09749999095479345f,0f,0f,0f,1f],start_interpolation:0}
execute if entity @s[tag=aj.labyria.bone.belt] run data modify entity @s {} merge value {transformation:[-0.9048809234248647f,0.42367479043067496f,-0.041111876328961794f,-0.32885187769229296f,0.33988570621500397f,0.6610087243029152f,-0.6689881711257387f,0.7740085344467141f,-0.2562581142763915f,-0.619327973168463f,-0.7421351901901374f,0.10553249001132987f,0f,0f,0f,1f],start_interpolation:0}
execute if entity @s[tag=aj.labyria.bone.leg_right_2] run data modify entity @s {} merge value {transformation:[-0.7972585072712951f,-0.1772476158752718f,0.5770287300040428f,-0.2848916025995639f,0.14318849626345787f,0.8731043153723531f,0.4660320901139581f,0.6612275913818919f,-0.5864093511544268f,0.45417192465486755f,-0.670710023582425f,0.13546612429112542f,0f,0f,0f,1f],start_interpolation:0}
execute if entity @s[tag=aj.labyria.bone.leg_right_1] run data modify entity @s {} merge value {transformation:[-0.7972585072712951f,0.4970226948315776f,0.3425599413327583f,-0.09925903263728442f,0.14318849626345787f,0.7070102351389815f,-0.6925558330896736f,0.8280697975256262f,-0.5864093511544268f,-0.5030953868115653f,-0.6348378569741768f,-0.07617316961464186f,0f,0f,0f,1f],start_interpolation:0}
execute if entity @s[tag=aj.labyria.bone.skirt_forward_right] run data modify entity @s {} merge value {transformation:[-0.7412396266908223f,0.3169665718306195f,0.5916891144555518f,-0.009766653491783076f,0.08022728420547169f,0.9170020545770403f,-0.3907311284892737f,1.038829321611432f,-0.6664288399313649f,-0.24215578507116356f,-0.7051476278512915f,0.011639444386455281f,0f,0f,0f,1f],start_interpolation:0}
execute if entity @s[tag=aj.labyria.bone.skirt_forward_left] run data modify entity @s {} merge value {transformation:[-0.7850191987847179f,0.18343622699511797f,0.5916891144555518f,-0.009766653491783076f,-0.08022728420547169f,0.9170020545770403f,-0.3907311284892737f,1.038829321611432f,-0.6142543776062275f,-0.35420104817360776f,-0.7051476278512915f,0.011639444386455281f,0f,0f,0f,1f],start_interpolation:0}
execute if entity @s[tag=aj.labyria.bone.skirt_forward] run data modify entity @s {} merge value {transformation:[-0.7660444431189785f,0.25115712811174407f,0.5916891144555518f,-0.009766653491783076f,0f,0.9205048534524404f,-0.3907311284892737f,1.038829321611432f,-0.6427876096865387f,-0.29931740973281573f,-0.7051476278512915f,0.011639444386455281f,0f,0f,0f,1f],start_interpolation:0}
execute if entity @s[tag=aj.labyria.bone.skirt_back_right] run data modify entity @s {} merge value {transformation:[-0.758246718674245f,0.12257462094222552f,0.6403416087687963f,-0.009766653491783076f,0.08682408883346518f,0.9924038765061041f,-0.08715574274765814f,1.038829321611432f,-0.6461605769605407f,-0.010488479228522432f,-0.76312941273777f,0.011639444386455281f,0f,0f,0f,1f],start_interpolation:0}
execute if entity @s[tag=aj.labyria.bone.skirt_back_left] run data modify entity @s {} merge value {transformation:[-0.7680121068012953f,-0.01095572389327601f,0.6403416087687963f,-0.009766653491783076f,-0.08682408883346518f,0.9924038765061041f,-0.08715574274765814f,1.038829321611432f,-0.6345226405770517f,-0.1225337423309666f,-0.76312941273777f,0.011639444386455281f,0f,0f,0f,1f],start_interpolation:0}
execute if entity @s[tag=aj.labyria.bone.skirt_back] run data modify entity @s {} merge value {transformation:[-0.7660444431189785f,0.05602263155122206f,0.6403416087687963f,-0.009766653491783076f,0f,0.9961946980917455f,-0.08715574274765814f,1.038829321611432f,-0.6427876096865387f,-0.06676517241775072f,-0.76312941273777f,0.011639444386455281f,0f,0f,0f,1f],start_interpolation:0}
execute if entity @s[tag=aj.labyria.bone.skirt_right] run data modify entity @s {} merge value {transformation:[-0.7534011848607945f,0.17795932586476268f,0.6330222215594885f,-0.1553972919198614f,0.0858316511774313f,0.9810602621904069f,-0.17364817766693033f,1.0634495154367372f,-0.651935259290757f,-0.0764934002947264f,-0.7544065067354894f,-0.11622621052929882f,0f,0f,0f,1f],start_interpolation:0}
execute if entity @s[tag=aj.labyria.bone.skirt_left] run data modify entity @s {} merge value {transformation:[-0.7728576406147457f,0.044428981029261155f,0.6330222215594885f,0.14144492978874273f,-0.0858316511774313f,0.9810602621904069f,-0.17364817766693033f,1.0634495154367372f,-0.6287479582468354f,-0.18853866339717057f,-0.7544065067354894f,0.13285398822423494f,0f,0f,0f,1f],start_interpolation:0}
execute if entity @s[tag=aj.labyria.bone.coat_downer] run data modify entity @s {} merge value {transformation:[-0.7660444431189785f,0.1336430587666342f,0.6287411581963058f,-0.025637465415930604f,0f,0.9781476007338056f,-0.20791169081775931f,0.8988019692300084f,-0.6427876096865387f,-0.15926959541041563f,-0.749304534092293f,0.03055354151444515f,0f,0f,0f,1f],start_interpolation:0}
execute if entity @s[tag=aj.labyria.bone.body_2] run data modify entity @s {} merge value {transformation:[-0.7660444431189785f,0.11161889704894955f,0.6330222215594885f,0f,0f,0.984807753012208f,-0.17364817766693033f,1.125f,-0.6427876096865387f,-0.13302222155948906f,-0.7544065067354894f,0f,0f,0f,0f,1f],start_interpolation:0}
execute if entity @s[tag=aj.labyria.bone.sphere] run data modify entity @s {} merge value {transformation:[-1f,0f,-6.106226635438361e-16f,0.791265931515573f,0f,1f,0f,2.09375f,6.106226635438361e-16f,0f,-1f,-0.2392627956832889f,0f,0f,0f,1f],start_interpolation:0}