execute if entity @s[tag=aj.labyria.bone.wing_right_1] run data modify entity @s {} merge value {transformation:[-0.757969128250616f,-0.09138870032403909f,0.2899574977760163f,0.21812583089664062f,-0.10754578263668316f,0.8091332553171618f,-0.026109849125580606f,1.317962793350271f,-0.2843609496757753f,-0.062417345645102984f,-0.7630120377206084f,-0.24773093154685716f,0f,0f,0f,1f],start_interpolation:0}
execute if entity @s[tag=aj.labyria.bone.wing_right_2] run data modify entity @s {} merge value {transformation:[-0.7202401032348289f,0.2014335456916245f,0.28403999782140377f,0.21812583089664062f,0.20599106350978352f,0.7726017726343355f,-0.02557699506179325f,1.317962793350271f,-0.2807523382741293f,0.05011015458350607f,-0.7474403634814124f,-0.24773093154685716f,0f,0f,0f,1f],start_interpolation:0}
execute if entity @s[tag=aj.labyria.bone.wing_left_1] run data modify entity @s {} merge value {transformation:[-0.4600594588096632f,0.12338260284889759f,0.6633750614233515f,0.17182400896419697f,0.15575855470988736f,0.8006320427859083f,-0.040890697519058605f,1.3197955411290327f,-0.6565279974524246f,0.10348676158397903f,-0.474558661476549f,-0.2834976392833959f,0f,0f,0f,1f],start_interpolation:0}
execute if entity @s[tag=aj.labyria.bone.wing_left_2] run data modify entity @s {} merge value {transformation:[-0.46261811822186655f,-0.06079980866864551f,0.6498367948636913f,0.17182400896419697f,-0.15917042692386646f,0.782981657866978f,-0.04005619348805741f,1.3197955411290327f,-0.632968602606585f,-0.15245690115483357f,-0.4648737908341705f,-0.2834976392833959f,0f,0f,0f,1f],start_interpolation:0}
execute if entity @s[tag=aj.labyria.bone.musket] run data modify entity @s {} merge value {transformation:[-0.000012716882134669225f,0.0000015084585594068746f,0.000010013547104297395f,-0.4745574492585789f,0.0000065006444488630575f,0.000013541508739578354f,0.0000062156919862465094f,1.0765474147537075f,-0.000007764547287826676f,0.000008866665545343147f,-0.000011196415122021338f,-0.558101723453663f,0f,0f,0f,1f],start_interpolation:0}
execute if entity @s[tag=aj.labyria.bone.omega_blade] run data modify entity @s {} merge value {transformation:[-1.4034252035465993f,0.166472311244101f,1.1050872559996063f,-0.4745574492585789f,0.7174060561556825f,1.4944303531256342f,0.6859589244127149f,1.0765474147537075f,-0.8568893886464243f,0.9785183007891809f,-1.2356276487596567f,-0.558101723453663f,0f,0f,0f,1f],start_interpolation:0}
execute if entity @s[tag=aj.labyria.bone.arm_right_2] run data modify entity @s {} merge value {transformation:[-0.522820054098917f,-0.5919936494186969f,0.6133536582428919f,-0.30675985577516485f,-0.7596818233519426f,0.6499810163778028f,-0.020204099018432897f,1.303847570005109f,-0.38670753587261975f,-0.4765167335953813f,-0.7895499251490781f,-0.43356637764226835f,0f,0f,0f,1f],start_interpolation:0}
execute if entity @s[tag=aj.labyria.bone.arm_right_1] run data modify entity @s {} merge value {transformation:[-0.17970921714106375f,-0.5919936494186969f,0.7856513961818428f,-0.2452895093445836f,-0.6828262762690546f,0.6499810163778028f,0.3335760105058749f,1.5514648438997933f,-0.7081333728268164f,-0.4765167335953813f,-0.5210363988173046f,-0.17217687363786258f,0f,0f,0f,1f],start_interpolation:0}
execute if entity @s[tag=aj.labyria.bone.arm_left_2] run data modify entity @s {} merge value {transformation:[-0.11832666298086958f,0.7106712177816575f,0.6935021420619749f,0.3969452761181838f,0.7723930934327042f,0.5047820926844409f,-0.3854918262720684f,1.2148472804205848f,-0.6240254081728319f,0.49004230340028054f,-0.6086467208758114f,0.27590505171723784f,0f,0f,0f,1f],start_interpolation:0}
execute if entity @s[tag=aj.labyria.bone.arm_left_1] run data modify entity @s {} merge value {transformation:[-0.44721856309464636f,0.7106712177816575f,0.5430856074692973f,0.22695727089322715f,0.8618457581702799f,0.5047820926844409f,0.049162262244655454f,1.5351485195599563f,-0.23920168466684213f,0.49004230340028054f,-0.8382368966650728f,0.1924903203418786f,0f,0f,0f,1f],start_interpolation:0}
execute if entity @s[tag=aj.labyria.bone.himo_right_2] run data modify entity @s {} merge value {transformation:[-0.7896429521588952f,0.21730965705392782f,0.5737948423059317f,-0.2911453341621586f,0.04444382424405402f,0.9529808033451678f,-0.2997537905384394f,1.2263812066444482f,-0.6119548631985436f,-0.21119683095800293f,-0.762172647108874f,0.10154153398062904f,0f,0f,0f,1f],start_interpolation:0}
execute if entity @s[tag=aj.labyria.bone.himo_right_1] run data modify entity @s {} merge value {transformation:[-0.7906990446057404f,0.13448717945637562f,0.5972505499549063f,-0.26219617207687f,0.03688636648621052f,0.9842659283957902f,-0.1728003997872068f,1.4098510657199887f,-0.6110928054125775f,-0.11460270834950693f,-0.7832188726096578f,0.07515840821128614f,0f,0f,0f,1f],start_interpolation:0}
execute if entity @s[tag=aj.labyria.bone.himo_left_2] run data modify entity @s {} merge value {transformation:[-0.7896429521588952f,0.21730965705392782f,0.5737948423059317f,-0.04395908103151208f,0.04444382424405402f,0.9529808033451678f,-0.2997537905384394f,1.21659692521754f,-0.6119548631985436f,-0.21119683095800293f,-0.762172647108874f,0.2924851751425986f,0f,0f,0f,1f],start_interpolation:0}
execute if entity @s[tag=aj.labyria.bone.himo_left_1] run data modify entity @s {} merge value {transformation:[-0.7906990446057404f,0.13448717945637562f,0.5972505499549063f,-0.015009918946223503f,0.03688636648621052f,0.9842659283957902f,-0.1728003997872068f,1.4000667842930805f,-0.6110928054125775f,-0.11460270834950693f,-0.7832188726096578f,0.2661020493732557f,0f,0f,0f,1f],start_interpolation:0}
execute if entity @s[tag=aj.labyria.bone.ribbon_left_himo_1] run data modify entity @s {} merge value {transformation:[-0.9998830065831241f,-0.012475440371850936f,0.008850792835713106f,0.28993292895079564f,-0.012019679473166133f,0.998686797774135f,0.04980167925890179f,1.8134331519802303f,-0.009460467834872921f,0.04968946909731041f,-0.9987199087878306f,0.09014229109130473f,0f,0f,0f,1f],start_interpolation:0}
execute if entity @s[tag=aj.labyria.bone.ribbon_left_himo_2] run data modify entity @s {} merge value {transformation:[-0.9998830065831241f,-0.012475440371850936f,0.008850792835713106f,0.2911084248742888f,-0.012019679473166133f,0.998686797774135f,0.04980167925890179f,1.820047437506803f,-0.009460467834872921f,0.04968946909731041f,-0.9987199087878306f,-0.04250019679457903f,0f,0f,0f,1f],start_interpolation:0}
execute if entity @s[tag=aj.labyria.bone.ribbon_left] run data modify entity @s {} merge value {transformation:[-0.9998830065831241f,-0.012475440371850936f,0.008850792835713106f,0.28865565396648774f,-0.012019679473166133f,0.998686797774135f,0.04980167925890179f,1.923510380810564f,-0.009460467834872921f,0.04968946909731041f,-0.9987199087878306f,0.029128664031119078f,0f,0f,0f,1f],start_interpolation:0}
execute if entity @s[tag=aj.labyria.bone.ribbon_right_himo_1] run data modify entity @s {} merge value {transformation:[-0.9998830065831241f,-0.012475440371850936f,0.008850792835713106f,-0.31105925069357354f,-0.012019679473166133f,0.998686797774135f,0.04980167925890179f,1.8062085733868902f,-0.009460467834872921f,0.04968946909731041f,-0.9987199087878306f,0.08445595864330643f,0f,0f,0f,1f],start_interpolation:0}
execute if entity @s[tag=aj.labyria.bone.ribbon_right_himo_2] run data modify entity @s {} merge value {transformation:[-0.9998830065831241f,-0.012475440371850936f,0.008850792835713106f,-0.30988375477008034f,-0.012019679473166133f,0.998686797774135f,0.04980167925890179f,1.812822858913463f,-0.009460467834872921f,0.04968946909731041f,-0.9987199087878306f,-0.04818652924257734f,0f,0f,0f,1f],start_interpolation:0}
execute if entity @s[tag=aj.labyria.bone.ribbon_right] run data modify entity @s {} merge value {transformation:[-0.9998830065831241f,-0.012475440371850936f,0.008850792835713106f,-0.31127414998338676f,-0.012019679473166133f,0.998686797774135f,0.04980167925890179f,1.9162985731266642f,-0.009460467834872921f,0.04968946909731041f,-0.9987199087878306f,0.023452383330195323f,0f,0f,0f,1f],start_interpolation:0}
execute if entity @s[tag=aj.labyria.bone.crown] run data modify entity @s {} merge value {transformation:[-0.9788819664119693f,0.20423456930602008f,0.008850792835713106f,0.15374166109407542f,0.20442061987880047f,0.9776154678151122f,0.04980167925890179f,2.203712543970885f,0.0015185525355381636f,0.050559250281467204f,-0.9987199087878306f,0.058753904496905915f,0f,0f,0f,1f],start_interpolation:0}
execute if entity @s[tag=aj.labyria.bone.ear_edge_a1] run data modify entity @s {} merge value {transformation:[-0.9895243764020749f,0.14409431623858165f,0.008850792835713106f,0.1804202234343004f,0.14435733767920117f,0.9882715981961472f,0.04980167925890179f,2.201310102799871f,-0.0015708482607084732f,0.05055765250255455f,-0.9987199087878306f,0.04202209207465128f,0f,0f,0f,1f],start_interpolation:0}
execute if entity @s[tag=aj.labyria.bone.ear_edge_a2] run data modify entity @s {} merge value {transformation:[-0.9998830065831242f,-0.012475440371850943f,0.008850792835713106f,0.0651229675678984f,-0.01201967947316615f,0.9986867977741352f,0.04980167925890179f,2.2099897649896496f,-0.009460467834872921f,0.04968946909731041f,-0.9987199087878306f,0.04143312777287555f,0f,0f,0f,1f],start_interpolation:0}
execute if entity @s[tag=aj.labyria.bone.ear_edge_b1] run data modify entity @s {} merge value {transformation:[-0.9732002902467983f,0.22978872585426646f,0.008850792835713106f,0.04284298834889083f,0.22994155960386037f,0.9719293554111526f,0.04980167925890179f,2.2054072752599643f,0.0028415190466137188f,0.05050217381791563f,-0.9987199087878306f,0.04100717134561982f,0f,0f,0f,1f],start_interpolation:0}
execute if entity @s[tag=aj.labyria.bone.ear_edge_b2] run data modify entity @s {} merge value {transformation:[-0.9965770991042865f,-0.08219336352203133f,0.008850792835713106f,0.07182223653468946f,-0.08165526952561251f,0.9954155964729976f,0.04980167925890179f,2.2157451820422778f,-0.01290358475715468f,0.04890849917184289f,-0.9987199087878306f,0.04177949442962102f,0f,0f,0f,1f],start_interpolation:0}
execute if entity @s[tag=aj.labyria.bone.ear_right_2] run data modify entity @s {} merge value {transformation:[-0.997165456141855f,0.07471757854471615f,0.008850792835713106f,0.12857126074600492f,0.07506734866835475f,0.9959340770888893f,0.04980167925890179f,2.322595699499592f,-0.005093745312655003f,0.05032491976662294f,-0.9987199087878306f,0.016320513668057424f,0f,0f,0f,1f],start_interpolation:0}
execute if entity @s[tag=aj.labyria.bone.ear_right_1] run data modify entity @s {} merge value {transformation:[-0.997165456141855f,0.07471757854471615f,0.008850792835713106f,0.11175980557344381f,0.07506734866835475f,0.9959340770888893f,0.04980167925890179f,2.0985105321545925f,-0.005093745312655003f,0.05032491976662294f,-0.9987199087878306f,0.004997406720567281f,0f,0f,0f,1f],start_interpolation:0}
execute if entity @s[tag=aj.labyria.bone.ear_edge_a3] run data modify entity @s {} merge value {transformation:[-0.9856211987206512f,-0.1687380102367157f,0.008850792835713106f,-0.21001064093617286f,-0.16810073222587493f,0.9845110139394675f,0.04980167925890179f,2.1966166998564596f,-0.01711713929345015f,0.047597766052997224f,-0.9987199087878306f,0.038328001256225694f,0f,0f,0f,1f],start_interpolation:0}
execute if entity @s[tag=aj.labyria.bone.ear_edge_a4] run data modify entity @s {} merge value {transformation:[-0.9998830065831242f,-0.012475440371850943f,0.008850792835713106f,-0.09496482464510446f,-0.012019679473166123f,0.998686797774135f,0.04980167925890179f,2.208065335894147f,-0.009460467834872923f,0.04968946909731041f,-0.9987199087878306f,0.039918445155993784f,0f,0f,0f,1f],start_interpolation:0}
execute if entity @s[tag=aj.labyria.bone.ear_edge_b3] run data modify entity @s {} merge value {transformation:[-0.9671641258804007f,-0.25399845880670247f,0.008850792835713106f,-0.07257706548104936f,-0.2532668468519012f,0.966113708125855f,0.04980167925890179f,2.2040198008827847f,-0.02120042206411117f,0.04592478519417134f,-0.9987199087878306f,0.03991511587556151f,0f,0f,0f,1f],start_interpolation:0}
execute if entity @s[tag=aj.labyria.bone.ear_edge_b4] run data modify entity @s {} merge value {transformation:[-0.9983175845617773f,0.0573032618697942f,0.008850792835713106f,-0.10180585187793406f,0.05767446924945953f,0.997092497384163f,0.04980167925890179f,2.213657983883575f,-0.005971260464262563f,0.050228356924103795f,-0.9987199087878306f,0.04013669928774605f,0f,0f,0f,1f],start_interpolation:0}
execute if entity @s[tag=aj.labyria.bone.ear_left_2] run data modify entity @s {} merge value {transformation:[-0.9949908435984294f,-0.0995735136543114f,0.008850792835713106f,-0.16061498664455726f,-0.09901523059621532f,0.993838908904744f,0.04980167925890179f,2.319119366789868f,-0.013755190484480796f,0.04867585156484558f,-0.9987199087878306f,0.013584356363939289f,0f,0f,0f,1f],start_interpolation:0}
execute if entity @s[tag=aj.labyria.bone.ear_left_1] run data modify entity @s {} merge value {transformation:[-0.9949908435984294f,-0.0995735136543114f,0.008850792835713106f,-0.13821094607233722f,-0.09901523059621532f,0.993838908904744f,0.04980167925890179f,2.095505612286301f,-0.013755190484480796f,0.04867585156484558f,-0.9987199087878306f,0.0026322897618490503f,0f,0f,0f,1f],start_interpolation:0}
execute if entity @s[tag=aj.labyria.bone.head] run data modify entity @s {} merge value {transformation:[-0.9998830065831241f,-0.012475440371850936f,0.008850792835713106f,-0.0071084943349891405f,-0.012019679473166133f,0.998686797774135f,0.04980167925890179f,1.5836247858843615f,-0.009460467834872921f,0.04968946909731041f,-0.9987199087878306f,0.009558992478456279f,0f,0f,0f,1f],start_interpolation:0}
execute if entity @s[tag=aj.labyria.bone.back_musket] run data modify entity @s {} merge value {transformation:[0.997574613464146f,0.9270293798243989f,0.8877601366018018f,0.047280411288187926f,-0.2062762806328604f,1.2255274652149655f,-1.047945212631393f,1.524823487609277f,-1.2668668545846218f,0.530429638662068f,0.8696835124392637f,-0.22574126828198982f,0f,0f,0f,1f],start_interpolation:0}
execute if entity @s[tag=aj.labyria.bone.body_1] run data modify entity @s {} merge value {transformation:[-0.7909960100180689f,0.050962845589822385f,0.6096950881423295f,-0.026219561431172534f,0.0313097005661065f,0.9985908149718015f,-0.04284958464692984f,1.209153230269936f,-0.6110196517183025f,-0.014804479840290777f,-0.7914769817188005f,0.01511067241856532f,0f,0f,0f,1f],start_interpolation:0}
execute if entity @s[tag=aj.labyria.bone.belt2] run data modify entity @s {} merge value {transformation:[-0.532236497562529f,0.33035060677941025f,0.7794823841902057f,-0.11623665233422409f,0.05427225408865671f,0.9321456728801187f,-0.3579929705552989f,0.5216431592727842f,-0.8448543265548849f,-0.14823265878795516f,-0.514050820221255f,0.44158396233271696f,0f,0f,0f,1f],start_interpolation:0}
execute if entity @s[tag=aj.labyria.bone.leg_left_2] run data modify entity @s {} merge value {transformation:[-0.8196179845730847f,0.1904474526724977f,0.5403296467295788f,-0.06537439345266488f,0.07128388771418961f,0.9697025314927237f,-0.23365703021512962f,0.6051141733748394f,-0.568458412477734f,-0.15299270632013792f,-0.8083614693292439f,0.2577754700574966f,0f,0f,0f,1f],start_interpolation:0}
execute if entity @s[tag=aj.labyria.bone.leg_left_1] run data modify entity @s {} merge value {transformation:[-0.8196179845730847f,0.36570885134521197f,0.44100271587839507f,0.07389883931381755f,0.07128388771418961f,0.8288744615353653f,-0.554874521280991f,0.9060083696522956f,-0.568458412477734f,-0.42334874874295286f,-0.7054295643230941f,0.09469944512949902f,0f,0f,0f,1f],start_interpolation:0}
execute if entity @s[tag=aj.labyria.bone.belt] run data modify entity @s {} merge value {transformation:[-0.9158386098623651f,0.40072059857515874f,-0.02574184459080403f,-0.32703401741129795f,0.3454917769540476f,0.753699489851397f,-0.5590818464723017f,0.8349481365512333f,-0.204633997034963f,-0.5209223367022289f,-0.8287127647032984f,0.08778507410508885f,0f,0f,0f,1f],start_interpolation:0}
execute if entity @s[tag=aj.labyria.bone.leg_right_2] run data modify entity @s {} merge value {transformation:[-0.8043787976666936f,-0.1534648337345511f,0.5739540875985735f,-0.2797302261307305f,0.20038064867339325f,0.8393794891111792f,0.5052619804583417f,0.710192381805958f,-0.5593052346451932f,0.5214313167295209f,-0.64442768130505f,0.09797842440813156f,0f,0f,0f,1f],start_interpolation:0}
execute if entity @s[tag=aj.labyria.bone.leg_right_1] run data modify entity @s {} merge value {transformation:[-0.8043787976666936f,0.4733467441315488f,0.35905098479790654f,-0.10014078638222547f,0.20038064867339325f,0.7850817782519717f,-0.5860837799273685f,0.920776908608977f,-0.5593052346451932f,-0.39948649698930255f,-0.7263526644968691f,-0.08485711368948767f,0f,0f,0f,1f],start_interpolation:0}
execute if entity @s[tag=aj.labyria.bone.skirt_forward_right] run data modify entity @s {} merge value {transformation:[-0.6972049279055889f,0.38699527842751125f,0.6034400906295303f,-0.012064784320951935f,0.16380264152038865f,0.9055002946300518f,-0.3914561419314207f,1.119239083771849f,-0.6979068584955342f,-0.1740800703690763f,-0.6947101164983791f,0.0202514956853706f,0f,0f,0f,1f],start_interpolation:0}
execute if entity @s[tag=aj.labyria.bone.skirt_forward_left] run data modify entity @s {} merge value {transformation:[-0.7693909274409435f,0.20951767894998505f,0.6034400906295303f,-0.012064784320951935f,-0.05691775579633095f,0.9184347870258817f,-0.3914561419314207f,1.119239083771849f,-0.6362373533883986f,-0.3355292598092368f,-0.6947101164983791f,0.0202514956853706f,0f,0f,0f,1f],start_interpolation:0}
execute if entity @s[tag=aj.labyria.bone.skirt_forward] run data modify entity @s {} merge value {transformation:[-0.7386477004018783f,0.30043240789242637f,0.6034400906295303f,-0.012064784320951935f,0.05383233203610693f,0.9186207971582844f,-0.3914561419314207f,1.119239083771849f,-0.6719387283961026f,-0.2566635917231678f,-0.6947101164983791f,0.0202514956853706f,0f,0f,0f,1f],start_interpolation:0}
execute if entity @s[tag=aj.labyria.bone.skirt_back_right] run data modify entity @s {} merge value {transformation:[-0.7272440043928426f,0.13876572605393073f,0.6722054978556696f,-0.012064784320951935f,0.17339026488184692f,0.9847281449386697f,-0.015693839869500542f,1.119239083771849f,-0.6641174400050536f,0.10514063837723267f,-0.7401982653605464f,0.0202514956853706f,0f,0f,0f,1f],start_interpolation:0}
execute if entity @s[tag=aj.labyria.bone.skirt_back_left] run data modify entity @s {} merge value {transformation:[-0.7393518509536897f,-0.038711873423595514f,0.6722054978556696f,-0.012064784320951935f,-0.0665053791577892f,0.9976626373344996f,-0.015693839869500542f,1.119239083771849f,-0.6700267718788793f,-0.05630855106292782f,-0.7401982653605464f,0.0202514956853706f,0f,0f,0f,1f],start_interpolation:0}
execute if entity @s[tag=aj.labyria.bone.skirt_back] run data modify entity @s {} merge value {transformation:[-0.7386477004018783f,0.050391897599003574f,0.6722054978556696f,-0.012064784320951935f,0.05383233203610693f,0.9984266540000346f,-0.015693839869500542f,1.119239083771849f,-0.6719387283961026f,0.02459417082698105f,-0.7401982653605464f,0.0202514956853706f,0f,0f,0f,1f],start_interpolation:0}
execute if entity @s[tag=aj.labyria.bone.skirt_right] run data modify entity @s {} merge value {transformation:[-0.7146236698330007f,0.23682533121995367f,0.6581996452498083f,-0.14922206580313288f,0.18522135663354714f,0.9714230469176939f,-0.1484261195476471f,1.1613228295135278f,-0.674541369792278f,0.015843812978677686f,-0.7380670118824266f,-0.1104131312446732f,0f,0f,0f,1f],start_interpolation:0}
execute if entity @s[tag=aj.labyria.bone.skirt_left] run data modify entity @s {} merge value {transformation:[-0.7492659464050635f,0.04489721512143574f,0.660745625511107f,0.1355602407925932f,-0.07196536749852633f,0.9862718499903046f,-0.14862309308281882f,1.1429402638473327f,-0.658347573427993f,-0.15890902425929657f,-0.7357488665097838f,0.1482140625682472f,0f,0f,0f,1f],start_interpolation:0}
execute if entity @s[tag=aj.labyria.bone.coat_downer] run data modify entity @s {} merge value {transformation:[-0.7386477004018783f,0.15378234463365326f,0.6563159034870277f,-0.030039351205622233f,0.05383233203610693f,0.9839774630377222f,-0.16997185726290873f,0.9832707930072713f,-0.6719387283961026f,-0.09021830586319265f,-0.7350911525576975f,0.029117456328063236f,0f,0f,0f,1f],start_interpolation:0}
execute if entity @s[tag=aj.labyria.bone.body_2] run data modify entity @s {} merge value {transformation:[-0.7386477004018783f,0.13078356987481785f,0.6612830200011306f,-1.7513106997084042e-18f,0.05383233203610693f,0.9893099828254857f,-0.1355279967733298f,1.2105029296875f,-0.6719387283961026f,-0.06450903605415284f,-0.7377919283570352f,0.014300537109375004f,0f,0f,0f,1f],start_interpolation:0}
execute if entity @s[tag=aj.labyria.bone.sphere] run data modify entity @s {} merge value {transformation:[-0.99780146829205f,0f,0.06627390039999986f,0.8054072328442353f,0f,1f,0f,2.1792529296875003f,-0.06627390039999986f,0f,-0.99780146829205f,-0.1720318714995791f,0f,0f,0f,1f],start_interpolation:0}